       BLOCK    VELOCITY ACTUAL_POFV    AVE_POFV       ERROR
           1   0.0699206   0.0169173   0.0169173           0
           1    0.209762   0.0947172   0.0947172           0
           1    0.349603    0.217674    0.217674           0
           1    0.489444    0.394462    0.394462           0
           1    0.629285    0.570522    0.570522           0
           1    0.769126    0.676727    0.676727           0
           1    0.908968    0.751845    0.751845           0
           1     1.04881    0.740059    0.740059           0
           1     1.18865    0.706754    0.706754           0
           1     1.32849    0.687288    0.687288           0
           1     1.46833     0.58393     0.58393           0
           1     1.60817     0.49398     0.49398           0
           1     1.74801    0.377644    0.377644           0
           1     1.88786     0.28104     0.28104           0
           1      2.0277     0.17606     0.17606           0
           1     2.16754    0.129181    0.129181           0
           1     2.30738   0.0878642   0.0878642           0
           1     2.44722   0.0591279   0.0591279           0
           1     2.58706   0.0477393   0.0477393           0
           1      2.7269   0.0240683   0.0240683           0
           1     2.86674   0.0141033   0.0141033           0
           1     3.00659   0.0117859   0.0117859           0
           1     3.14643   0.0062902   0.0062902           0
           1     3.28627  0.00119183  0.00119183           0
           1     3.42611           0           0           0
           1     3.56595           0           0           0
           1     3.70579           0           0           0
           1     3.84563           0           0           0
           1     3.98547           0           0           0
           1     4.12531           0           0           0
           2   0.0699206   0.0102961   0.0136067  0.00234097
           2    0.209762   0.0686625   0.0816899  0.00921172
           2    0.349603    0.182482    0.200078   0.0124423
           2    0.489444    0.342717    0.368589   0.0182947
           2    0.629285    0.513082    0.541802   0.0203079
           2    0.769126    0.634649    0.655688   0.0148769
           2    0.908968    0.756314     0.75408  0.00158016
           2     1.04881    0.802034    0.771047   0.0219115
           2     1.18865     0.75403    0.730392   0.0167145
           2     1.32849     0.70682    0.697054  0.00690587
           2     1.46833    0.567244    0.575587  0.00589925
           2     1.60817    0.531257    0.512619   0.0131797
           2     1.74801    0.433991    0.405818   0.0199217
           2     1.88786    0.319907    0.300473   0.0137415
           2      2.0277    0.226878    0.201469    0.017967
           2     2.16754    0.138881    0.134031  0.00342952
           2     2.30738   0.0718408   0.0798525  0.00566515
           2     2.44722   0.0434686   0.0512983   0.0055364
           2     2.58706   0.0196983   0.0337188  0.00991402
           2      2.7269   0.0151296    0.019599  0.00316031
           2     2.86674  0.00854144   0.0113224  0.00196642
           2     3.00659  0.00304578  0.00741582  0.00309008
           2     3.14643           0   0.0031451  0.00222392
           2     3.28627           0 0.000595914 0.000421375
           2     3.42611           0           0           0
           2     3.56595           0           0           0
           2     3.70579           0           0           0
           2     3.84563           0           0           0
           2     3.98547           0           0           0
           2     4.12531           0           0           0
           3   0.0699206  0.00549565    0.010903   0.0027035
           3    0.209762   0.0759128   0.0797642  0.00633923
           3    0.349603    0.213238    0.204465  0.00903507
           3    0.489444    0.357648    0.364942   0.0125548
           3    0.629285    0.495867     0.52649    0.018428
           3    0.769126    0.644282    0.651886   0.0103923
           3    0.908968     0.76916    0.759106  0.00423728
           3     1.04881    0.782336     0.77481   0.0149273
           3     1.18865    0.768862    0.743215   0.0152902
           3     1.32849    0.666993    0.687034  0.00938787
           3     1.46833    0.609951    0.587042    0.010146
           3     1.60817    0.496231    0.507156  0.00985366
           3     1.74801    0.396746    0.402794   0.0135086
           3     1.88786    0.298123     0.29969  0.00918331
           3      2.0277     0.21251    0.205149   0.0123492
           3     2.16754    0.151097     0.13972  0.00517708
           3     2.30738     0.08654   0.0820817  0.00419246
           3     2.44722    0.052308   0.0516349  0.00370115
           3     2.58706   0.0285046   0.0319807  0.00675998
           3      2.7269   0.0152289   0.0181423  0.00241941
           3     2.86674    0.013706   0.0121169  0.00146269
           3     3.00659  0.00658816  0.00713993  0.00207233
           3     3.14643   0.0036417  0.00331063  0.00148876
           3     3.28627           0 0.000397276 0.000324375
           3     3.42611           0           0           0
           3     3.56595           0           0           0
           3     3.70579           0           0           0
           3     3.84563           0           0           0
           3     3.98547           0           0           0
           3     4.12531           0           0           0
           4   0.0699206  0.00721718  0.00998156  0.00217901
           4    0.209762   0.0748534   0.0785365  0.00487186
           4    0.349603    0.190792    0.201047   0.0073947
           4    0.489444    0.357052     0.36297  0.00956978
           4    0.629285    0.519869    0.524835   0.0138952
           4    0.769126    0.632563    0.647055  0.00884604
           4    0.908968     0.71609    0.748352  0.00984055
           4     1.04881    0.796406    0.780209   0.0121327
           4     1.18865     0.81286    0.760626   0.0189438
           4     1.32849    0.687784    0.687221  0.00704278
           4     1.46833    0.597834     0.58974  0.00796021
           4     1.60817    0.517783    0.509813  0.00774013
           4     1.74801    0.399958    0.402085   0.0101501
           4     1.88786    0.309246    0.302079  0.00719156
           4      2.0277    0.218403    0.208462  0.00969619
           4     2.16754    0.121037    0.135049  0.00560697
           4     2.30738   0.0889567   0.0838004  0.00347887
           4     2.44722   0.0433031   0.0495519   0.0033105
           4     2.58706   0.0288025   0.0311862  0.00511647
           4      2.7269   0.0180098   0.0181092  0.00181478
           4     2.86674  0.00791242   0.0110658  0.00142551
           4     3.00659  0.00423761  0.00641435  0.00167647
           4     3.14643           0  0.00248298  0.00132684
           4     3.28627           0 0.000297957 0.000258038
           4     3.42611           0           0           0
           4     3.56595           0           0           0
           4     3.70579           0           0           0
           4     3.84563           0           0           0
           4     3.98547           0           0           0
           4     4.12531           0           0           0
           5   0.0699206    0.014004    0.010786  0.00188587
           5    0.209762   0.0901486   0.0808589  0.00441648
           5    0.349603    0.205425    0.201922  0.00596738
           5    0.489444    0.346789    0.359733  0.00818472
           5    0.629285    0.548407    0.529549    0.011889
           5    0.769126    0.745654    0.666775   0.0190047
           5    0.908968     0.77108    0.752898  0.00886028
           5     1.04881    0.760916     0.77635   0.0103014
           5     1.18865    0.746614    0.757824    0.015361
           5     1.32849    0.643819    0.678541  0.00959297
           5     1.46833    0.594987    0.590789  0.00643698
           5     1.60817      0.5007     0.50799  0.00640307
           5     1.74801    0.385292    0.398726  0.00865792
           5     1.88786    0.262533     0.29417  0.00911828
           5      2.0277    0.183906    0.203551  0.00891444
           5     2.16754    0.128022    0.133644  0.00465838
           5     2.30738   0.0954125   0.0861228  0.00347282
           5     2.44722   0.0453226    0.048706  0.00275434
           5     2.58706     0.02771   0.0304909  0.00414014
           5      2.7269   0.0245318   0.0193937  0.00185143
           5     2.86674   0.0153282   0.0119183  0.00137183
           5     3.00659  0.00738271  0.00660803  0.00135232
           5     3.14643  0.00423761   0.0028339   0.0011069
           5     3.28627  0.00168842  0.00057605 0.000323237
           5     3.42611   0.0010594 0.000211881 0.000189512
           5     3.56595           0           0           0
           5     3.70579           0           0           0
           5     3.84563           0           0           0
           5     3.98547           0           0           0
           5     4.12531           0           0           0
           6   0.0699206  0.00996501   0.0106492  0.00157652
           6    0.209762    0.085911   0.0817009   0.0037598
           6    0.349603    0.241014    0.208438  0.00775264
           6    0.489444    0.414922    0.368932   0.0108178
           6    0.629285    0.506957    0.525784   0.0104868
           6    0.769126    0.674873    0.668125   0.0158851
           6    0.908968    0.766346    0.755139  0.00766181
           6     1.04881    0.783197    0.777491  0.00864749
           6     1.18865    0.743072    0.755365   0.0129961
           6     1.32849    0.694141    0.681141  0.00833903
           6     1.46833    0.593762    0.591285  0.00538319
           6     1.60817    0.487689    0.504607  0.00616536
           6     1.74801    0.377313    0.395157  0.00791639
           6     1.88786    0.276206    0.291176  0.00807514
           6      2.0277     0.17447    0.198704  0.00864647
           6     2.16754    0.125043     0.13221  0.00409661
           6     2.30738   0.0904465   0.0868434  0.00296784
           6     2.44722   0.0344637   0.0463323  0.00315655
           6     2.58706   0.0299943   0.0304082  0.00345094
           6      2.7269   0.0167518   0.0189534  0.00159436
           6     2.86674  0.00585982   0.0109085  0.00146852
           6     3.00659   0.0036748  0.00611916  0.00121208
           6     3.14643    0.003112  0.00288025 0.000923391
           6     3.28627  0.00456867  0.00124149 0.000664502
           6     3.42611  0.00201949 0.000513148 0.000317137
           6     3.56595  0.00327753 0.000546255  0.00049866
           6     3.70579  0.00192017 0.000320028 0.000292144
           6     3.84563           0           0           0
           6     3.98547           0           0           0
           6     4.12531           0           0           0
           7   0.0699206    0.014633   0.0112183  0.00145039
           7    0.209762    0.108225     0.08549  0.00476361
           7    0.349603    0.216913    0.209648    0.006739
           7    0.489444     0.37973    0.370474  0.00938171
           7    0.629285    0.526358    0.525866  0.00898902
           7    0.769126     0.66461    0.667622   0.0136237
           7    0.908968    0.720559    0.750199  0.00800286
           7     1.04881    0.743734    0.772669  0.00865297
           7     1.18865    0.758367    0.755794   0.0111466
           7     1.32849    0.756546    0.691913     0.01227
           7     1.46833    0.608064    0.593682  0.00512011
           7     1.60817     0.47256    0.500029  0.00677437
           7     1.74801    0.354436     0.38934  0.00866307
           7     1.88786     0.32282    0.295696  0.00808852
           7      2.0277    0.200591    0.198974  0.00741547
           7     2.16754    0.133319    0.132369  0.00351444
           7     2.30738   0.0764425   0.0853576  0.00289199
           7     2.44722    0.048269    0.046609  0.00271771
           7     2.58706   0.0223799   0.0292613  0.00314276
           7      2.7269   0.0141033   0.0182605  0.00150966
           7     2.86674  0.00397276  0.00991771  0.00155753
           7     3.00659  0.00268161  0.00562808  0.00113405
           7     3.14643  0.00165532  0.00270526 0.000807889
           7     3.28627           0  0.00106413 0.000592769
           7     3.42611           0 0.000439841 0.000280176
           7     3.56595           0 0.000468218 0.000433486
           7     3.70579           0  0.00027431 0.000253961
           7     3.84563           0           0           0
           7     3.98547           0           0           0
           7     4.12531           0           0           0
           8   0.0699206   0.0100643   0.0110741  0.00127625
           8    0.209762   0.0825672   0.0851247  0.00418214
           8    0.349603    0.200062     0.20845  0.00600222
           8    0.489444    0.393303    0.373328  0.00863209
           8    0.629285    0.526358    0.525927   0.0078656
           8    0.769126    0.668285    0.667705    0.011921
           8    0.908968    0.744495    0.749486  0.00703419
           8     1.04881    0.786143    0.774353  0.00773353
           8     1.18865    0.731418    0.752747   0.0101612
           8     1.32849    0.740754    0.698018   0.0121606
           8     1.46833    0.637297    0.599134  0.00678816
           8     1.60817    0.458887    0.494886  0.00763398
           8     1.74801    0.353013    0.384799  0.00868916
           8     1.88786    0.282695    0.294071  0.00723888
           8      2.0277    0.209398    0.200277  0.00660201
           8     2.16754    0.140834    0.133427  0.00323053
           8     2.30738   0.0901155   0.0859523  0.00259092
           8     2.44722   0.0429389   0.0461502  0.00241641
           8     2.58706   0.0234062   0.0285294  0.00283386
           8      2.7269   0.0158579   0.0179602  0.00135049
           8     2.86674  0.00652195  0.00949324   0.0014195
           8     3.00659  0.00215191  0.00519356  0.00107231
           8     3.14643  0.00231744  0.00265678 0.000708356
           8     3.28627 0.000529701 0.000997328 0.000522424
           8     3.42611 0.000960084 0.000504872 0.000252588
           8     3.56595 0.000595914  0.00048418 0.000379594
           8     3.70579           0 0.000240021 0.000224519
           8     3.84563           0           0           0
           8     3.98547           0           0           0
           8     4.12531           0           0           0
           9   0.0699206  0.00996501   0.0109508  0.00114037
           9    0.209762   0.0714104   0.0836009  0.00398541
           9    0.349603    0.189964    0.206396  0.00567588
           9    0.489444    0.365593    0.372468  0.00771563
           9    0.629285    0.520597    0.525335  0.00701391
           9    0.769126    0.679806     0.66905    0.010672
           9    0.908968    0.743502    0.748821  0.00628396
           9     1.04881    0.797962    0.776976  0.00730561
           9     1.18865    0.744595    0.751841  0.00907243
           9     1.32849    0.716189    0.700037   0.0109758
           9     1.46833    0.608097     0.60013  0.00610654
           9     1.60817    0.511493    0.496731  0.00700522
           9     1.74801    0.409757    0.387572  0.00815421
           9     1.88786    0.274683    0.291917  0.00674749
           9      2.0277    0.215224    0.201938  0.00607377
           9     2.16754    0.119812    0.131914  0.00320627
           9     2.30738   0.0757142   0.0848148  0.00254053
           9     2.44722   0.0421775   0.0457088  0.00218787
           9     2.58706   0.0311862   0.0288246  0.00253431
           9      2.7269   0.0130439   0.0174139  0.00130625
           9     2.86674   0.0036417  0.00884307  0.00140279
           9     3.00659  0.00403897  0.00506527 0.000960809
           9     3.14643  0.00099319  0.00247194 0.000653322
           9     3.28627  0.00152289  0.00105572 0.000467629
           9     3.42611           0 0.000448775 0.000230668
           9     3.56595           0 0.000430382 0.000341208
           9     3.70579           0 0.000213352  0.00020115
           9     3.84563           0           0           0
           9     3.98547           0           0           0
           9     4.12531           0           0           0
          10   0.0699206   0.0151958   0.0113753  0.00110252
          10    0.209762   0.0941213   0.0846529  0.00372314
          10    0.349603    0.210258    0.206782  0.00512141
          10    0.489444    0.367149    0.371936  0.00696238
          10    0.629285    0.557047    0.528506  0.00699277
          10    0.769126    0.669443    0.669089  0.00960487
          10    0.908968    0.757572    0.749696  0.00571617
          10     1.04881    0.784852    0.777764  0.00661737
          10     1.18865    0.747773    0.751434  0.00817431
          10     1.32849    0.708608    0.700894  0.00991161
          10     1.46833    0.578964    0.598013  0.00585122
          10     1.60817    0.489146    0.495973  0.00634563
          10     1.74801    0.388966    0.387712  0.00733998
          10     1.88786    0.247172    0.287442  0.00740927
          10      2.0277    0.171888    0.198933  0.00616508
          10     2.16754    0.123983    0.131121  0.00298212
          10     2.30738   0.0836597   0.0846993   0.0022891
          10     2.44722   0.0505865   0.0461966  0.00202272
          10     2.58706   0.0333381   0.0292759  0.00232072
          10      2.7269   0.0286039   0.0185329  0.00158399
          10     2.86674   0.0220819    0.010167  0.00178083
          10     3.00659   0.0101968  0.00557842 0.000992343
          10     3.14643  0.00526391  0.00275114 0.000644893
          10     3.28627  0.00384034  0.00133419 0.000496905
          10     3.42611  0.00125804 0.000529701 0.000221343
          10     3.56595           0 0.000387344 0.000309789
          10     3.70579           0 0.000192017 0.000182163
          10     3.84563           0           0           0
          10     3.98547           0           0           0
          10     4.12531           0           0           0
          11   0.0699206   0.0123487   0.0114638  0.00100583
          11    0.209762   0.0845867   0.0846469  0.00338468
          11    0.349603    0.200393    0.206201  0.00468866
          11    0.489444    0.391416    0.373707  0.00655078
          11    0.629285    0.557743    0.531164  0.00684355
          11    0.769126    0.668616    0.669046   0.0087318
          11    0.908968    0.725261    0.747475  0.00561159
          11     1.04881    0.768365    0.776909   0.0060707
          11     1.18865    0.772139    0.753317  0.00764482
          11     1.32849    0.663981    0.697539  0.00956178
          11     1.46833    0.614288    0.599493  0.00550318
          11     1.60817    0.500899    0.496421  0.00578453
          11     1.74801    0.384298    0.387401  0.00667927
          11     1.88786    0.274584    0.286274  0.00682729
          11      2.0277    0.206848    0.199652  0.00564646
          11     2.16754    0.134048    0.131387  0.00272286
          11     2.30738   0.0815078   0.0844091   0.0020993
          11     2.44722   0.0477062   0.0463338  0.00184349
          11     2.58706   0.0235055   0.0287514  0.00216823
          11      2.7269   0.0171491   0.0184071  0.00144498
          11     2.86674  0.00615778  0.00980249  0.00165581
          11     3.00659  0.00427072  0.00545954 0.000909223
          11     3.14643  0.00211881  0.00269365 0.000588823
          11     3.28627  0.00148979  0.00134833 0.000451933
          11     3.42611 0.000827658 0.000556788 0.000202871
          11     3.56595 0.000728339 0.000418344 0.000283173
          11     3.70579 0.000860765 0.000252812 0.000175455
          11     3.84563    0.003112 0.000282909 0.000269743
          11     3.98547  0.00172153 0.000156503 0.000149219
          11     4.12531           0           0           0
          12   0.0699206  0.00946841   0.0112975 0.000935658
          12    0.209762   0.0716752   0.0835659  0.00327069
          12    0.349603    0.197711    0.205494  0.00435099
          12    0.489444    0.366918    0.373142  0.00602927
          12    0.629285    0.549797    0.532717    0.006447
          12    0.769126    0.698279    0.671482  0.00833704
          12    0.908968    0.756579    0.748234    0.005195
          12     1.04881    0.765948    0.775996  0.00563311
          12     1.18865    0.779257    0.755478  0.00730699
          12     1.32849    0.659379    0.694359  0.00927869
          12     1.46833    0.602469    0.599741  0.00505016
          12     1.60817    0.480009    0.495053  0.00546177
          12     1.74801    0.374333    0.386312   0.0062108
          12     1.88786    0.274154    0.285264  0.00633261
          12      2.0277    0.213933    0.200842  0.00529985
          12     2.16754    0.139179    0.132036  0.00257222
          12     2.30738   0.0824679   0.0842474  0.00193058
          12     2.44722   0.0594259   0.0474248  0.00198664
          12     2.58706   0.0359204   0.0293488  0.00206821
          12      2.7269    0.020857   0.0186113  0.00133891
          12     2.86674  0.00721718  0.00958704  0.00153178
          12     3.00659   0.0052308  0.00544048 0.000833654
          12     3.14643 0.000761446  0.00253264 0.000561339
          12     3.28627           0  0.00123597 0.000428012
          12     3.42611           0 0.000510389 0.000191198
          12     3.56595           0 0.000383482 0.000261713
          12     3.70579           0 0.000231744 0.000162093
          12     3.84563           0 0.000259333 0.000248292
          12     3.98547           0 0.000143461 0.000137353
          12     4.12531           0           0           0
          13   0.0699206     0.01556   0.0116254  0.00091934
          13    0.209762   0.0726353   0.0827251   0.0031253
          13    0.349603    0.168114    0.202618  0.00487467
          13    0.489444    0.347583    0.371176  0.00587728
          13    0.629285    0.482095    0.528823  0.00702939
          13    0.769126    0.618625    0.667416  0.00863043
          13    0.908968     0.73016    0.746843  0.00497793
          13     1.04881    0.810675    0.778664  0.00579712
          13     1.18865    0.816568    0.760178   0.0081165
          13     1.32849    0.694174    0.694344  0.00856495
          13     1.46833    0.627928    0.601909  0.00510598
          13     1.60817    0.500005    0.495434   0.0050549
          13     1.74801    0.403632    0.387645  0.00587421
          13     1.88786    0.269552    0.284055   0.0059597
          13      2.0277    0.221581    0.202438  0.00512664
          13     2.16754    0.140139     0.13266  0.00244871
          13     2.30738   0.0825341   0.0841156  0.00178657
          13     2.44722   0.0735954    0.049438   0.0026653
          13     2.58706   0.0334043   0.0296607   0.0019325
          13      2.7269   0.0173808   0.0185166  0.00123926
          13     2.86674  0.00999811  0.00961867  0.00141428
          13     3.00659  0.00893871  0.00570957 0.000811797
          13     3.14643  0.00387344  0.00263577 0.000527549
          13     3.28627  0.00221812  0.00131152 0.000401701
          13     3.42611           0 0.000471129 0.000180476
          13     3.56595           0 0.000353983 0.000243238
          13     3.70579           0 0.000213918 0.000150602
          13     3.84563           0 0.000239384 0.000229993
          13     3.98547           0 0.000132425  0.00012723
          13     4.12531           0           0           0
          14   0.0699206   0.0151627   0.0118781 0.000887714
          14    0.209762    0.082799   0.0827304  0.00290207
          14    0.349603    0.205359    0.202814  0.00453041
          14    0.489444    0.386086    0.372241  0.00555313
          14    0.629285    0.520101      0.5282  0.00655484
          14    0.769126    0.661498    0.666993  0.00802432
          14    0.908968    0.765352    0.748165  0.00479471
          14     1.04881    0.794585    0.779801  0.00549346
          14     1.18865    0.729895    0.758015  0.00781966
          14     1.32849    0.677223    0.693121     0.00804
          14     1.46833    0.607038    0.602275  0.00475439
          14     1.60817    0.486167    0.494772  0.00473698
          14     1.74801    0.411777    0.389368  0.00570192
          14     1.88786    0.299414    0.285152  0.00563408
          14      2.0277    0.210589     0.20302   0.0047934
          14     2.16754     0.13365     0.13273  0.00227482
          14     2.30738   0.0693578   0.0830614  0.00194524
          14     2.44722   0.0455874   0.0491629  0.00248907
          14     2.58706   0.0257236   0.0293795  0.00181481
          14      2.7269   0.0122493    0.018069  0.00122894
          14     2.86674   0.0057274  0.00934072  0.00134029
          14     3.00659  0.00400587  0.00558788 0.000762878
          14     3.14643  0.00162221  0.00256338 0.000494809
          14     3.28627           0  0.00121784 0.000383776
          14     3.42611           0 0.000437477 0.000170693
          14     3.56595           0 0.000328699 0.000227174
          14     3.70579           0 0.000198638 0.000140617
          14     3.84563           0 0.000222285   0.0002142
          14     3.98547           0 0.000122966 0.000118493
          14     4.12531           0           0           0
          15   0.0699206   0.0118852   0.0118786 0.000828533
          15    0.209762   0.0795214   0.0825164  0.00271647
          15    0.349603    0.184932    0.201622  0.00438243
          15    0.489444    0.318814    0.368679  0.00622119
          15    0.629285    0.501528    0.526422  0.00635445
          15    0.769126    0.642131    0.665336  0.00765864
          15    0.908968    0.745422    0.747983  0.00447855
          15     1.04881    0.837061    0.783618  0.00631577
          15     1.18865    0.855998    0.764547  0.00964836
          15     1.32849    0.709038    0.694183  0.00757371
          15     1.46833    0.557875    0.599315  0.00527906
          15     1.60817    0.487292    0.494273  0.00444735
          15     1.74801    0.378472    0.388642  0.00536787
          15     1.88786    0.302294    0.286295  0.00537312
          15      2.0277    0.216681    0.203931  0.00455954
          15     2.16754    0.137722    0.133063  0.00214737
          15     2.30738   0.0941213   0.0837988   0.0019503
          15     2.44722   0.0418464   0.0486751  0.00237044
          15     2.58706   0.0282066   0.0293013  0.00169551
          15      2.7269  0.00966705   0.0175088  0.00126825
          15     2.86674  0.00549565  0.00908438  0.00127522
          15     3.00659  0.00254919   0.0053853 0.000738427
          15     3.14643  0.00195327   0.0025227 0.000463491
          15     3.28627 0.000463489  0.00116755 0.000361471
          15     3.42611           0 0.000408312 0.000161786
          15     3.56595           0 0.000306785 0.000213083
          15     3.70579           0 0.000185396 0.000131865
          15     3.84563           0 0.000207466 0.000200432
          15     3.98547           0 0.000114769 0.000110877
          15     4.12531           0           0           0
          16   0.0699206    0.013706   0.0119928 0.000784583
          16    0.209762   0.0878642   0.0828507  0.00256717
          16    0.349603    0.221382    0.202857  0.00427901
          16    0.489444    0.352616    0.367675  0.00591281
          16    0.629285    0.468753    0.522817  0.00690424
          16    0.769126    0.629848    0.663118  0.00749427
          16    0.908968    0.754692    0.748402  0.00421823
          16     1.04881    0.787865    0.783884  0.00592661
          16     1.18865    0.789057    0.766079  0.00916614
          16     1.32849    0.663087    0.692239  0.00734547
          16     1.46833    0.619618    0.600584  0.00509934
          16     1.60817    0.513976    0.495505  0.00433652
          16     1.74801    0.378637    0.388017  0.00506867
          16     1.88786    0.285509    0.286246  0.00503753
          16      2.0277    0.199896    0.203678  0.00428154
          16     2.16754     0.13471    0.133166  0.00201562
          16     2.30738   0.0950814   0.0845039  0.00195173
          16     2.44722    0.059161   0.0493305  0.00231111
          16     2.58706   0.0404228   0.0299964  0.00172615
          16      2.7269   0.0269817   0.0181009  0.00131996
          16     2.86674   0.0138716  0.00938358  0.00123011
          16     3.00659  0.00658816  0.00546048 0.000696091
          16     3.14643  0.00443625   0.0026423 0.000449688
          16     3.28627 0.000960084  0.00115458 0.000339111
          16     3.42611   0.0010594 0.000449005 0.000156709
          16     3.56595  0.00119183 0.000362101 0.000206821
          16     3.70579           0 0.000173808 0.000124132
          16     3.84563           0   0.0001945 0.000188324
          16     3.98547           0 0.000107596 0.000104179
          16     4.12531           0           0           0
          17   0.0699206   0.0157586   0.0122143 0.000769068
          17    0.209762   0.0816071   0.0827775  0.00241721
          17    0.349603    0.192017    0.202219  0.00407454
          17    0.489444    0.377081    0.368228  0.00559083
          17    0.629285    0.524438    0.522913  0.00649877
          17    0.769126    0.659644    0.662914  0.00705622
          17    0.908968    0.765948    0.749434  0.00409443
          17     1.04881    0.803723    0.785051  0.00569172
          17     1.18865    0.744065    0.764784  0.00871794
          17     1.32849    0.718805    0.693802  0.00707766
          17     1.46833    0.588035    0.599846  0.00485252
          17     1.60817     0.49984     0.49576  0.00408892
          17     1.74801    0.382842    0.387712  0.00477964
          17     1.88786    0.254488    0.284378  0.00507577
          17      2.0277    0.191189    0.202944  0.00409223
          17     2.16754     0.15219    0.134285  0.00218573
          17     2.30738   0.0961739   0.0851904  0.00195392
          17     2.44722   0.0525729   0.0495212  0.00218302
          17     2.58706   0.0194665    0.029377  0.00173218
          17      2.7269   0.0202611    0.018228  0.00124842
          17     2.86674  0.00542944  0.00915098  0.00117954
          17     3.00659  0.00466799  0.00541386 0.000656704
          17     3.14643 0.000728339  0.00252971 0.000437102
          17     3.28627           0  0.00108667 0.000325894
          17     3.42611           0 0.000422593   0.0001497
          17     3.56595           0 0.000340801 0.000195749
          17     3.70579           0 0.000163584  0.00011725
          17     3.84563           0 0.000183059 0.000177593
          17     3.98547           0 0.000101266 9.82429e-05
          17     4.12531           0           0           0
          18   0.0699206  0.00996501   0.0120893 0.000736424
          18    0.209762    0.111999   0.0844009  0.00277502
          18    0.349603    0.215357    0.202949  0.00391299
          18    0.489444    0.373605    0.368527   0.0052882
          18    0.629285    0.523146    0.522926  0.00613774
          18    0.769126    0.675634     0.66362   0.0066995
          18    0.908968    0.805146    0.752529  0.00489907
          18     1.04881    0.765419     0.78396  0.00547902
          18     1.18865    0.765584    0.764828  0.00823372
          18     1.32849    0.661266    0.691994  0.00691142
          18     1.46833    0.611573    0.600498  0.00462647
          18     1.60817    0.483651    0.495087  0.00391671
          18     1.74801    0.358972    0.386116  0.00477335
          18     1.88786    0.262335    0.283153   0.0049393
          18      2.0277    0.193705    0.202431  0.00389693
          18     2.16754    0.136762    0.134423  0.00206863
          18     2.30738   0.0853481   0.0851992  0.00184539
          18     2.44722   0.0528708   0.0497073  0.00206966
          18     2.58706    0.026452   0.0292145  0.00164356
          18      2.7269   0.0135736   0.0179694  0.00120554
          18     2.86674  0.00721718  0.00904355  0.00111889
          18     3.00659   0.0052308  0.00540369 0.000620299
          18     3.14643  0.00337685  0.00257678 0.000415345
          18     3.28627  0.00148979  0.00110906 0.000308557
          18     3.42611  0.00129115 0.000470846 0.000148957
          18     3.56595           0 0.000321867 0.000185787
          18     3.70579           0 0.000154496 0.000111088
          18     3.84563           0 0.000172889 0.000168018
          18     3.98547           0 9.56405e-05 9.29459e-05
          18     4.12531           0           0           0
          19   0.0699206  0.00986569   0.0119723 0.000706903
          19    0.209762   0.0947172   0.0849439  0.00268156
          19    0.349603    0.205988    0.203109  0.00371031
          19    0.489444    0.398038     0.37008    0.005233
          19    0.629285    0.561649    0.524964  0.00614377
          19    0.769126    0.666861    0.663791  0.00634907
          19    0.908968    0.764359    0.753152  0.00468063
          19     1.04881    0.742079    0.781756  0.00561658
          19     1.18865    0.717381    0.762331  0.00817029
          19     1.32849    0.693247     0.69206  0.00654797
          19     1.46833    0.604058    0.600685  0.00438676
          19     1.60817    0.478089    0.494192  0.00381138
          19     1.74801    0.393469    0.386503  0.00453779
          19     1.88786    0.285741    0.283289  0.00468122
          19      2.0277     0.20804    0.202726    0.003703
          19     2.16754    0.126764     0.13402  0.00199864
          19     2.30738   0.0828652   0.0850763  0.00175234
          19     2.44722    0.054791   0.0499749  0.00197795
          19     2.58706   0.0242007   0.0289506  0.00157809
          19      2.7269   0.0155269   0.0178408  0.00114893
          19     2.86674   0.0129115  0.00924712  0.00107836
          19     3.00659  0.00556187  0.00541202 0.000587708
          19     3.14643  0.00122493  0.00250563 0.000399532
          19     3.28627  0.00115872  0.00111168 0.000292328
          19     3.42611 0.000430382 0.000468716 0.000141132
          19     3.56595 0.000761446 0.000345003 0.000177444
          19     3.70579  0.00119183 0.000209093 0.000117896
          19     3.84563           0 0.000163789 0.000159421
          19     3.98547           0 9.06068e-05 8.81902e-05
          19     4.12531           0           0           0
          20   0.0699206  0.00854144   0.0118008 0.000692059
          20    0.209762   0.0844874   0.0849211  0.00254758
          20    0.349603    0.211748    0.203541  0.00354985
          20    0.489444    0.409393    0.372046  0.00532775
          20    0.629285    0.530364    0.525234  0.00584251
          20    0.769126    0.683381     0.66477   0.0061067
          20    0.908968    0.716951    0.751342  0.00478379
          20     1.04881    0.775715    0.781454  0.00534386
          20     1.18865      0.8022    0.764324  0.00800126
          20     1.32849    0.692187    0.692067  0.00622058
          20     1.46833    0.566317    0.598967   0.0044914
          20     1.60817    0.484147     0.49369  0.00365375
          20     1.74801    0.356688    0.385012  0.00454918
          20     1.88786    0.264785    0.282364  0.00453767
          20      2.0277    0.195195    0.202349  0.00353694
          20     2.16754    0.148912    0.134764  0.00203269
          20     2.30738   0.0961408   0.0856295  0.00174988
          20     2.44722   0.0579361    0.050373  0.00191869
          20     2.58706   0.0386682   0.0294365  0.00157221
          20      2.7269    0.016487   0.0177731  0.00109347
          20     2.86674  0.00619089  0.00909431  0.00103522
          20     3.00659  0.00324442  0.00530364 0.000568228
          20     3.14643  0.00122493  0.00244159 0.000384653
          20     3.28627 6.62127e-05   0.0010594 0.000282347
          20     3.42611           0  0.00044528 0.000136008
          20     3.56595           0 0.000327753 0.000169408
          20     3.70579           0 0.000198638 0.000112464
          20     3.84563           0   0.0001556  0.00015166
          20     3.98547           0 8.60765e-05  8.3897e-05
          20     4.12531           0           0           0
