0	32.0559	36.6605
1	28.8614	34.0304
2	26.9216	31.3494
3	25.7871	29.1864
4	23.9762	27.7424
5	22.2483	26.1226
6	21.4925	24.9999
7	19.7078	23.8044
8	19.7078	22.8336
9	19.108	21.9328
10	18.373	21.1222
11	16.0959	20.1339
12	16.0959	18.9528
13	16.0664	17.5455
14	16.0294	17.6716
15	15.7796	17.202
16	14.8068	17.1114
17	14.7129	16.5522
18	14.656	16.4141
19	14.2365	15.9518
20	14.2361	15.7178
21	14.1347	15.5707
22	14.0774	15.517
23	13.8198	15.1536
24	13.5555	15.1378
25	12.43	15.0506
26	12.4296	14.391
27	12.4296	14.2838
28	12.0683	13.7259
29	11.9376	13.7404
30	11.9338	13.5265
31	11.9338	13.151
32	11.9338	13.2099
33	11.8457	13.5491
34	11.667	13.4611
35	11.667	12.8241
36	11.667	12.8401
37	11.2903	13.2161
38	11.2903	13.1548
39	11.2881	12.8635
40	10.5959	12.6414
41	10.5959	12.4931
42	10.2193	12.4865
43	10.2193	12.1088
44	10.2193	11.843
45	9.96858	11.3406
46	9.90447	11.5452
47	9.77509	11.6505
48	9.74714	11.2307
49	9.74714	11.1598
50	9.47103	11.7375
51	9.47103	11.0958
52	9.47103	11.5848
53	9.47103	11.4483
54	9.45222	11.4208
55	9.45222	11.0062
56	9.45222	10.9183
57	8.96976	11.0798
58	8.96976	10.6028
59	8.96976	10.5126
60	8.96976	10.0876
61	6.75293	10.1579
62	6.75293	10.1578
63	6.75293	9.0596
64	6.57401	9.26564
65	6.57401	8.65468
66	6.57401	8.68332
67	6.57401	8.78481
68	6.5242	8.10088
69	6.5242	7.95842
70	6.5242	8.25621
71	6.5242	7.9264
72	6.5242	8.19125
73	6.5242	8.34535
74	6.5242	8.49495
75	6.39453	8.69231
76	6.39453	8.52298
77	6.39453	8.34312
78	6.39453	8.36464
79	6.39453	8.44881
80	6.39453	7.76333
81	6.39453	7.68885
82	6.39453	7.55826
83	6.39453	8.32386
84	6.39453	8.04367
85	6.28033	8.52409
86	6.28033	8.20503
87	6.28033	8.21201
88	6.28033	7.48039
89	6.28033	7.72657
90	6.28033	8.35095
91	6.28033	8.3045
92	6.28033	8.05172
93	6.28033	7.8057
94	6.27683	7.98773
95	6.27683	7.42672
96	6.27683	7.98125
97	6.27683	7.28679
98	6.27683	7.44298
99	6.27683	7.55001
100	6.27683	7.95374
101	6.27683	8.01679
102	6.27683	8.46624
103	6.27683	8.04101
104	6.27683	7.59884
105	6.27683	7.36424
106	6.27683	7.72349
107	6.27683	8.15672
108	6.27683	8.38239
109	6.27683	8.29311
110	6.27683	8.26268
111	6.27683	8.54502
112	6.27683	7.96109
113	6.27683	8.15804
114	6.27683	8.12156
115	6.27683	7.73905
116	6.27683	7.86125
117	6.27683	7.65054
118	6.27683	8.30882
119	6.27683	8.46764
120	6.27683	8.04754
121	6.27683	8.06189
122	6.27683	8.54538
123	6.27683	8.20937
124	6.27683	7.73961
125	6.27683	8.0238
126	6.27683	7.76039
127	6.27683	7.14984
128	6.27683	7.57241
129	6.27683	7.40618
130	6.27683	7.71106
131	6.27683	7.84695
132	6.27683	8.05276
133	6.27683	7.88631
134	6.27683	7.63645
135	6.27683	8.0026
136	6.27683	7.8964
137	6.27683	7.79759
138	6.27683	8.47117
139	6.27683	8.78068
140	6.27683	8.76268
141	6.27683	8.06705
142	6.27683	8.11763
143	6.27683	8.28957
144	6.27683	8.14321
145	6.27683	8.13632
146	6.27683	8.19064
147	6.27683	8.12634
148	6.27683	7.94084
149	6.27683	7.71065
150	6.27683	7.98171
151	6.27683	8.03115
152	6.27683	8.01305
153	6.27683	7.90407
154	6.27683	7.77417
155	6.27683	7.52327
156	6.27683	7.98295
157	6.27683	7.8527
158	6.27683	7.46512
159	6.27683	7.52573
160	6.27683	7.52521
161	6.27683	8.08054
162	6.27683	8.09821
163	6.27683	7.59878
164	6.27683	7.9584
165	6.27683	8.00808
166	6.27683	7.6008
167	6.27683	8.36467
168	6.27683	7.74434
169	6.27683	7.65963
170	6.27683	7.69005
171	6.27683	7.66373
172	6.27683	7.44293
173	6.27683	7.49655
174	6.27683	7.65129
175	6.27683	7.25404
176	6.27683	7.68223
177	6.27683	7.34616
178	6.27683	7.30132
179	6.27683	8.25843
180	6.27683	8.40158
181	6.27683	7.73847
182	6.27683	7.55564
183	6.27683	8.46298
184	6.27683	8.06037
185	6.27683	8.49949
186	6.27683	8.24365
187	6.27683	8.32244
188	6.27683	7.9179
189	6.27683	7.64346
190	6.27683	7.57443
191	6.27683	7.60853
192	6.27683	7.76354
193	6.27683	7.57947
194	6.27683	7.74001
195	6.27683	7.81222
196	6.27683	7.73107
197	6.27683	7.66771
198	6.27683	7.961
199	6.27683	7.86825
200	6.27683	7.56666
201	6.27683	7.40795
202	6.27683	7.7399
203	6.27683	7.70566
204	6.27683	7.33438
205	6.27683	7.44118
206	6.27683	7.51429
207	6.27683	7.54112
208	6.27683	7.52226
209	6.27683	7.84347
210	6.27683	7.82341
211	6.27683	8.26986
212	6.27683	8.57674
213	6.27683	8.2902
214	6.27683	8.0785
215	6.27683	8.16384
216	6.27683	8.20203
217	6.27683	7.95004
218	6.27683	8.04776
219	6.27683	7.92459
220	6.27683	7.95123
221	6.27683	7.70513
222	6.27683	8.14521
223	6.27683	8.9317
224	6.27683	8.69702
225	6.27683	8.37775
226	6.27683	8.29299
227	6.27683	8.56119
228	6.27683	8.56075
229	6.27683	8.33296
230	6.27683	8.22551
231	6.27683	7.69527
232	6.27683	7.70092
233	6.27683	7.7344
234	6.27683	7.52133
235	6.27683	7.40485
236	6.27683	7.61564
237	6.27683	7.73083
238	6.27683	7.71849
239	6.27683	8.1422
240	6.27683	7.82187
241	6.27683	7.8588
242	6.27683	7.66669
243	6.27683	7.8812
244	6.27683	7.6303
245	6.27683	8.32265
246	6.27683	7.90296
247	6.27683	7.85151
248	6.27683	8.09968
249	6.27683	7.14987
250	6.27683	7.38258
251	6.27683	7.8518
252	6.27683	7.5909
253	6.27683	8.03055
254	6.27683	7.82723
255	6.27683	7.88972
256	6.27683	7.29023
257	6.27683	7.99017
258	6.27683	8.04812
259	6.27683	8.30454
260	6.27683	7.90822
261	6.27683	7.55447
262	6.27683	7.61365
263	6.27683	7.54462
264	6.27683	7.21104
265	6.27683	7.46063
266	6.27683	7.63228
267	6.27683	7.76816
268	6.27683	7.64807
269	6.27683	7.96657
270	6.27683	8.32051
271	6.27683	8.13705
272	6.27683	7.53384
273	6.27683	7.38232
274	6.27683	7.63812
275	6.27683	7.39121
276	6.27683	7.78203
277	6.27683	7.70722
278	6.27683	7.63306
279	6.27683	7.32577
280	6.27683	8.07866
281	6.27683	8.60103
282	6.27683	7.7879
283	6.27683	7.72204
284	6.27683	7.87874
285	6.27683	7.79991
286	6.27683	8.11246
287	6.27683	7.87419
288	6.27683	8.34586
289	6.27683	7.84271
290	6.27683	8.24492
291	6.27683	8.4742
292	6.27683	8.6183
293	6.27683	8.38974
294	6.27683	8.26333
295	6.27683	8.48371
296	6.27683	7.78217
297	6.27683	7.52759
298	6.27683	7.32788
299	6.27683	7.77205
300	6.24729	8.53046
301	6.24729	8.45411
302	6.24729	8.40242
303	6.24729	7.68155
304	6.24729	7.44645
305	6.24729	7.55908
306	6.24729	8.08278
307	6.24729	7.83722
308	6.24729	7.70156
309	6.24729	8.1783
310	6.24729	7.75192
311	6.24729	7.60607
312	6.24729	7.67415
313	6.24729	7.70142
314	6.24729	8.21174
315	6.24729	8.18754
316	6.24729	8.57178
317	6.24729	7.98744
318	6.24729	7.72809
319	6.24729	7.43332
320	6.24729	7.39464
321	6.24729	7.39741
322	6.24729	7.4074
323	6.24729	7.0362
324	6.24729	7.36699
325	6.24729	7.74604
326	6.24729	7.79047
327	6.24729	8.24545
328	6.24729	7.99422
329	6.24729	8.22873
330	6.24729	8.52988
331	6.24729	8.35737
332	6.24729	7.85298
333	6.24729	8.22151
334	6.24729	7.79494
335	6.24729	7.48835
336	6.24729	8.02811
337	6.24729	7.70166
338	6.24729	7.79005
339	6.24729	7.75693
340	6.24729	7.92149
341	6.24729	7.96698
342	6.24729	8.36924
343	6.24729	8.30237
344	6.24729	8.04917
345	6.24729	7.71506
346	6.24729	7.38312
347	6.24729	7.60559
348	6.24729	7.43982
349	6.24729	8.27508
350	6.24729	8.33857
351	6.24729	7.86158
352	6.24729	7.95379
353	6.24729	8.22889
354	6.24729	8.53492
355	6.24729	7.90024
356	6.24729	8.31009
357	6.24729	8.08966
358	6.24729	7.90376
359	6.24729	7.8792
360	6.24729	8.27332
361	6.24729	7.6315
362	6.24729	7.89865
363	6.24729	8.08016
364	6.24729	7.7667
365	6.24729	7.65782
366	6.24729	7.846
367	6.24729	7.56923
368	6.24729	7.56782
369	6.24729	7.85992
370	6.24729	7.63969
371	6.24729	7.65427
372	6.24729	7.49053
373	6.24729	8.39679
374	6.24729	8.29746
375	6.24729	8.15611
376	6.24729	8.04064
377	6.24729	7.86283
378	6.24729	8.01121
379	6.24729	8.51846
380	6.24729	7.63403
381	6.24729	8.24681
382	6.24729	7.96551
383	6.24729	7.59015
384	6.24729	7.79877
385	6.24729	7.72379
386	6.24729	7.40579
387	6.24729	7.56242
388	6.24729	7.51217
389	6.24729	7.93813
390	6.24729	7.86832
391	6.24729	7.49515
392	6.24729	7.77568
393	6.24729	7.5767
394	6.24729	7.61256
395	6.24729	8.06343
396	6.24729	8.05215
397	6.24729	8.22205
398	6.24729	7.61627
399	6.24729	8.23848
400	6.24729	7.89677
401	6.24729	8.0221
402	6.24729	8.06879
403	6.24729	8.54689
404	6.24729	8.611
405	6.24729	8.34004
406	6.24729	7.67845
407	6.24729	7.52181
408	6.24729	7.418
409	6.24729	6.87406
410	6.24729	7.01587
411	6.24729	7.48514
412	6.24729	7.90525
413	6.24729	7.67984
414	6.24729	8.05456
415	6.24729	8.21359
416	6.24729	7.87584
417	6.24729	7.99571
418	6.24729	7.71321
419	6.24729	7.71792
420	6.24729	7.70526
421	6.24729	8.02847
422	6.24729	8.09114
423	6.24729	8.18244
424	6.24729	8.51332
425	6.24729	8.3467
426	6.24729	8.17026
427	6.24729	7.89814
428	6.24729	8.00315
429	6.24729	8.11867
430	6.24729	7.78069
431	6.24729	7.86274
432	6.24729	7.63736
433	6.24729	7.83461
434	6.24729	7.82851
435	6.24729	7.75914
436	6.24729	8.37123
437	6.24729	8.14688
438	6.24729	7.74477
439	6.24729	7.75196
440	6.24729	7.98205
441	6.24729	7.94979
442	6.24729	7.61812
443	6.24729	7.3548
444	6.24729	7.6683
445	6.24729	7.44312
446	6.24729	7.7842
447	6.24729	7.92629
448	6.24729	7.96723
449	6.24729	7.63677
450	6.24729	7.31536
451	6.24729	7.55416
452	6.24729	7.35609
453	6.24729	8.021
454	6.24729	8.44597
455	6.24729	8.34161
456	6.24729	8.26364
457	6.24729	8.54303
458	6.24729	7.64729
459	6.24729	7.82142
460	6.24729	7.9754
461	6.24729	7.94659
462	6.24729	7.87842
463	6.24729	7.72076
464	6.24729	8.12703
465	6.24729	8.84881
466	6.24729	8.30248
467	6.24729	8.32107
468	6.24729	8.23217
469	6.24729	8.14722
470	6.24729	8.11296
471	6.24729	7.80909
472	6.24729	8.13446
473	6.24729	7.83536
474	6.24729	7.95714
475	6.24729	7.74725
476	6.24729	7.58708
477	6.24729	7.74808
478	6.24729	7.74164
479	6.24729	7.53572
480	6.24729	7.5178
481	6.24729	7.66098
482	6.24729	7.46031
483	6.24729	7.50984
484	6.24729	7.78382
485	6.24729	8.14554
486	6.24729	7.82925
487	6.24729	8.09604
488	6.24729	7.59073
489	6.24729	8.39672
490	6.24729	8.01701
491	6.24729	8.03654
492	6.24729	7.98961
493	6.24729	7.77326
494	6.24729	7.71262
495	6.24729	7.95182
496	6.24729	8.49407
497	6.24729	8.57721
498	6.24729	8.65016
499	6.24729	8.31391
500	6.24729	7.91532
501	6.24729	7.84708
502	6.24729	7.70197
503	6.24729	7.81715
504	6.24729	7.99967
505	6.24729	7.61375
506	6.24729	7.99136
507	6.24729	7.68132
508	6.24729	7.34499
509	6.24729	8.21948
510	6.24729	8.25596
511	6.24729	7.56498
512	6.24729	7.03862
513	6.24729	7.80221
514	6.24729	8.00583
515	6.24729	7.99521
516	6.24729	7.6542
517	6.24729	7.50132
518	6.24729	7.78821
519	6.24729	7.52016
520	6.24729	7.97153
521	6.24729	7.7987
522	6.24729	7.97097
523	6.24729	7.50862
524	6.24729	7.37277
525	6.24729	7.34474
526	6.24729	7.80179
527	6.24729	7.64682
528	6.24729	8.51522
529	6.24729	8.21455
530	6.24729	8.10281
531	6.24729	8.05864
532	6.24729	8.18391
533	6.24729	7.948
534	6.24729	8.18397
535	6.24729	7.97348
536	6.24729	7.71722
537	6.24729	7.7509
538	6.24729	8.33291
539	6.24729	7.67672
540	6.24729	7.67337
541	6.24729	7.23355
542	6.24729	7.30564
543	6.24729	7.33943
544	6.24729	7.44666
545	6.24729	7.41445
546	6.24729	7.9538
547	6.24729	7.5083
548	6.24729	7.49111
549	6.24729	7.97609
550	6.24729	7.93803
551	6.24729	7.44453
552	6.24729	7.18775
553	6.24729	7.81077
554	6.24729	8.08071
555	6.24729	8.35452
556	6.24729	7.9282
557	6.24729	7.8827
558	6.24729	8.03749
559	6.24729	8.17795
560	6.24729	7.6729
561	6.24729	7.52789
562	6.24729	7.76923
563	6.24729	8.02999
564	6.24729	7.40971
565	6.24729	7.5254
566	6.24729	7.59538
567	6.24729	8.0031
568	6.24729	7.71275
569	6.24729	7.94375
570	6.24729	8.20147
571	6.24729	8.51755
572	6.24729	8.03883
573	6.24729	7.71987
574	6.24729	7.45998
575	6.24729	7.85211
576	6.24729	7.96769
577	6.24729	8.38564
578	6.24729	8.35021
579	6.24729	8.12324
580	6.24729	8.01962
581	6.24729	7.73738
582	6.24729	8.24137
583	6.24729	7.53736
584	6.24729	8.03174
585	6.24729	8.6146
586	6.24729	8.22771
587	6.24729	7.62316
588	6.24729	7.83947
589	6.24729	7.71678
590	6.24729	8.10081
591	6.24729	7.57052
592	6.24729	7.24551
593	6.24729	7.58619
594	6.24729	7.26237
595	6.24729	7.26655
596	6.24729	7.56389
597	6.24729	7.61015
598	6.24729	7.67756
599	6.24729	7.6234
