0	27.5386	31.7184
1	24.2938	29.1144
2	22.9012	26.9827
3	21.3123	25.1878
4	20.3038	23.2162
5	19.9567	21.833
6	19.1727	21.2569
7	19.1727	20.5321
8	18.9623	19.8391
9	17.7926	19.8479
10	16.7833	19.3153
11	16.6155	18.6417
12	16.5465	18.1468
13	16.2842	17.6826
14	15.6652	17.9184
15	15.3726	17.2503
16	15.1869	16.935
17	15.117	16.7093
18	14.2598	16.5991
19	14.2598	15.9793
20	14.1968	15.6572
21	14.1968	15.6183
22	13.823	15.5614
23	13.6016	15.0425
24	13.341	15.0408
25	13.3348	14.9512
26	13.2893	14.5881
27	13.2893	14.4596
28	13.2893	14.3265
29	13.2893	14.308
30	13.2523	14.234
31	13.002	14.0782
32	12.6333	14.3241
33	12.6333	14.0027
34	12.6333	13.8096
35	12.5056	13.4084
36	12.5056	13.6902
37	12.5056	13.8718
38	12.5056	13.8063
39	12.5056	13.5303
40	12.4927	13.2676
41	12.2713	13.6129
42	12.2713	13.5178
43	12.2584	13.5951
44	11.9753	13.4
45	11.9088	13.5976
46	11.8354	13.7358
47	11.6677	13.3534
48	11.2517	12.9736
49	11.0703	12.9449
50	10.9459	12.5865
51	10.9459	12.3727
52	10.9459	11.986
53	10.9459	11.896
54	10.9459	12.0163
55	10.9009	11.9704
56	10.9009	12.143
57	10.9009	11.8933
58	10.9009	11.9869
59	10.9009	11.999
60	10.9009	11.8834
61	10.9009	11.857
62	10.9009	11.6381
63	10.9009	11.958
64	10.9009	11.8795
65	10.9009	12.0762
66	10.8578	11.9847
67	10.8578	11.7733
68	10.8578	11.8747
69	10.8578	12.1128
70	10.8578	11.9307
71	10.8578	12.1567
72	10.4514	11.7274
73	10.4514	11.9529
74	10.4514	11.9534
75	10.4514	11.9144
76	10.4514	11.3867
77	10.4232	11.2874
78	10.4232	11.3678
79	10.4232	11.5412
80	10.4232	11.4335
81	10.4232	11.7915
82	10.4232	11.5038
83	10.4232	11.5638
84	10.4232	11.0861
85	10.4232	11.3438
86	10.2127	11.1297
87	10.2127	11.253
88	10.2127	11.3688
89	10.2127	11.5082
90	10.2127	11.244
91	10.2127	11.3542
92	10.2127	11.3403
93	10.2127	11.4137
94	10.2127	11.3022
95	10.2127	11.3838
96	10.2127	11.2638
97	10.2127	11.6001
98	10.2127	11.0664
99	10.2127	11.3812
100	10.2127	11.1898
101	10.2127	11.18
102	10.2127	10.9228
103	10.2127	11.2152
104	10.2127	11.7412
105	10.2127	11.9745
106	10.2127	11.5963
107	10.2127	11.3318
108	10.2127	11.6319
109	10.2127	11.2951
110	10.2127	11.3837
111	10.2127	11.3244
112	10.2127	11.6701
113	10.2127	11.4311
114	10.2127	11.3268
115	10.2127	11.1277
116	10.2127	11.3428
117	10.2127	11.009
118	10.2127	10.7775
119	10.2127	11.0492
120	10.2127	10.8498
121	10.2127	10.9889
122	10.2127	11.6476
123	10.2127	11.4137
124	10.2127	11.2979
125	10.2127	11.5776
126	10.2127	11.4171
127	10.2127	11.742
128	10.2127	11.6086
129	10.2127	11.3857
130	10.2127	11.6113
131	10.2127	11.6737
132	10.2127	11.4474
133	10.2127	11.3302
134	9.99325	11.1815
135	9.99325	11.0834
136	9.99325	10.6485
137	9.99325	10.6742
138	9.99325	10.8478
139	9.99325	10.9086
140	9.99325	10.7805
141	9.81762	10.936
142	9.81762	10.8039
143	9.79991	11.0584
144	9.79991	11.0478
145	9.79991	10.8897
146	9.79991	11.1117
147	9.79991	10.9742
148	9.79991	10.674
149	9.79991	10.6034
150	9.79991	10.932
151	9.79991	10.9149
152	9.79991	10.9399
153	9.79991	10.7516
154	9.79991	10.8567
155	9.79991	10.8225
156	9.79991	10.9204
157	9.79991	10.5997
158	9.79991	10.7239
159	9.79991	10.4653
160	9.79991	10.6263
161	9.79991	10.8757
162	9.79991	11.2021
163	9.79991	10.6242
164	9.79991	10.4356
165	9.79991	10.629
166	9.79991	10.8169
167	9.79991	10.9852
168	9.79991	11.0204
169	9.79991	10.5341
170	9.79991	10.6334
171	9.79991	11.0641
172	9.79991	10.9368
173	9.79991	10.9021
174	9.79991	10.6487
175	9.79991	10.6211
176	9.39279	10.6197
177	9.35908	10.3135
178	9.35908	10.2737
179	9.35908	10.79
180	9.35908	10.4921
181	9.35908	10.6738
182	9.35908	10.3537
183	9.35908	10.8219
184	9.35908	11.0916
185	9.35908	10.5168
186	9.35908	10.2887
187	9.35908	10.709
188	9.35908	10.3666
189	9.35908	10.3945
190	9.35908	10.3499
191	9.2233	10.2473
192	9.2233	10.5229
193	9.2233	10.4943
194	9.2233	10.2987
195	9.2233	10.4911
196	9.2233	10.4754
197	9.2233	10.2558
198	9.2233	10.2926
199	9.2233	10.3349
200	9.2233	10.0696
201	9.2233	10.1837
202	9.2233	10.4682
203	9.2233	10.164
204	9.2233	9.94231
205	9.2233	10.5318
206	9.2233	10.1729
207	9.2233	10.3444
208	9.2233	10.3361
209	9.2233	10.1679
210	9.2233	10.4316
211	9.2233	10.412
212	9.2233	10.1596
213	9.2233	10.1734
214	9.2233	10.6324
215	9.2233	10.029
216	9.2233	10.0496
217	9.2233	10.0493
218	9.2233	10.151
219	9.2233	10.6563
220	9.2233	10.4227
221	9.2233	10.3839
222	9.2233	10.7572
223	9.2233	10.439
224	9.2233	10.5184
225	9.2233	10.7023
226	9.2233	10.6721
227	9.2233	10.1724
228	9.2233	10.2822
229	9.2233	10.5717
230	9.2233	9.91412
231	9.2233	10.0583
232	9.2233	10.1204
233	9.2233	10.1332
234	9.2233	10.4704
235	9.2233	10.7283
236	9.2233	10.5053
237	9.2233	10.0353
238	9.2233	10.4031
239	9.2233	10.0795
240	9.2233	10.4239
241	9.2233	10.4551
242	9.2233	10.2852
243	9.2233	10.7563
244	9.2233	10.4554
245	9.2233	10.4505
246	9.2233	10.42
247	9.2233	10.2944
248	9.2233	10.6906
249	9.2233	10.79
250	9.2233	10.7217
251	9.2233	10.3653
252	9.2233	10.4839
253	9.2233	10.356
254	9.2233	10.324
255	9.2233	10.0181
256	9.2233	10.3483
257	9.2233	10.3537
258	9.2233	10.0887
259	9.2233	10.2258
260	9.2233	10.1368
261	9.2233	10.1122
262	9.2233	10.5516
263	9.2233	10.4472
264	9.2233	10.1342
265	9.2233	10.115
266	9.2233	10.0867
267	9.2233	10.5109
268	9.2233	10.313
269	9.2233	9.87361
270	9.2233	9.91351
271	9.2233	10.0963
272	9.2233	9.7652
273	9.2233	9.94808
274	9.2233	9.91444
275	9.2233	9.96878
276	9.2233	10.5093
277	9.2233	10.2803
278	9.2233	9.83364
279	9.2233	10.2192
280	9.2233	10.3116
281	9.2233	10.2945
282	9.2233	10.3218
283	9.2233	10.341
284	9.2233	10.1078
285	9.2233	10.1033
286	9.2233	10.6558
287	9.2233	10.4572
288	9.2233	10.317
289	9.2233	10.1294
290	9.2233	10.0952
291	9.2233	9.7991
292	9.2233	9.77409
293	9.2233	10.0592
294	9.2233	10.4486
295	9.2233	10.3263
296	9.2233	10.2882
297	9.2233	10.3326
298	9.2233	10.2175
299	9.2233	9.92066
300	9.2233	9.95801
301	9.2233	10.454
302	9.2233	10.1611
303	9.2233	10.7498
304	9.2233	10.3904
305	9.2233	10.7432
306	9.2233	10.3952
307	9.2233	10.3055
308	9.2233	10.687
309	9.2233	10.3316
310	9.2233	10.06
311	9.2233	10.1618
312	9.2233	10.3464
313	9.2233	10.0933
314	9.2233	10.2625
315	9.2233	10.422
316	9.2233	10.1579
317	9.2233	10.2423
318	9.2233	10.0161
319	9.2233	10.309
320	9.2233	10.1551
321	9.2233	10.0174
322	9.2233	10.1627
323	9.2233	10.1092
324	9.2233	10.1073
325	9.2233	10.1903
326	9.2233	10.6131
327	9.2233	10.5071
328	9.2233	10.1511
329	9.2233	10.2629
330	9.2233	10.2997
331	9.2233	10.5034
332	9.2233	10.509
333	9.2233	10.6103
334	9.2233	10.0925
335	9.2233	10.3739
336	9.2233	10.387
337	9.2233	10.2534
338	9.2233	10.2033
339	9.2233	9.9672
340	9.2233	10.3271
341	9.2233	10.5962
342	9.2233	10.3202
343	9.2233	10.2353
344	9.2233	10.4957
345	9.2233	10.3457
346	9.2233	10.3565
347	9.2233	10.7368
348	9.2233	10.6832
349	9.2233	10.7583
350	9.2233	10.2602
351	9.2233	10.245
352	9.2233	10.6436
353	9.2233	10.4782
354	9.2233	10.3071
355	9.2233	10.2298
356	9.2233	10.7431
357	9.2233	10.6655
358	9.2233	10.3898
359	9.2233	10.6851
360	9.2233	10.5976
361	9.2233	10.666
362	9.2233	10.4172
363	9.2233	10.9578
364	9.2233	11.0873
365	9.2233	10.8496
366	9.2233	10.1365
367	9.2233	10.2298
368	9.2233	10.4539
369	9.2233	10.3692
370	9.2233	10.2679
371	9.2233	10.3447
372	9.2233	10.7727
373	9.2233	10.2749
374	9.2233	10.2886
375	9.2233	9.70815
376	9.2233	10.092
377	9.2233	10.2609
378	9.2233	10.2505
379	9.2233	10.4597
380	9.2233	10.499
381	9.2233	10.151
382	9.2233	10.1759
383	9.2233	9.96187
384	9.2233	9.91901
385	9.2233	10.134
386	9.2233	10.1682
387	9.2233	10.1985
388	9.2233	9.78443
389	9.2233	10.0916
390	9.2233	10.399
391	9.2233	10.0976
392	9.2233	10.0833
393	9.2233	10.1514
394	9.2233	10.0604
395	9.2233	10.1883
396	9.2233	9.99844
397	9.2233	10.2622
398	9.2233	10.2924
399	9.2233	10.3549
400	9.2233	10.1263
401	9.2233	9.97116
402	9.2233	10.1643
403	9.2233	10.1077
404	9.2233	10.2394
405	9.2233	10.44
406	9.2233	10.1913
407	9.2233	9.99906
408	9.2233	10.4216
409	9.2233	10.0727
410	9.2233	10.4741
411	9.2233	10.5428
412	9.2233	10.2984
413	9.2233	10.26
414	9.2233	10.2548
415	9.2233	10.3453
416	9.2233	10.5175
417	9.2233	10.2689
418	9.2233	10.5542
419	9.2233	10.4491
420	9.2233	10.3429
421	9.2233	10.374
422	9.2233	10.3347
423	9.2233	10.4398
424	9.2233	10.414
425	9.2233	10.3461
426	9.2233	10.6443
427	9.2233	10.4778
428	9.2233	10.0444
429	9.2233	10.3489
430	9.2233	10.4457
431	9.2233	10.421
432	9.2233	10.4886
433	9.2233	10.9234
434	9.2233	10.7723
435	9.2233	10.6709
436	9.2233	10.5248
437	9.2233	9.84206
438	9.2233	10.0838
439	9.2233	10.4299
440	9.2233	10.2048
441	9.2233	10.3745
442	9.2233	10.5067
443	9.2233	10.1891
444	9.2233	9.61728
445	9.2233	10.1776
446	9.2233	10.1494
447	9.2233	10.377
448	9.2233	10.3729
449	9.2233	10.2994
450	9.2233	10.2688
451	9.2233	10.5186
452	9.2233	10.1298
453	9.2233	10.1663
454	9.2233	9.91235
455	9.2233	10.0688
456	9.2233	10.0582
457	9.2233	10.3675
458	9.2233	10.1614
459	9.2233	10.0801
460	9.2233	10.0276
461	9.2233	9.96736
462	9.2233	10.2438
463	9.2233	10.2574
464	9.2233	10.5047
465	9.2233	10.1223
466	9.2233	10.7602
467	9.2233	10.4878
468	9.2233	10.5117
469	9.2233	10.194
470	9.2233	10.2502
471	9.2233	10.5132
472	9.2233	10.4389
473	9.2233	10.5804
474	9.2233	10.23
475	9.2233	10.2268
476	9.2233	9.71878
477	9.2233	10.4936
478	9.2233	10.3303
479	9.2233	10.6897
480	9.2233	10.5491
481	9.2233	10.3594
482	9.2233	9.95967
483	9.2233	10.2411
484	9.2233	10.2928
485	9.2233	10.3193
486	9.2233	10.5318
487	9.2233	10.3893
488	9.2233	10.1262
489	9.2233	10.055
490	9.2233	10.1797
491	9.2233	10.1571
492	9.2233	10.1095
493	9.2233	10.2641
494	9.2233	10.2053
495	9.2233	10.1546
496	9.2233	10.2357
497	9.2233	10.3957
498	9.2233	10.3739
499	9.2233	10.2703
500	9.2233	10.2256
501	9.2233	10.6266
502	9.2233	10.6055
503	9.2233	10.7127
504	9.2233	10.7312
505	9.2233	10.8124
506	9.2233	10.5233
507	9.2233	10.2149
508	9.2233	10.4648
509	9.2233	10.2771
510	9.2233	10.0102
511	9.2233	10.3601
512	9.2233	10.4314
513	9.2233	10.3161
514	9.2233	10.4524
515	9.2233	10.1869
516	9.2233	10.4105
517	9.2233	10.4073
518	9.2233	10.4545
519	9.2233	10.287
520	9.2233	10.2981
521	9.2233	10.1265
522	9.2233	10.0026
523	9.2233	9.98063
524	9.2233	10.1897
525	9.2233	10.2202
526	9.2233	10.1736
527	9.2233	10.7098
528	9.2233	10.3967
529	9.2233	10.5786
530	9.2233	10.4384
531	9.2233	10.3247
532	9.2233	10.4408
533	9.2233	10.2925
534	9.2233	10.0566
535	9.2233	10.2465
536	9.2233	10.2991
537	9.2233	9.9828
538	9.2233	10.3019
539	9.2233	10.0982
540	9.2233	10.1616
541	9.2233	10.0414
542	9.2233	10.0143
543	9.2233	10.3033
544	9.2233	10.3322
545	9.2233	9.74753
546	9.2233	10.0424
547	9.2233	9.80112
548	9.2233	10.2656
549	9.2233	10.253
550	9.2233	10.42
551	9.2233	10.2831
552	9.2233	10.522
553	9.2233	10.2444
554	9.2233	10.4074
555	9.2233	10.4879
556	9.2233	10.1266
557	9.2233	10.3125
558	9.2233	10.527
559	9.2233	10.4383
560	9.2233	10.404
561	9.2233	10.4124
562	9.2233	10.3158
563	9.2233	10.3305
564	9.2233	10.5651
565	9.2233	10.7297
566	9.2233	10.7205
567	9.2233	10.3916
568	9.2233	10.1887
569	9.2233	10.1424
570	9.2233	10.0356
571	9.2233	10.4864
572	9.2233	10.603
573	9.2233	10.3918
574	9.2233	10.9429
575	9.2233	10.4779
576	9.2233	10.059
577	9.2233	10.0798
578	9.2233	9.86124
579	9.2233	10.2458
580	9.2233	9.92109
581	9.2233	10.3235
582	9.2233	10.3575
583	9.2233	10.4354
584	9.2233	10.1711
585	9.2233	10.3511
586	9.2233	10.1862
587	9.2233	10.5925
588	9.2233	10.4145
589	9.2233	10.418
590	9.2233	10.6877
591	9.2233	10.4327
592	9.2233	10.9105
593	9.2233	10.4804
594	9.2233	10.2435
595	9.2233	10.1297
596	9.2233	10.4679
597	9.2233	10.0833
598	9.2233	10.083
599	9.2233	9.93563
