0	426.807	463.315
1	412.178	440.472
2	400.275	427.515
3	387.283	414.19
4	377.742	400.457
5	369.278	388.68
6	359.349	379.028
7	354.791	370.078
8	333.622	359.92
9	329.319	349.074
10	322.84	339.619
11	320.235	331.9
12	311.217	325.752
13	308.173	320.005
14	301.533	313.63
15	298.498	307.778
16	291.344	303.68
17	280.471	298.66
18	277.729	291.369
19	270.43	283.614
20	261.228	276.398
21	255.36	269.57
22	252.49	264.054
23	248.51	257.766
24	244.943	253.817
25	240.704	249.524
26	238.9	245.792
27	233.833	242.261
28	229.906	239.676
29	225.902	235.849
30	221.976	231.207
31	217.8	226.615
32	215.118	223.076
33	213.671	218.978
34	212.869	216.401
35	211.336	214.656
36	208.631	213.176
37	206.188	211.352
38	203.147	209.2
39	201.133	207.109
40	198.578	204.732
41	193.888	202.535
42	187.99	199.868
43	183.278	194.903
44	182.877	191.25
45	177.207	187.325
46	177.207	184.39
47	173.678	181.602
48	170.791	178.563
49	167.636	174.918
50	167.18	172.247
51	165.403	170.327
52	164.844	168.89
53	162.151	167.628
54	160.039	167.28
55	160.039	165.584
56	159.583	162.86
57	159.187	161.562
58	158.802	160.295
59	156.805	160.17
60	155.197	159.366
61	154.702	158.371
62	152.312	157.659
63	151.675	156.719
64	150.687	154.557
65	149.186	153.287
66	144.352	152.28
67	143.489	150.029
68	141.568	147.755
69	141.28	146.085
70	140.233	144.716
71	139.945	142.891
72	139.458	141.634
73	139.458	140.93
74	138.09	140.178
75	138.033	139.693
76	136.9	138.912
77	135.321	138.122
78	135.321	137.846
79	133.665	137.16
80	132.375	136.143
81	129.108	135.301
82	128.108	133.423
83	127.321	131.037
84	126.999	129.298
85	126.169	128.39
86	125.997	127.603
87	124.697	127.088
88	123.868	126.418
89	123.534	125.498
90	123.254	124.632
91	122.402	124.052
92	121.669	123.564
93	120.686	122.773
94	119.758	121.924
95	118.775	121.299
96	117.939	120.376
97	116.345	119.379
98	114.881	118.415
99	114.881	117.08
100	114.057	115.853
101	113.185	115.228
102	113.185	114.604
103	113.108	113.991
104	112.236	113.591
105	111.83	113.11
106	111.83	112.595
107	111.617	112.235
108	111.586	111.953
109	110.814	111.757
110	110.601	111.526
111	109.707	111.173
112	109.117	110.703
113	106.067	110.235
114	105.853	109.296
115	104.904	107.854
116	104.904	106.919
117	104.181	106.066
118	104.037	105.265
119	101.695	104.586
120	101.067	104.031
121	100.931	102.824
122	100.424	101.816
123	100.009	101.122
124	99.7141	100.736
125	99.5778	100.414
126	99.4687	99.9472
127	98.7812	99.8021
128	98.5358	99.7205
129	98.0139	99.1066
130	97.8611	98.7312
131	97.4755	98.4369
132	97.4755	98.0527
133	97.3759	97.8499
134	96.6442	97.6494
135	96	97.5655
136	95.9004	96.9301
137	95.9004	96.4341
138	95.2304	96.1417
139	95.2135	95.881
140	94.5435	95.6792
141	94.3242	95.2403
142	94.2245	94.8402
143	93.8633	94.5694
144	93.6076	94.2219
145	93.1468	94.0637
146	93.1468	93.7031
147	93.1468	93.6166
148	92.6184	93.2815
149	92.5103	93.1548
150	91.9819	93.0212
151	91.9819	92.701
152	91.9819	92.5006
153	91.6872	92.1441
154	91.6872	91.944
155	91.6872	91.8375
156	91.0882	91.7621
157	91.0585	91.8855
158	91.0585	91.7766
159	90.4594	92.0707
160	90.4594	91.6833
161	90.4594	91.334
162	90.1633	90.8391
163	90.1633	90.4643
164	89.8284	90.2912
165	89.3073	90.1465
166	88.9725	89.9175
167	87.8728	89.6171
168	87.8728	89.1895
169	87.8728	88.602
170	87.5308	88.3325
171	87.5308	88.1306
172	87.5116	88.2958
173	87.3672	88.1695
174	87.3672	88.5696
175	87.3672	88.1794
176	86.6617	87.8461
177	86.6415	87.4979
178	86.6415	87.0713
179	84.4656	86.9203
180	84.4656	86.487
181	84.4656	85.6282
182	83.8979	85.102
183	83.6665	84.7705
184	82.6109	84.3604
185	82.6109	83.8356
186	82.53	83.3275
187	82.53	82.8518
188	82.53	82.772
189	81.4361	82.6807
190	81.4361	82.5609
191	81.4361	82.1731
192	81.4361	81.8914
193	81.4361	81.5371
194	81.4361	81.622
195	81.4361	81.69
196	81.4361	81.4813
197	81.4361	81.4753
198	81.3756	81.4564
199	81.3756	81.4296
200	80.1961	81.4213
201	80.1961	81.2253
202	79.7113	80.7834
203	79.7113	80.265
204	79.7113	79.9924
205	79.7113	79.8026
206	79.7113	79.738
207	79.7113	79.8097
208	79.4651	79.8699
209	79.4651	79.7089
210	79.4651	79.6228
211	79.4651	79.5337
212	79.4651	79.4936
213	79.3723	79.4767
214	79.3723	79.4726
215	79.3723	79.7367
216	79.1309	79.8737
217	79.1309	79.4205
218	79.1309	79.3415
219	78.4543	79.2132
220	78.3373	79.1728
221	78.3373	78.8087
222	78.2958	78.5707
223	78.2958	78.632
224	76.4248	78.3668
225	76.2215	78.1345
226	76.2215	77.3857
227	76.2215	77.0057
228	76.1165	76.5604
229	76.0046	76.3185
230	75.9541	76.2651
231	75.9541	76.0716
232	75.9438	76.0285
233	75.9438	75.9771
234	75.9438	75.9911
235	75.9438	75.9524
236	75.9438	75.9862
237	75.9438	75.9845
238	75.9438	75.9439
239	75.7166	76.0101
240	75.7166	75.9124
241	75.7166	75.8271
242	75.7166	75.8523
243	75.6651	75.8087
244	75.6651	75.7647
245	75.6651	75.6992
246	75.6651	75.6763
247	75.6651	75.6692
248	75.6651	75.6664
249	75.6651	75.7279
250	75.6651	75.6651
251	75.6651	75.6674
252	75.6651	75.6651
253	75.6651	75.6651
254	75.5322	75.6647
255	75.5322	75.7635
256	75.5322	75.766
257	75.0942	75.6403
258	74.6084	75.4932
259	74.6084	75.3272
260	74.6084	75.0621
261	74.1101	74.7694
262	74.1101	74.6173
263	74.1101	74.3868
264	74.1101	74.3336
265	74.0671	74.1718
266	73.5688	74.162
267	73.5688	74.0414
268	73.5688	73.77
269	73.5688	73.6666
270	73.5688	73.6745
271	73.5688	73.5758
272	73.5688	73.6928
273	73.5688	73.5899
274	73.3726	73.6046
275	73.3726	73.543
276	73.3726	73.4679
277	73.3726	73.6819
278	73.3726	73.459
279	73.3726	73.4488
280	73.3726	73.4549
281	73.3726	73.5273
282	73.3726	73.3741
283	73.3726	73.3864
284	73.3726	73.377
285	73.3726	73.4288
286	73.3726	73.5109
287	73.3643	73.5108
288	73.3643	73.4529
289	73.3643	73.368
290	73.3643	73.3657
291	73.3643	73.3743
292	73.2303	73.3885
293	73.2303	73.5175
294	73.1055	73.4175
295	73.1055	73.3825
296	73.1055	73.3653
297	73.1055	73.2491
298	73.1055	73.1519
299	73.1055	73.1055
300	73.1055	73.1072
301	73.1055	73.1483
302	73.1055	73.2089
303	73.1055	73.1302
304	73.1055	73.1724
305	73.1055	73.1892
306	73.0587	73.3942
307	73.0587	73.3495
308	73.0587	73.2365
309	73.0587	73.1534
310	73.0587	73.3929
311	73.0587	73.0599
312	73.0587	73.0747
313	73.0587	73.1104
314	73.0587	73.0587
315	73.0587	73.0781
316	73.0587	73.0924
317	73.058	73.107
318	73.058	73.1837
319	73.058	73.0863
320	73.058	73.1148
321	73.0406	73.249
322	73.0399	73.2031
323	73.0399	73.072
324	73.0399	73.0525
325	73.0399	73.054
326	73.0399	73.0405
327	73.0399	73.0399
328	73.0399	73.0408
329	72.8957	73.0395
330	72.8957	73.0222
331	72.8957	72.9637
332	72.8957	72.9513
333	72.8957	72.9031
334	72.7955	72.9159
335	72.7955	72.8932
336	72.7955	72.8657
337	72.7259	72.8133
338	72.6257	72.8643
339	72.6257	72.9157
340	72.6257	72.8483
341	72.6257	72.6749
342	72.6257	72.7044
343	72.6257	72.8203
344	72.6257	72.7123
345	72.6257	72.6835
346	72.6257	72.6792
347	72.6257	72.6426
348	72.6257	72.6742
349	72.6257	72.6661
350	72.6089	72.6459
351	72.6089	72.7177
352	72.6089	72.815
353	72.6089	72.7258
354	72.6089	72.6201
355	72.6089	72.6142
356	72.6089	72.6089
357	72.6089	72.6089
358	72.6089	72.6115
359	72.6089	72.6089
360	72.6089	72.6155
361	72.6089	72.7702
362	72.6089	72.6333
363	72.6089	72.6149
364	72.6089	72.6089
365	72.6089	72.6965
366	72.6089	72.794
367	72.6089	72.8707
368	72.6089	72.6158
369	72.6089	72.6146
370	72.6089	72.6102
371	72.6089	72.6241
372	72.6089	72.6453
373	72.6089	72.6643
374	72.6089	72.6089
375	72.6089	72.6089
376	72.6089	72.6089
377	72.6089	72.6887
378	72.6089	72.617
379	72.6089	72.6279
380	72.6089	72.617
381	72.6089	72.6372
382	72.6089	72.6327
383	72.6089	72.6504
384	72.6089	72.6101
385	72.6089	72.6089
386	72.6089	72.6775
387	72.6089	72.6864
388	72.6089	72.6793
389	72.6089	72.875
390	72.6089	72.8114
391	72.6089	72.7182
392	72.6089	72.6282
393	72.6089	72.649
394	72.6089	72.7532
395	72.6089	72.6477
396	72.6089	72.6759
397	72.6089	72.7109
398	72.6089	72.6273
399	72.6089	72.6089
400	72.6089	72.6089
401	72.6089	72.7093
402	72.6089	72.6536
403	72.6089	72.6551
404	72.6089	72.6127
405	72.6089	72.6789
406	72.6089	72.6158
407	72.6089	72.6089
408	72.6089	72.6089
409	72.6089	72.6774
410	72.6089	72.6188
411	72.6089	72.6089
412	72.6089	72.6613
413	71.6694	72.6062
414	71.6694	72.4613
415	71.6694	72.0732
416	71.6694	71.8366
417	71.6694	71.7556
418	71.6694	71.7333
419	71.6694	71.6715
420	71.6694	71.6993
421	71.0073	71.7896
422	71.0073	71.6679
423	71.0073	71.4771
424	71.0073	71.2425
425	71.0073	71.0723
426	71.0073	71.0624
427	71.0073	71.1017
428	71.0073	71.0073
429	70.9499	71.032
430	70.9499	71.1613
431	70.9499	71.5019
432	70.9499	71.5996
433	70.9499	71.4186
434	70.9499	70.9769
435	70.9499	70.9499
436	70.9499	70.9499
437	70.9499	70.9499
438	70.9499	71.0062
439	70.9499	70.9895
440	70.9499	70.9499
441	70.9499	71.0121
442	70.9499	70.9617
443	70.9499	70.9499
444	70.9499	70.9536
445	70.4029	71.2129
446	70.3215	71.1309
447	70.3215	71.4158
448	70.3215	71.1575
449	70.3215	70.7643
450	70.3215	70.7292
451	70.3215	70.4137
452	70.3215	70.4871
453	70.2329	70.323
454	70.2329	70.3234
455	70.2329	70.4409
456	70.2329	70.2688
457	70.2329	70.2664
458	70.2329	70.2454
459	70.2329	70.2575
460	70.2329	70.2844
461	70.2329	70.2884
462	70.2329	70.2703
463	70.2329	70.2748
464	70.2329	70.2576
465	70.2329	70.3089
466	70.2329	70.3765
467	70.0573	70.2324
468	70.0573	70.2129
469	70.0573	70.3197
470	70.0573	70.1486
471	70.0573	70.2352
472	70.0573	70.1995
473	70.0573	70.1193
474	70.0573	70.0576
475	70.0573	70.0672
476	70.0573	70.0573
477	70.0573	70.095
478	70.0573	70.0573
479	70.0573	70.118
480	70.0573	70.1443
481	70.0573	70.0994
482	69.9466	70.1355
483	69.9466	70.1291
484	69.9466	70.2393
485	69.9466	70.1764
486	69.5112	70.2999
487	69.5112	69.8981
488	69.5112	69.9008
489	69.5112	69.7545
490	69.1707	69.6772
491	69.1707	69.5931
492	69.1707	69.3992
493	69.1707	69.2414
494	69.1707	69.202
495	69.1707	69.1854
496	69.1707	69.1707
497	69.1707	69.1707
498	69.1707	69.2042
499	69.1016	69.4418
500	69.1016	69.5341
501	69.1016	69.893
502	69.1016	69.5958
503	69.1016	69.4599
504	68.9558	69.2335
505	68.9558	69.261
506	68.9558	69.0983
507	68.9558	69.0366
508	68.8935	68.9619
509	68.8935	68.9473
510	68.8935	68.9208
511	68.8935	68.905
512	68.8935	68.8971
513	68.8935	68.9198
514	68.8935	68.9205
515	68.8935	68.9326
516	68.8935	68.9379
517	68.8935	68.8935
518	68.8935	68.8969
519	68.8935	68.9336
520	68.8935	68.9277
521	68.4925	68.8924
522	68.4925	68.8305
523	68.4925	68.8328
524	68.4925	68.8539
525	68.4925	68.6924
526	68.4925	68.5667
527	68.4925	68.5005
528	67.8782	68.4985
529	67.8782	68.4544
530	67.8782	68.2444
531	67.8782	68.0164
532	67.8782	67.9529
533	67.8782	67.9026
534	67.8782	67.8782
535	67.8782	67.8782
536	67.8782	67.8923
537	67.8782	67.9092
538	67.8782	67.8884
539	67.8782	67.9249
540	67.8782	67.8948
541	67.8782	67.96
542	67.8782	67.8782
543	67.8782	67.902
544	67.8782	67.8808
545	67.8782	67.8806
546	67.8782	67.9344
547	67.8782	68.0335
548	67.8782	67.8789
549	67.8782	67.9206
550	67.8782	67.8782
551	67.8782	67.8815
552	67.8782	68.0122
553	67.8782	68.0005
554	67.8782	67.9204
555	67.8782	67.8782
556	67.8782	67.9398
557	67.8782	67.9537
558	67.8782	67.8806
559	67.8782	67.8782
560	67.8782	67.8782
561	67.8782	68.0166
562	67.8782	67.9679
563	67.8782	67.8782
564	67.8782	67.8782
565	67.8782	67.8782
566	67.7678	67.8779
567	67.7678	67.8816
568	67.7678	67.9431
569	67.7678	67.8353
570	67.7678	67.8819
571	67.7678	67.8067
572	67.7678	67.7678
573	67.7678	67.7979
574	67.7678	67.7985
575	67.7678	67.7678
576	67.7678	67.7708
577	67.7678	68.0136
578	67.7678	67.8564
579	67.7678	67.8177
580	67.7678	67.8356
581	67.7678	67.8374
582	67.7678	67.7782
583	67.7678	67.7926
584	67.7678	68.2675
585	67.7678	67.9299
586	67.7678	67.7775
587	67.7678	67.8486
588	67.7678	68.1201
589	67.7678	67.9906
590	67.7678	67.9321
591	67.7678	67.9401
592	67.7678	67.9794
593	67.7678	67.813
594	67.7678	67.825
595	67.7678	67.7723
596	67.7678	67.7678
597	67.7678	67.8186
598	67.7678	67.7823
599	67.7678	67.7688
600	67.7678	67.7995
601	67.7678	67.7788
602	67.7678	67.8019
603	67.7678	67.7678
604	67.7678	67.789
605	67.7678	67.8196
606	67.7678	67.7772
607	67.7678	67.7678
608	67.7678	67.8323
609	67.7678	67.7693
610	67.7678	67.7879
611	67.7678	67.7893
612	67.7678	67.8126
613	67.7678	67.8014
614	67.7678	67.7678
615	67.7678	67.7678
616	67.7678	67.7678
617	67.7678	67.8123
618	67.7678	67.7678
619	67.7678	67.7678
620	67.7678	67.7678
621	67.7678	67.94
622	67.7678	67.7678
623	67.7678	67.7678
624	67.7678	67.7678
625	67.7678	67.7678
626	67.7678	67.7678
627	67.7678	67.7706
628	67.7678	67.9335
629	67.7678	67.8236
630	67.7678	67.8376
631	67.7678	67.9034
632	67.7678	67.8157
633	67.7678	67.8627
634	67.7678	68.0942
635	67.7678	67.8563
636	67.7678	67.8711
637	67.7678	67.8885
638	67.7678	67.9603
639	67.7678	68.0795
640	67.7678	67.7895
641	67.7678	67.8186
642	67.7678	67.8436
643	67.7678	67.7936
644	67.7678	67.8842
645	67.7678	67.8443
646	67.7678	67.7681
647	67.7678	67.8748
648	67.7678	67.8913
649	67.7678	67.9832
650	67.7678	67.8933
651	67.7678	67.8233
652	67.7678	67.7957
653	67.7678	67.843
654	67.7678	67.8406
655	67.7678	67.8095
656	67.7678	67.8834
657	67.7678	67.8401
658	67.7678	67.7997
659	67.7678	67.7858
660	67.7678	67.7878
661	67.7678	67.7678
662	67.7678	67.9047
663	67.7678	67.786
664	67.7678	67.768
665	67.7678	67.7678
666	67.7678	67.7678
667	67.7678	67.8281
668	67.7678	67.8167
669	67.7678	67.7678
670	67.7678	67.9068
671	67.7678	67.7956
672	67.7678	67.7678
673	67.7678	67.7678
674	67.7678	67.7678
675	67.7678	67.7678
676	67.7678	67.8312
677	67.7678	67.9379
678	67.7678	67.848
679	67.7678	67.8102
680	67.7678	67.7843
681	67.7678	67.7768
682	67.7678	67.768
683	67.7678	67.7935
684	67.7678	67.7678
685	67.7678	67.771
686	67.7678	67.8509
687	67.7678	67.8487
688	67.7678	67.8006
689	67.7678	67.7678
690	67.7678	67.7832
691	67.7678	67.9597
692	67.7678	68.152
693	67.7678	68.0576
694	67.7678	67.7807
695	67.7678	67.8373
696	67.7678	67.7797
697	67.7678	67.8882
698	67.7678	67.8453
699	67.7678	67.8766
700	67.7678	67.7811
701	67.7678	67.7696
702	67.7678	67.803
703	67.7678	67.7678
704	67.7678	67.8011
705	67.7678	67.7678
706	67.7678	67.7678
707	67.7678	67.7678
708	67.7678	67.7944
709	67.7678	67.9655
710	67.7678	67.9103
711	67.7678	67.8397
712	67.7678	67.8441
713	67.7678	67.9407
714	67.7678	67.7678
715	67.7678	67.7678
716	67.7678	67.7678
717	67.7678	67.7739
718	67.7678	67.7678
719	67.7678	67.7783
720	67.7678	67.985
721	67.7678	67.8006
722	67.7678	67.7857
723	67.7678	67.7678
724	67.7678	67.864
725	67.7678	67.8097
726	67.7678	67.7715
727	67.7678	67.7915
728	67.7678	67.8332
729	67.7678	67.7786
730	67.7678	67.8558
731	67.7678	67.7749
732	67.7678	67.8385
733	67.7678	67.7916
734	67.7678	67.7789
735	67.7678	67.7992
736	67.7678	67.8501
737	67.7678	67.7848
738	67.7678	68.0528
739	67.7678	67.9382
740	67.7678	67.7819
741	67.7678	67.7678
742	67.7678	67.7874
743	67.7678	67.7678
744	67.7678	67.8744
745	67.7678	67.7678
746	67.7678	67.7805
747	67.7678	67.7733
748	67.7678	67.8449
749	67.7678	67.8958
750	67.7678	67.7993
751	67.7678	67.8473
752	67.7678	67.9232
753	67.7678	67.7678
754	67.7678	67.7733
755	67.7678	67.8599
756	67.7678	67.8072
757	67.7678	67.9128
758	67.7678	67.8045
759	67.7678	67.8211
760	67.7678	67.7678
761	67.7678	67.7678
762	67.7678	67.7678
763	67.7678	67.7678
764	67.7678	67.7678
765	67.7678	67.7868
766	67.7678	67.8108
767	67.7678	67.8019
768	67.7678	67.8243
769	67.7678	67.8212
770	67.7678	67.8163
771	67.7678	67.8338
772	67.7678	67.8015
773	67.7678	67.7678
774	67.7678	67.8331
775	67.7678	67.7795
776	67.7678	67.8373
777	67.7678	67.8388
778	67.7678	67.8085
779	67.7678	67.7888
780	67.7678	67.8543
781	67.7678	67.7767
782	67.7678	67.8479
783	67.7678	67.7909
784	67.7678	67.8416
785	67.7678	67.7678
786	67.7678	67.7678
787	67.7678	67.842
788	67.7678	67.8614
789	67.7678	67.8863
790	67.7678	67.8423
791	67.7678	67.8558
792	67.7678	67.8366
793	67.7678	67.7678
794	67.7678	67.7725
795	67.7678	67.7678
796	67.7678	67.8515
797	67.7678	67.7751
798	67.7678	67.7864
799	67.7678	67.7796
800	67.7678	67.8051
801	67.7678	67.8193
802	67.7678	67.7678
803	67.7678	67.7987
804	67.7678	67.8928
805	67.7678	67.878
806	67.7678	67.8105
807	67.7678	67.7678
808	67.7678	67.7788
809	67.7678	67.7813
810	67.7678	67.7678
811	67.7678	67.7678
812	67.7678	67.9897
813	67.7678	67.9682
814	67.7678	67.7988
815	67.7678	67.8793
816	67.7678	67.7942
817	67.7678	67.7678
818	67.7678	67.7734
819	67.7678	67.7704
820	67.7678	67.8122
821	67.7678	67.8273
822	67.7678	67.8261
823	67.7678	67.7678
824	67.7678	67.7678
825	67.7678	67.864
826	67.7678	67.9159
827	67.7678	67.8212
828	67.7678	67.7678
829	67.7678	67.7678
830	67.7678	67.7678
831	67.7678	67.789
832	67.7678	67.8153
833	67.7678	67.7701
834	67.7678	67.9085
835	67.7678	67.8267
836	67.7678	67.7818
837	67.7678	67.7678
838	67.7678	67.7756
839	67.7678	67.9295
840	67.7678	67.9238
841	67.7678	67.7917
842	67.7678	67.7918
843	67.7678	67.9057
844	67.7678	67.9959
845	67.7678	67.9279
846	67.7678	67.7678
847	67.7678	67.771
848	67.7678	67.7698
849	67.7678	67.8289
850	67.7678	67.8879
851	67.7678	67.7708
852	67.7678	67.7678
853	67.7678	67.9197
854	67.7678	67.8657
855	67.7678	67.803
856	67.7678	67.9066
857	67.7678	67.8151
858	67.7678	67.7719
859	67.7678	67.8166
860	67.7678	67.7773
861	67.7678	67.7827
862	67.7678	67.7757
863	67.7678	67.7678
864	67.7678	67.8053
865	67.7678	67.885
866	67.7678	67.7678
867	67.7678	67.7678
868	67.7678	67.7678
869	67.7678	67.7827
870	67.7678	67.7678
871	67.7678	67.768
872	67.7678	67.8005
873	67.7678	67.799
874	67.7678	67.7678
875	67.7678	67.8718
876	67.7678	67.9724
877	67.7678	67.8157
878	67.7678	67.8632
879	67.4755	68.0832
880	67.4041	67.958
881	67.4041	67.7224
882	67.4041	67.7038
883	67.4041	67.4757
884	67.4041	67.4871
885	67.4041	67.5916
886	67.4041	67.5101
887	67.4041	67.641
888	67.4041	67.428
889	67.4041	67.6012
890	67.4041	67.5282
891	67.4041	67.4646
892	67.4041	67.734
893	67.4041	67.5172
894	67.4041	67.4767
895	67.4041	67.4306
896	67.4041	67.4313
897	67.4041	67.5764
898	67.4041	67.5818
899	67.4041	67.4092
900	67.4041	67.4041
901	67.4041	67.4141
902	67.4041	67.4281
903	67.4041	67.5204
904	67.4041	67.5104
905	67.4041	67.4502
906	67.4041	67.4811
907	67.4041	67.4041
908	67.4041	67.4041
909	67.4041	67.4041
910	67.4041	67.4041
911	67.4041	67.4928
912	67.4041	67.4229
913	67.4041	67.4195
914	67.4041	67.4511
915	67.4041	67.4371
916	67.4041	67.4115
917	67.4041	67.419
918	67.4041	67.4041
919	67.4041	67.4945
920	67.4041	67.5183
921	67.4041	67.8973
922	67.4041	67.6147
923	67.4041	67.4696
924	67.4041	67.4242
925	67.4041	67.5046
926	67.4041	67.4885
927	67.4041	67.5579
928	67.4041	67.4041
929	67.4041	67.4239
930	67.4041	67.4341
931	67.4041	67.4041
932	67.4041	67.4041
933	67.4041	67.4501
934	67.4041	67.6138
935	67.4041	67.4299
936	67.4041	67.4534
937	67.4041	67.4298
938	67.4041	67.5447
939	67.4041	67.431
940	67.4041	67.4041
941	67.4041	67.4041
942	67.4041	67.4106
943	67.4041	67.4986
944	67.4041	67.4273
945	67.4041	67.4057
946	67.4041	67.4054
947	67.4041	67.5048
948	67.4041	67.437
949	67.4041	67.5145
950	67.4041	67.4041
951	67.4041	67.4133
952	67.4041	67.5587
953	67.4041	67.4854
954	67.4041	67.4449
955	67.4041	67.4041
956	67.4041	67.4041
957	67.4041	67.4041
958	67.4041	67.4041
959	67.4041	67.4041
960	67.4041	67.4041
961	67.4041	67.4504
962	67.4041	67.4492
963	67.4041	67.4139
964	67.4041	67.409
965	67.4041	67.4041
966	67.4041	67.4041
967	67.4041	67.4041
968	67.4041	67.4649
969	67.4041	67.4837
970	67.4041	67.4125
971	67.4041	67.4041
972	67.4041	67.4152
973	67.4041	67.4075
974	67.4041	67.5018
975	67.4041	67.5824
976	67.4041	67.441
977	67.4041	67.4085
978	67.4041	67.4058
979	67.4041	67.4105
980	67.4041	67.4755
981	67.4041	67.4269
982	67.4041	67.4041
983	67.4041	67.4041
984	67.4041	67.4041
985	67.4041	67.4041
986	67.4041	67.4969
987	67.4041	67.415
988	67.4041	67.4257
989	67.4041	67.4914
990	67.4041	67.4579
991	67.4041	67.5378
992	67.4041	67.4191
993	67.4041	67.4111
994	67.4041	67.4041
995	67.4041	67.4459
996	67.4041	67.4041
997	67.4041	67.4041
998	67.4041	67.4253
999	67.4041	67.4926
1000	67.4041	67.4983
1001	67.4041	67.428
1002	67.4041	67.4582
1003	67.4041	67.4041
1004	67.4041	67.4041
1005	67.4041	67.5762
1006	67.4041	67.5584
1007	67.4041	67.5388
1008	67.4041	67.4692
1009	67.4041	67.5585
1010	67.4041	67.4042
1011	67.4041	67.4179
1012	67.4041	67.4893
1013	67.4041	67.4042
1014	67.4041	67.4041
1015	67.4041	67.4041
1016	67.4041	67.4974
1017	67.4041	67.4041
1018	67.4041	67.4129
1019	67.4041	67.4041
1020	67.4041	67.4363
1021	67.4041	67.4393
1022	67.4041	67.5445
1023	67.4041	67.4323
1024	67.4041	67.4441
1025	67.4041	67.4898
1026	67.4041	67.5103
1027	67.4041	67.4211
1028	67.4041	67.4041
1029	66.8711	67.4026
1030	66.8711	67.3913
1031	66.8711	67.2767
1032	66.8711	67.0337
1033	66.8711	66.9579
1034	66.8711	66.9194
1035	66.8711	66.893
1036	66.8711	66.8711
1037	66.8711	66.8711
1038	66.8711	66.8898
1039	66.8711	66.9547
1040	66.8711	66.878
1041	66.8711	66.9195
1042	66.8711	66.936
1043	66.8711	66.9271
1044	66.8711	66.9963
1045	66.8711	66.9013
1046	66.8711	67.086
1047	66.8711	67.016
1048	66.8711	67.2571
1049	66.8711	67.1476
1050	66.8711	66.9227
1051	66.8711	66.8711
1052	66.8711	66.8711
1053	66.8711	66.8711
1054	66.8711	66.8872
1055	66.8711	66.9401
1056	66.8711	66.9786
1057	66.8711	67.0329
1058	66.8711	66.9477
1059	66.8711	66.8711
1060	66.8711	66.8711
1061	66.8711	66.9345
1062	66.8711	66.9163
1063	66.8711	66.927
1064	66.8711	66.9113
1065	66.8711	66.8711
1066	66.8711	66.8711
1067	66.8711	66.9454
1068	66.8711	67.0083
1069	66.8711	66.9334
1070	66.8711	67.1468
1071	66.8711	66.9813
1072	66.8711	66.8723
1073	66.8711	66.9528
1074	66.8711	66.8711
1075	66.8711	66.8993
1076	66.8711	66.874
1077	66.8711	66.8711
1078	66.8711	66.9867
1079	66.8711	66.8754
1080	66.8711	66.9186
1081	66.8711	67.021
1082	66.8711	67.4702
1083	66.8711	66.9011
1084	66.8711	67.0303
1085	66.8711	66.8796
1086	66.8711	66.9098
1087	66.8711	66.8711
1088	66.8711	66.8711
1089	66.8711	66.8711
1090	66.8711	66.8711
1091	66.8711	66.884
1092	66.8711	66.9021
1093	66.8711	66.8832
1094	66.8711	66.8711
1095	66.8711	66.8711
1096	66.8711	66.9433
1097	66.8711	66.8711
1098	66.8711	66.8901
1099	66.8711	67.0357
1100	66.8711	67.0482
1101	66.8711	66.8743
1102	66.8711	66.8711
1103	66.8711	66.8821
1104	66.8711	66.8711
1105	66.8711	66.8711
1106	66.8711	66.8711
1107	66.8711	66.8711
1108	66.8711	66.8785
1109	66.8711	66.8711
1110	66.8711	66.8711
1111	66.8711	66.9196
1112	66.8711	66.8711
1113	66.8711	66.8711
1114	66.8711	66.8711
1115	66.8711	66.9467
1116	66.8711	66.8711
1117	66.8711	66.9493
1118	66.8711	67.1203
1119	66.8711	67.001
1120	66.8711	66.9251
1121	66.8711	66.8749
1122	66.8711	66.8711
1123	66.8711	66.8992
1124	66.8711	66.9152
1125	66.8711	66.9438
1126	66.8711	67.0118
1127	66.8711	66.9641
1128	66.8711	66.9371
1129	66.8711	66.9159
1130	66.8711	67.0127
1131	66.8711	66.8711
1132	66.8711	66.8731
1133	66.8711	66.9128
1134	66.8711	66.9009
1135	66.8711	66.8785
1136	66.8711	66.9431
1137	66.8711	66.8964
1138	66.8711	66.9374
1139	66.8711	67.0129
1140	66.8711	66.8859
1141	66.8711	66.895
1142	66.8711	66.9174
1143	66.8711	66.9692
1144	66.8711	66.9089
1145	66.8711	67.0606
1146	66.8711	67.0027
1147	66.8711	66.9239
1148	66.8711	66.8711
1149	66.8711	66.8711
1150	66.8711	66.8711
1151	66.8711	66.9328
1152	66.8711	66.9079
1153	66.8711	66.9895
1154	66.8711	66.8729
1155	66.8711	67.0717
1156	66.8711	67.0939
1157	66.8711	67.0238
1158	66.8711	66.8961
1159	66.8711	66.8711
1160	66.8711	66.9006
1161	66.8711	66.8732
1162	66.8711	66.8711
1163	66.8711	66.8808
1164	66.8711	66.8831
1165	66.8711	67.1177
1166	66.8711	67.0318
1167	66.8711	66.9373
1168	66.8711	66.8711
1169	66.8711	67.0099
1170	66.8711	66.8711
1171	66.8711	66.8786
1172	66.8711	66.8873
1173	66.8711	67.0016
1174	66.8711	66.8992
1175	66.8711	67.0431
1176	66.8711	67.1093
1177	66.8711	66.9106
1178	66.8711	66.8879
1179	66.8711	66.936
1180	66.8711	66.8744
1181	66.8711	66.8711
1182	66.8711	66.8763
1183	66.8711	66.8711
1184	66.8711	66.8711
1185	66.8711	66.8711
1186	66.8711	66.8724
1187	66.8711	66.8711
1188	66.8711	66.8711
1189	66.8711	66.8711
1190	66.8711	67.2478
1191	66.8711	66.9463
1192	66.8711	66.8921
1193	66.8711	66.8752
1194	66.8711	66.8711
1195	66.8711	66.8711
1196	66.8711	66.8991
1197	66.8711	67.0185
1198	66.8711	67.0247
1199	66.8711	66.93
1200	66.8711	66.9176
1201	66.8711	66.9097
1202	66.8711	66.9048
1203	66.8711	66.8715
1204	66.8711	66.9393
1205	66.8711	67.0023
1206	66.8711	66.9082
1207	66.8711	66.9303
1208	66.8711	67.016
1209	66.8711	66.9083
1210	66.8711	67.1701
1211	66.8711	66.898
1212	66.8711	67.0667
1213	66.8711	67.0252
1214	66.8711	66.8898
1215	66.8711	66.9632
1216	66.8711	67.0269
1217	66.8711	67.1029
1218	66.8711	67.1164
1219	66.8711	66.9833
1220	66.8711	67.0732
1221	66.8711	66.8912
1222	66.8711	66.9915
1223	66.8711	66.9232
1224	66.8711	66.9972
1225	66.8711	67.0882
1226	66.8711	66.9274
1227	66.8711	66.9388
1228	66.8711	66.9416
1229	66.8711	66.8823
1230	66.8711	66.8733
1231	66.8711	66.8711
1232	66.8711	66.9152
1233	66.8711	66.9966
1234	66.8711	67.0772
1235	66.8711	66.9972
1236	66.8711	66.9822
1237	66.8711	66.8744
1238	66.8711	66.9033
1239	66.8711	66.8711
1240	66.8711	66.8711
1241	66.8711	66.8716
1242	66.8711	66.8941
1243	66.8711	66.8711
1244	66.8711	66.8741
1245	66.8711	66.9184
1246	66.8711	66.942
1247	66.8711	66.8784
1248	66.8711	66.8711
1249	66.8711	66.8711
1250	66.8711	66.8711
1251	66.8711	66.8711
1252	66.8711	66.8815
1253	66.8711	66.8711
1254	66.8711	66.8711
1255	66.8711	66.9495
1256	66.8711	67.1558
1257	66.8711	67.0217
1258	66.8711	66.9651
1259	66.8711	66.9352
1260	66.8711	67.123
1261	66.8711	66.9795
1262	66.8711	66.894
1263	66.8711	66.9079
1264	66.8711	66.8711
1265	66.8711	66.9231
1266	66.8711	66.8872
1267	66.8711	66.9172
1268	66.8711	66.9452
1269	66.8711	67.0326
1270	66.8711	66.9322
1271	66.8711	66.8995
1272	66.8711	66.8843
1273	66.8711	66.8711
1274	66.8711	66.8711
1275	66.8711	66.8823
1276	66.8711	66.8711
1277	66.8711	66.9572
1278	66.8711	66.8735
1279	66.8711	66.8711
1280	66.8711	66.8711
1281	66.8711	66.9381
1282	66.8711	66.8854
1283	66.8711	66.9165
1284	66.8711	66.9453
1285	66.8711	66.8711
1286	66.8711	66.8711
1287	66.8711	66.8711
1288	66.8711	66.8891
1289	66.8711	66.937
1290	66.8711	66.9252
1291	66.8711	66.9638
1292	66.8711	66.8858
1293	66.8711	66.8711
1294	66.8711	66.8711
1295	66.8711	66.942
1296	66.8711	66.8944
1297	66.8711	67.4414
1298	66.8711	67.2728
1299	66.8711	66.8748
1300	66.8711	66.9261
1301	66.8711	66.9435
1302	66.8711	66.9566
1303	66.8711	66.9947
1304	66.8711	66.8762
1305	66.8711	66.9144
1306	66.8711	66.9125
1307	66.8711	67.0051
1308	66.8711	66.9824
1309	66.8711	66.8762
1310	66.8711	66.8728
1311	66.8711	66.9139
1312	66.8711	66.8711
1313	66.8711	66.8711
1314	66.8711	66.8711
1315	66.8711	66.8711
1316	66.8711	66.8711
1317	66.8711	66.9166
1318	66.8711	67.0411
1319	66.8711	67.0962
1320	66.8711	66.9245
1321	66.8711	67.0616
1322	66.8711	66.9369
1323	66.8711	66.9276
1324	66.8711	66.9154
1325	66.8711	67.0328
1326	66.8711	66.9095
1327	66.8711	67.2045
1328	66.8711	67.1914
1329	66.8711	67.0501
1330	66.8711	66.9589
1331	66.8711	67.0581
1332	66.8711	67.0667
1333	66.8711	67.0965
1334	66.8711	67.0592
1335	66.8711	66.9614
1336	66.8711	66.8753
1337	66.8711	66.9819
1338	66.8711	66.8711
1339	66.8711	66.9059
1340	66.8711	67.0491
1341	66.8711	67.1635
1342	66.8711	66.8772
1343	66.8711	66.8882
1344	66.8711	66.8722
1345	66.8711	66.8881
1346	66.8711	66.9297
1347	66.8711	67.2134
1348	66.8711	66.9571
1349	66.8711	67.0575
1350	66.8711	66.9483
1351	66.8711	66.8758
1352	66.8711	66.8803
1353	66.8711	67.0604
1354	66.8711	66.891
1355	66.8711	66.9367
1356	66.8711	66.8711
1357	66.8711	66.8711
1358	66.8711	67.0073
1359	66.8711	66.8933
1360	66.8711	66.8779
1361	66.8711	67.0404
1362	66.8711	66.9851
1363	66.8711	66.8727
1364	66.8711	66.8761
1365	66.8711	66.8762
1366	66.8711	66.879
1367	66.8711	66.8862
1368	66.8711	66.8782
1369	66.8711	66.8711
1370	66.8711	66.8711
1371	66.8711	66.8711
1372	66.8711	66.8943
1373	66.8711	66.8711
1374	66.8711	66.8724
1375	66.8711	66.893
1376	66.8711	66.8711
1377	66.8711	66.9129
1378	66.8711	67.0473
1379	66.8711	66.9742
1380	66.8711	67.0415
1381	66.8711	67.0589
1382	66.8711	66.9057
1383	66.8711	66.8711
1384	66.8711	66.8728
1385	66.8711	66.9515
1386	66.8711	66.9187
1387	66.8711	66.9764
1388	66.8711	67.0445
1389	66.8711	67.1835
1390	66.8711	66.8711
1391	66.8711	66.8711
1392	66.8711	66.8711
1393	66.8711	66.8878
1394	66.8711	66.8711
1395	66.8711	66.8907
1396	66.8711	66.9119
1397	66.8711	66.8711
1398	66.8711	66.9166
1399	66.8711	67.0032
1400	66.8711	66.8766
1401	66.8711	66.8987
1402	66.8711	66.872
1403	66.8711	66.8728
1404	66.8711	66.9393
1405	66.8711	66.9711
1406	66.8711	67.0542
1407	66.8711	66.9188
1408	66.8711	67.0518
1409	66.8711	67.074
1410	66.8711	66.8887
1411	66.8711	66.8711
1412	66.8711	66.8711
1413	66.8711	66.875
1414	66.8711	66.8711
1415	66.8711	66.8765
1416	66.8711	66.8711
1417	66.8711	66.9512
1418	66.8711	67.0017
1419	66.8711	66.8711
1420	66.8711	66.8711
1421	66.8711	66.8711
1422	66.8711	66.8711
1423	66.8711	66.8711
1424	66.8711	66.8711
1425	66.8711	66.9116
1426	66.8711	66.8964
1427	66.8711	66.8711
1428	66.8711	66.8711
1429	66.8711	66.8711
1430	66.8711	66.8997
1431	66.8711	66.8825
1432	66.8711	66.9213
1433	66.8711	67.036
1434	66.8711	67.0114
1435	66.8711	66.9349
1436	66.8711	66.8861
1437	66.8711	66.9089
1438	66.8711	66.9124
1439	66.8711	66.9047
1440	66.8711	66.9137
1441	66.8711	66.8869
1442	66.8711	66.8814
1443	66.8711	67.1081
1444	66.8711	67.0793
1445	66.8711	66.9428
1446	66.8711	66.9974
1447	66.8711	66.9009
1448	66.8711	66.8711
1449	66.8711	66.8744
1450	66.8711	66.8775
1451	66.8711	66.8711
1452	66.8711	66.9009
1453	66.8711	66.881
1454	66.8711	66.894
1455	66.8711	66.8711
1456	66.8711	66.8764
1457	66.8711	66.8711
1458	66.8711	66.877
1459	66.8711	66.8711
1460	66.8711	66.8711
1461	66.8711	66.8724
1462	66.8711	66.8738
1463	66.8711	66.8711
1464	66.8711	67.0267
1465	66.8711	66.8964
1466	66.8711	67.0814
1467	66.8711	67.0478
1468	66.8711	67.0722
1469	66.8711	66.8942
1470	66.8711	66.8769
1471	66.8711	66.8711
1472	66.8711	66.8711
1473	66.8711	66.9173
1474	66.8711	67.2004
1475	66.8711	67.0346
1476	66.8711	66.9932
1477	66.8711	66.8893
1478	66.8711	67.0017
1479	66.8711	67.0118
1480	66.8711	66.8984
1481	66.8711	67.0057
1482	66.8711	66.9209
1483	66.8711	66.9009
1484	66.8711	66.9487
1485	66.8711	67.192
1486	66.8711	67.0573
1487	66.8711	66.8794
1488	66.8711	66.9077
1489	66.8711	66.9435
1490	66.8711	66.9183
1491	66.8711	66.8914
1492	66.8711	66.9066
1493	66.8711	66.8711
1494	66.8711	66.8711
1495	66.8711	66.8711
1496	66.8711	66.8762
1497	66.8711	66.8711
1498	66.8711	66.9024
1499	66.8711	67.0286
1500	66.8711	66.9282
1501	66.8711	66.9023
1502	66.8711	66.9244
1503	66.8711	66.9993
1504	66.8711	66.8711
1505	66.8711	66.8781
1506	66.8711	66.9315
1507	66.8711	67.0044
1508	66.8711	66.8886
1509	66.8711	66.9574
1510	66.8711	66.8768
1511	66.8711	66.9206
1512	66.8711	66.8819
1513	66.8711	66.9174
1514	66.8711	67.179
1515	66.8711	67.2873
1516	66.8711	67.1006
1517	66.8711	67.0003
1518	66.8711	67.0499
1519	66.8711	66.8711
1520	66.8711	66.8711
1521	66.8711	66.8711
1522	66.8711	66.8711
1523	66.8711	66.8711
1524	66.8711	66.8711
1525	66.8711	66.9083
1526	66.8711	66.9606
1527	66.8711	66.9471
1528	66.8711	66.8764
1529	66.8711	66.9018
1530	66.8711	66.8711
1531	66.8711	66.9664
1532	66.8711	67.1063
1533	66.8711	66.9032
1534	66.8711	66.8711
1535	66.8711	66.8711
1536	66.8711	66.8711
1537	66.8711	66.8711
1538	66.8711	66.8892
1539	66.8711	66.8972
1540	66.8711	66.8737
1541	66.8711	66.8711
1542	66.8711	66.8911
1543	66.8711	66.9043
1544	66.8711	67.0049
1545	66.8711	66.9841
1546	66.8711	66.9758
1547	66.8711	66.8879
1548	66.8711	66.9647
1549	66.8711	67.0529
1550	66.8711	66.8967
1551	66.8711	66.8715
1552	66.8711	66.8711
1553	66.8711	66.8711
1554	66.8711	66.912
1555	66.8711	67.0116
1556	66.8711	66.9116
1557	66.8711	67.1582
1558	66.8711	67.0196
1559	66.8711	66.8954
1560	66.8711	66.9607
1561	66.8711	67.0425
1562	66.8711	67.0123
1563	66.8711	66.8711
1564	66.8711	66.8711
1565	66.8711	66.8711
1566	66.8711	66.9311
1567	66.8711	66.8918
1568	66.8711	66.908
1569	66.8711	66.8913
1570	66.8711	66.8711
1571	66.8711	66.9068
1572	66.8711	66.9493
1573	66.8711	67.0137
1574	66.8711	66.9227
1575	66.8711	66.8711
1576	66.8711	66.8711
1577	66.8711	66.8801
1578	66.8711	66.8711
1579	66.8711	66.8711
1580	66.8711	66.8728
1581	66.8711	66.9252
1582	66.8711	66.9193
1583	66.8711	66.8711
1584	66.8711	66.8902
1585	66.8711	66.8714
1586	66.8711	67.0162
1587	66.8711	66.9295
1588	66.8711	67.2579
1589	66.8711	67.1356
1590	66.8711	66.9739
1591	66.8711	66.957
1592	66.8711	66.9748
1593	66.8711	67.2255
1594	66.8711	67.2049
1595	66.8711	66.9484
1596	66.8711	66.8711
1597	66.8711	66.8819
1598	66.8711	66.9309
1599	66.8711	67.1308
1600	66.8711	66.9362
1601	66.8711	66.8887
1602	66.8711	66.8749
1603	66.8711	66.9338
1604	66.8711	66.9062
1605	66.8711	66.9375
1606	66.8711	66.919
1607	66.8711	66.9379
1608	66.8711	66.914
1609	66.8711	66.9012
1610	66.8711	67.1336
1611	66.8711	66.9433
1612	66.8711	66.9153
1613	66.8711	66.8955
1614	66.8711	66.8903
1615	66.8711	66.9206
1616	66.8711	66.8711
1617	66.8711	66.8711
1618	66.8711	66.8846
1619	66.8711	66.8711
1620	66.8711	66.9515
1621	66.8711	66.9668
1622	66.8711	66.8711
1623	66.8711	66.8711
1624	66.8711	66.8711
1625	66.8711	66.8712
1626	66.8711	66.8732
1627	66.8711	66.9185
1628	66.8711	66.8711
1629	66.8711	66.9934
1630	66.8711	66.9979
1631	66.8711	66.8918
1632	66.8711	66.8971
1633	66.8711	66.8732
1634	66.8711	66.9334
1635	66.8711	66.8965
1636	66.8711	66.8711
1637	66.8711	66.8835
1638	66.8711	66.8929
1639	66.8711	66.8807
1640	66.8711	66.8711
1641	66.8711	66.9595
1642	66.8711	66.9212
1643	66.8711	66.8764
1644	66.8711	66.8947
1645	66.8711	66.8769
1646	66.8711	67.0387
1647	66.8711	66.9091
1648	66.8711	66.8711
1649	66.8711	66.8763
1650	66.8711	66.9515
1651	66.8711	67.0338
1652	66.8711	66.8906
1653	66.8711	66.8711
1654	66.8711	66.8711
1655	66.8711	66.8843
1656	66.8711	66.8711
1657	66.8711	66.9664
1658	66.8711	66.9367
1659	66.8711	66.8862
1660	66.8711	66.9669
1661	66.8711	66.9449
1662	66.8711	66.9672
1663	66.8711	66.9987
1664	66.8711	66.9266
1665	66.8711	66.9048
1666	66.8711	67.0124
1667	66.8711	66.8852
1668	66.8711	66.921
1669	66.8711	67.1347
1670	66.8711	66.9024
1671	66.8711	66.8711
1672	66.8711	66.9743
1673	66.8711	66.9172
1674	66.8711	67.0997
1675	66.8711	66.9761
1676	66.8711	66.9845
1677	66.8711	66.9309
1678	66.8711	67.0465
1679	66.8711	67.0051
1680	66.8711	66.8711
1681	66.8711	66.8711
1682	66.8711	66.9553
1683	66.8711	66.8711
1684	66.8711	66.901
1685	66.8711	66.8711
1686	66.8711	66.8883
1687	66.8711	66.8711
1688	66.8711	66.8711
1689	66.8711	66.8711
1690	66.8711	66.9158
1691	66.8711	66.8832
1692	66.8711	66.889
1693	66.8711	66.91
1694	66.8711	66.9491
1695	66.8711	66.8945
1696	66.8711	66.9088
1697	66.8711	66.8915
1698	66.8711	66.8711
1699	66.8711	66.9042
1700	66.8711	66.8727
1701	66.8711	66.9139
1702	66.8711	66.8885
1703	66.8711	66.9642
1704	66.8711	66.879
1705	66.8711	67.0705
1706	66.8711	66.9449
1707	66.8711	66.8768
1708	66.8711	66.8749
1709	66.8711	66.8745
1710	66.8711	66.8711
1711	66.8711	66.8711
1712	66.8711	66.938
1713	66.8711	66.8882
1714	66.8711	66.9354
1715	66.8711	67.153
1716	66.8711	66.9112
1717	66.8711	66.8711
1718	66.8711	66.8711
1719	66.8711	66.9385
1720	66.8711	66.9011
1721	66.8711	66.9056
1722	66.8711	66.8744
1723	66.8711	66.9205
1724	66.8711	66.8846
1725	66.8711	66.9118
1726	66.8711	66.8711
1727	66.8711	66.8711
1728	66.8711	66.8711
1729	66.8711	66.8849
1730	66.8711	66.8896
1731	66.8711	66.8738
1732	66.8711	66.8887
1733	66.8711	66.896
1734	66.8711	66.9995
1735	66.8711	66.9487
1736	66.8711	67.1263
1737	66.8711	67.0869
1738	66.8711	67.0048
1739	66.8711	67.0176
1740	66.8711	67.1405
1741	66.8711	67.0787
1742	66.8711	66.9791
1743	66.8711	66.9572
1744	66.8711	66.9441
1745	66.8711	66.9374
1746	66.8711	66.9406
1747	66.8711	66.9512
1748	66.8711	66.971
1749	66.8711	67.0349
1750	66.8711	67.0431
1751	66.8711	66.8972
1752	66.8711	66.8827
1753	66.8711	66.884
1754	66.8711	67.072
1755	66.8711	67.0733
1756	66.8711	66.9406
1757	66.8711	66.9394
1758	66.8711	66.9086
1759	66.8711	66.9626
1760	66.8711	66.8711
1761	66.8711	66.895
1762	66.8711	66.9718
1763	66.8711	66.874
1764	66.8711	66.9083
1765	66.8711	66.8845
1766	66.8711	66.9805
1767	66.8711	67.0371
1768	66.8711	66.9993
1769	66.8711	66.8859
1770	66.8711	66.8711
1771	66.8711	66.961
1772	66.8711	66.9434
1773	66.8711	66.883
1774	66.8711	66.8711
1775	66.8711	66.8711
1776	66.8711	66.8711
1777	66.8711	66.8711
1778	66.8711	66.9302
1779	66.8711	66.9311
1780	66.8711	66.9669
1781	66.8711	67.1315
1782	66.8711	67.0287
1783	66.8711	66.9131
1784	66.8711	66.9926
1785	66.8711	66.9266
1786	66.8711	66.9404
1787	66.8711	66.9698
1788	66.8711	66.8994
1789	66.8711	66.9195
1790	66.8711	66.9728
1791	66.8711	66.8711
1792	66.8711	66.8711
1793	66.8711	66.8711
1794	66.8711	66.8711
1795	66.8711	66.8728
1796	66.8711	66.9209
1797	66.8711	66.9805
1798	66.8711	66.9262
1799	66.8711	66.8711
1800	66.8711	66.8847
1801	66.8711	66.8761
1802	66.8711	67.0572
1803	66.8711	66.9559
1804	66.8711	66.9309
1805	66.8711	66.9811
1806	66.8711	66.8956
1807	66.8711	66.9568
1808	66.8711	66.9534
1809	66.8711	66.884
1810	66.8711	66.8711
1811	66.8711	66.8711
1812	66.8711	66.8714
1813	66.8711	66.8785
1814	66.8711	67.0361
1815	66.8711	67.0168
1816	66.8711	66.875
1817	66.8711	66.8711
1818	66.8711	66.8711
1819	66.8711	66.8711
1820	66.8711	66.8711
1821	66.8711	66.8753
1822	66.8711	66.9156
1823	66.8711	66.8927
1824	66.8711	66.8711
1825	66.8711	66.9565
1826	66.8711	66.8711
1827	66.8711	66.8711
1828	66.8711	66.8711
1829	66.8711	66.8721
1830	66.8711	66.9088
1831	66.8711	66.8778
1832	66.8711	66.8711
1833	66.8711	66.8711
1834	66.8711	66.8733
1835	66.8711	66.888
1836	66.8711	66.9522
1837	66.8711	66.8724
1838	66.8711	66.9744
1839	66.8711	66.9622
1840	66.8711	66.876
1841	66.8711	66.9638
1842	66.8711	66.9026
1843	66.8711	66.8917
1844	66.8711	66.9149
1845	66.8711	66.8711
1846	66.8711	66.8711
1847	66.8711	66.886
1848	66.8711	66.8799
1849	66.8711	67.038
1850	66.8711	66.9109
1851	66.8711	66.8766
1852	66.8711	66.8711
1853	66.8711	66.9152
1854	66.8711	66.9663
1855	66.8711	66.8711
1856	66.8711	66.9577
1857	66.8711	66.8913
1858	66.8711	66.8711
1859	66.8711	66.8711
1860	66.8711	66.8711
1861	66.8711	66.8711
1862	66.8711	66.938
1863	66.8711	66.8937
1864	66.8711	66.942
1865	66.8711	66.8775
1866	66.8711	66.9616
1867	66.8711	67.0321
1868	66.8711	66.9367
1869	66.8711	66.8763
1870	66.8711	66.8711
1871	66.8711	66.8965
1872	66.8711	66.8711
1873	66.8711	66.9295
1874	66.8711	66.8788
1875	66.8711	66.9667
1876	66.8711	66.8711
1877	66.8711	67.0284
1878	66.8711	66.8711
1879	66.8711	66.8711
1880	66.8711	66.9028
1881	66.8711	67.0823
1882	66.8711	66.9801
1883	66.8711	66.8937
1884	66.8711	66.9348
1885	66.8711	66.8742
1886	66.8711	66.9233
1887	66.8711	66.8711
1888	66.8711	66.8917
1889	66.8711	66.9054
1890	66.8711	66.8719
1891	66.8711	66.8711
1892	66.8711	66.8711
1893	66.8711	66.8711
1894	66.8711	66.8711
1895	66.8711	66.8711
1896	66.8711	66.8711
1897	66.8711	66.8932
1898	66.8711	66.8711
1899	66.8711	66.8714
1900	66.8711	66.8718
1901	66.8711	66.9344
1902	66.8711	66.8711
1903	66.8711	66.8852
1904	66.8711	66.8711
1905	66.8711	66.9539
1906	66.8711	66.9506
1907	66.8711	66.8724
1908	66.8711	66.8711
1909	66.8711	66.8993
1910	66.8711	66.8814
1911	66.8711	66.9506
1912	66.8711	66.8739
1913	66.8711	66.882
1914	66.8711	66.8711
1915	66.8711	66.8711
1916	66.8711	66.8711
1917	66.8711	66.926
1918	66.8711	66.9445
1919	66.8711	66.9893
1920	66.8711	66.9043
1921	66.8711	66.9454
1922	66.8711	66.9864
1923	66.8711	66.8711
1924	66.8711	66.9821
1925	66.8711	66.8711
1926	66.8711	66.8811
1927	66.8711	66.8711
1928	66.8711	66.8711
1929	66.8711	66.8711
1930	66.8711	67.0013
1931	66.8711	66.9119
1932	66.8711	66.9495
1933	66.8711	66.8711
1934	66.8711	66.9011
1935	66.8711	66.8711
1936	66.8711	66.89
1937	66.8711	67.0287
1938	66.8711	66.9418
1939	66.8711	66.9134
1940	66.8711	66.8711
1941	66.8711	67.0239
1942	66.8711	67.079
1943	66.8711	67.0288
1944	66.8711	67.219
1945	66.8711	67.1101
1946	66.8711	66.8762
1947	66.8711	66.8711
1948	66.8711	66.8711
1949	66.8711	66.9136
1950	66.8711	66.8936
1951	66.8711	67.1594
1952	66.8711	66.9289
1953	66.8711	66.967
1954	66.8711	67.1113
1955	66.8711	67.0853
1956	66.8711	66.9396
1957	66.8711	66.8804
1958	66.8711	66.8711
1959	66.8711	66.8711
1960	66.8711	66.9457
1961	66.8711	66.8711
1962	66.8711	66.8711
1963	66.8711	66.8711
1964	66.8711	66.8711
1965	66.8711	66.8801
1966	66.8711	66.991
1967	66.8711	67.0294
1968	66.8711	66.9769
1969	66.8711	67.0069
1970	66.8711	66.9288
1971	66.8711	66.8975
1972	66.8711	66.9539
1973	66.8711	66.9046
1974	66.8711	66.8921
1975	66.8711	66.9761
1976	66.8711	66.8928
1977	66.8711	66.8711
1978	66.8711	66.9475
1979	66.8711	66.8777
1980	66.8711	66.8863
1981	66.8711	66.8711
1982	66.8711	66.8774
1983	66.8711	66.8711
1984	66.8711	66.8711
1985	66.8711	66.88
1986	66.8711	66.9021
1987	66.8711	66.9156
1988	66.8711	66.961
1989	66.8711	67.1305
1990	66.8711	67.0569
1991	66.8711	67.1234
1992	66.8711	67.1512
1993	66.8711	67.017
1994	66.8711	67.1197
1995	66.8711	66.9583
1996	66.8711	67.0114
1997	66.8711	66.8956
1998	66.8711	66.8711
1999	66.8711	66.92
2000	66.8711	67.2389
2001	66.8711	66.8915
2002	66.8711	66.8897
2003	66.8711	66.8711
2004	66.8711	66.8711
2005	66.8711	66.8711
2006	66.8711	66.8749
2007	66.8711	66.8711
2008	66.8711	66.8742
2009	66.8711	66.8711
2010	66.8711	66.8711
2011	66.8711	66.8711
2012	66.8711	66.8711
2013	66.8711	66.8917
2014	66.8711	66.9154
2015	66.8711	66.9615
2016	66.8711	66.8716
2017	66.8711	66.8711
2018	66.8711	66.94
2019	66.8711	67.0134
2020	66.8711	66.9166
2021	66.8711	66.9261
2022	66.8711	66.8731
2023	66.8711	66.8711
2024	66.8711	66.945
2025	66.8711	67.035
2026	66.8711	66.8801
2027	66.8711	66.8895
2028	66.8711	66.8711
2029	66.8711	66.8919
2030	66.8711	66.8881
2031	66.8711	66.8784
2032	66.8711	66.8711
2033	66.8711	66.8957
2034	66.8711	66.8711
2035	66.8711	66.8711
2036	66.8711	66.8745
2037	66.8711	66.9202
2038	66.8711	67.1281
2039	66.8711	66.9982
2040	66.8711	66.9748
2041	66.8711	66.8711
2042	66.8711	66.8711
2043	66.8711	66.8711
2044	66.8711	66.8743
2045	66.8711	66.8711
2046	66.8711	66.8944
2047	66.8711	66.8711
2048	66.8711	66.8993
2049	66.8711	66.8711
2050	66.8711	66.8711
2051	66.8711	66.8711
2052	66.8711	66.8731
2053	66.8711	66.8891
2054	66.8711	66.9358
2055	66.8711	66.8979
2056	66.8711	66.8711
2057	66.8711	66.9016
2058	66.8711	66.9324
2059	66.8711	67.1224
2060	66.8711	66.9512
2061	66.8711	66.8845
2062	66.8711	66.9358
2063	66.8711	67.0043
2064	66.8711	66.8711
2065	66.8711	66.8711
2066	66.8711	66.9007
2067	66.8711	67.0081
2068	66.8711	66.9928
2069	66.8711	66.9997
2070	66.8711	66.9424
2071	66.8711	66.8895
2072	66.8711	66.8825
2073	66.8711	66.9184
2074	66.8711	66.8825
2075	66.8711	66.8931
2076	66.8711	66.8783
2077	66.8711	66.8787
2078	66.8711	66.8923
2079	66.8711	66.8887
2080	66.8711	66.8959
2081	66.8711	66.8725
2082	66.8711	66.956
2083	66.8711	66.8727
2084	66.8711	66.981
2085	66.8711	66.8711
2086	66.8711	66.8782
2087	66.8711	66.8711
2088	66.8711	66.8711
2089	66.8711	66.8729
2090	66.8711	66.8711
2091	66.8711	66.9359
2092	66.8711	66.9025
2093	66.8711	67.0025
2094	66.8711	66.8711
2095	66.8711	66.875
2096	66.8711	66.8806
2097	66.8711	66.8711
2098	66.8711	66.8956
2099	66.8711	66.8888
2100	66.8711	66.8993
2101	66.8711	66.8711
2102	66.8711	66.8711
2103	66.8711	66.8711
2104	66.8711	66.8711
2105	66.8711	66.8711
2106	66.8711	66.8711
2107	66.8711	66.9362
2108	66.8711	67.0203
2109	66.8711	66.9019
2110	66.8711	67.0338
2111	66.8711	66.9069
2112	66.8711	67.0455
2113	66.8711	66.9386
2114	66.8711	66.8996
2115	66.8711	66.9688
2116	66.8711	66.9523
2117	66.8711	66.8961
2118	66.8711	66.8711
2119	66.8711	66.8802
2120	66.8711	66.9455
2121	66.8711	66.9795
2122	66.8711	66.8711
2123	66.8711	66.8711
2124	66.8711	66.8711
2125	66.8711	66.8711
2126	66.8711	66.8711
2127	66.8711	66.9101
2128	66.8711	66.8711
2129	66.8711	66.8711
2130	66.8711	66.8711
2131	66.8711	66.8893
2132	66.8711	67.0886
2133	66.8711	67.0416
2134	66.8711	66.9901
2135	66.8711	67.1271
2136	66.8711	66.9568
2137	66.8711	66.9887
2138	66.8711	67.0487
2139	66.8711	67.2712
2140	66.8711	66.9083
2141	66.8711	66.9088
2142	66.8711	66.8711
2143	66.8711	66.8733
2144	66.8711	66.8924
2145	66.8711	66.9784
2146	66.8711	66.8752
2147	66.8711	66.9581
2148	66.8711	67.0354
2149	66.8711	66.9612
2150	66.8711	67.0903
2151	66.8711	66.9188
2152	66.8711	66.8711
2153	66.8711	66.8711
2154	66.8711	66.8714
2155	66.8711	66.8711
2156	66.8711	66.9629
2157	66.8711	67
2158	66.8711	66.8834
2159	66.8711	66.9848
2160	66.8711	66.984
2161	66.8711	66.8711
2162	66.8711	66.8738
2163	66.8711	66.9767
2164	66.8711	66.8775
2165	66.8711	66.873
2166	66.8711	66.8711
2167	66.8711	66.8711
2168	66.8711	66.8907
2169	66.8711	67.026
2170	66.8711	66.9328
2171	66.8711	66.943
2172	66.8711	66.8997
2173	66.8711	66.8711
2174	66.8711	66.8711
2175	66.8711	66.8711
2176	66.8711	66.8711
2177	66.8711	66.8723
2178	66.8711	66.8874
2179	66.8711	66.8889
2180	66.8711	66.8711
2181	66.8711	66.8711
2182	66.8711	66.9767
2183	66.8711	66.8711
2184	66.8711	66.8711
2185	66.8711	66.9008
2186	66.8711	66.8711
2187	66.8711	66.8711
2188	66.8711	66.8711
2189	66.8711	66.8711
2190	66.8711	66.8892
2191	66.8711	66.8805
2192	66.8711	66.8711
2193	66.8711	66.8856
2194	66.8711	66.8711
2195	66.8711	66.8711
2196	66.8711	66.8711
2197	66.8711	66.8799
2198	66.8711	66.8754
2199	66.8711	66.9145
2200	66.8711	66.922
2201	66.8711	66.8869
2202	66.8711	66.8845
2203	66.8711	66.8711
2204	66.8711	66.9165
2205	66.8711	66.9127
2206	66.8711	67.0275
2207	66.8711	67.0589
2208	66.8711	67.1057
2209	66.8711	66.8961
2210	66.8711	66.8724
2211	66.8711	66.9347
2212	66.8711	66.9726
2213	66.8711	66.975
2214	66.8711	66.8711
2215	66.8711	66.9732
2216	66.8711	66.9496
2217	66.8711	67.153
2218	66.8711	67.122
2219	66.8711	66.9981
2220	66.8711	66.8967
2221	66.8711	67.0353
2222	66.8711	66.9308
2223	66.8711	66.9657
2224	66.8711	66.9105
2225	66.8711	66.9015
2226	66.8711	66.905
2227	66.8711	66.8711
2228	66.8711	66.9055
2229	66.8711	66.915
2230	66.8711	66.9478
2231	66.8711	67.0187
2232	66.8711	66.8711
2233	66.8711	66.8711
2234	66.8711	66.8711
2235	66.8711	66.8838
2236	66.8711	67.1112
2237	66.8711	67.0689
2238	66.8711	67.0135
2239	66.8711	67.0003
2240	66.8711	66.8711
2241	66.8711	66.9108
2242	66.8711	66.8837
2243	66.8711	67.024
2244	66.8711	66.9624
2245	66.8711	66.8711
2246	66.8711	66.9123
2247	66.8711	66.8711
2248	66.8711	66.8711
2249	66.8711	66.8742
2250	66.8711	66.914
2251	66.8711	66.8922
2252	66.8711	66.8711
2253	66.8711	67.0037
2254	66.8711	66.8711
2255	66.8711	66.9026
2256	66.8711	66.9139
2257	66.8711	66.88
2258	66.8711	66.8711
2259	66.8711	66.8711
2260	66.8711	66.8711
2261	66.8711	66.9465
2262	66.8711	66.9447
2263	66.8711	66.956
2264	66.8711	66.9321
2265	66.8711	66.8932
2266	66.8711	66.9057
2267	66.8711	66.8711
2268	66.8711	66.9614
2269	66.8711	67.1042
2270	66.8711	66.9851
2271	66.8711	66.9314
2272	66.8711	66.8711
2273	66.8711	66.8711
2274	66.8711	66.8793
2275	66.8711	66.8762
2276	66.8711	66.8711
2277	66.8711	66.8711
2278	66.8711	66.8711
2279	66.8711	66.8933
2280	66.8711	66.8801
2281	66.8711	66.8711
2282	66.8711	66.8761
2283	66.8711	66.8711
2284	66.8711	66.88
2285	66.8711	66.8801
2286	66.8711	66.8757
2287	66.8711	67.0075
2288	66.8711	66.8722
2289	66.8711	66.8711
2290	66.8711	66.9005
2291	66.8711	66.8711
2292	66.8711	66.8711
2293	66.8711	66.8762
2294	66.8711	67.0277
2295	66.8711	67.1296
2296	66.8711	67.1245
2297	66.8711	66.9069
2298	66.8711	66.9551
2299	66.8711	66.8832
2300	66.8711	67.1137
2301	66.8711	66.9957
2302	66.8711	66.8711
2303	66.8711	66.8711
2304	66.8711	66.8711
2305	66.8711	67.0504
2306	66.8711	66.9527
2307	66.8711	67.0326
2308	66.8711	66.9351
2309	66.8711	67.0074
2310	66.8711	66.9582
2311	66.8711	66.959
2312	66.8711	66.8814
2313	66.8711	66.9211
2314	66.8711	66.9266
2315	66.8711	66.9062
2316	66.8711	66.9336
2317	66.8711	66.8711
2318	66.8711	66.9212
2319	66.8711	66.9881
2320	66.8711	66.9104
2321	66.8711	66.8711
2322	66.8711	66.8711
2323	66.8711	67.0435
2324	66.8711	67.2302
2325	66.8711	66.8897
2326	66.8711	66.8812
2327	66.8711	66.8717
2328	66.8711	66.8711
2329	66.8711	66.8711
2330	66.8711	66.8711
2331	66.8711	66.8711
2332	66.8711	66.8711
2333	66.8711	66.9184
2334	66.8711	66.874
2335	66.8711	66.8959
2336	66.8711	66.9323
2337	66.8711	66.9726
2338	66.8711	66.9038
2339	66.8711	66.9504
2340	66.8711	66.9377
2341	66.8711	66.9423
2342	66.8711	66.9065
2343	66.8711	66.8946
2344	66.8711	66.8968
2345	66.8711	66.8711
2346	66.8711	66.8888
2347	66.8711	66.8711
2348	66.8711	66.8863
2349	66.8711	66.8908
2350	66.8711	66.8711
2351	66.8711	66.8711
2352	66.8711	66.8711
2353	66.8711	66.8712
2354	66.8711	66.8771
2355	66.8711	67.228
2356	66.8711	66.9386
2357	66.8711	66.9118
2358	66.8711	66.8711
2359	66.8711	66.9767
2360	66.8711	66.9302
2361	66.8711	66.9188
2362	66.8711	66.9869
2363	66.8711	67.0935
2364	66.8711	66.8711
2365	66.8711	66.8849
2366	66.8711	66.8711
2367	66.8711	66.8849
2368	66.8711	66.8711
2369	66.8711	66.8711
2370	66.8711	66.8711
2371	66.8711	66.8925
2372	66.8711	66.8711
2373	66.8711	66.8769
2374	66.8711	66.8711
2375	66.8711	66.9471
2376	66.8711	66.8722
2377	66.8711	66.8711
2378	66.8711	66.8711
2379	66.8711	66.8711
2380	66.8711	66.8711
2381	66.8711	66.8893
2382	66.8711	66.9543
2383	66.8711	66.9229
2384	66.8711	66.932
2385	66.8711	67.1456
2386	66.8711	66.9511
2387	66.8711	66.9374
2388	66.8711	67.21
2389	66.8711	67.1408
2390	66.8711	66.9542
2391	66.8711	67.0362
2392	66.8711	66.8855
2393	66.8711	66.8711
2394	66.8711	66.8711
2395	66.8711	66.8779
2396	66.8711	66.941
2397	66.8711	66.8711
2398	66.8711	66.8985
2399	66.8711	66.9424
2400	66.8711	66.9297
2401	66.8711	66.8845
2402	66.8711	66.9142
2403	66.8711	66.8812
2404	66.8711	66.9653
2405	66.8711	66.9931
2406	66.8711	66.8711
2407	66.8711	66.8946
2408	66.8711	66.8711
2409	66.8711	66.891
2410	66.8711	66.9673
2411	66.8711	67.1293
2412	66.8711	66.8997
2413	66.8711	67.0042
2414	66.8711	66.9682
2415	66.8711	66.8794
2416	66.8711	66.9112
2417	66.8711	66.8852
2418	66.8711	66.8828
2419	66.8711	66.8711
2420	66.8711	66.8716
2421	66.8711	66.8711
2422	66.8711	66.9527
2423	66.8711	66.8711
2424	66.8711	66.8711
2425	66.8711	66.9141
2426	66.8711	66.8805
2427	66.8711	66.8883
2428	66.8711	66.8711
2429	66.8711	66.8711
2430	66.8711	66.8788
2431	66.8711	66.9152
2432	66.8711	66.8711
2433	66.8711	66.9065
2434	66.8711	66.9048
2435	66.8711	66.895
2436	66.8711	66.8711
2437	66.8711	66.9411
2438	66.8711	66.9064
2439	66.8711	66.957
2440	66.8711	66.9705
2441	66.8711	66.9523
2442	66.8711	66.9708
2443	66.8711	67.1553
2444	66.8711	66.8776
2445	66.8711	66.9336
2446	66.8711	66.9056
2447	66.8711	66.8711
2448	66.8711	66.8924
2449	66.8711	67.0962
2450	66.8711	66.9832
2451	66.8711	66.9575
2452	66.8711	66.9066
2453	66.8711	67.0164
2454	66.8711	66.9471
2455	66.8711	67.0084
2456	66.8711	66.9613
2457	66.8711	66.9279
2458	66.8711	67.0306
2459	66.8711	66.8901
2460	66.8711	67.1448
2461	66.8711	66.8883
2462	66.8711	67.0464
2463	66.8711	66.9654
2464	66.8711	66.9702
2465	66.8711	66.911
2466	66.8711	66.8711
2467	66.8711	66.8711
2468	66.8711	66.9299
2469	66.8711	66.8935
2470	66.8711	66.8711
2471	66.8711	66.8711
2472	66.8711	66.8711
2473	66.8711	66.8711
2474	66.8711	66.8711
2475	66.8711	66.8777
2476	66.8711	66.8961
2477	66.8711	66.8711
2478	66.8711	66.9231
2479	66.8711	66.8739
2480	66.8711	66.8855
2481	66.8711	66.8847
2482	66.8711	66.9222
2483	66.8711	66.8711
2484	66.8711	66.8711
2485	66.8711	66.8711
2486	66.8711	66.9454
2487	66.8711	66.9221
2488	66.8711	66.9156
2489	66.8711	67.0211
2490	66.8711	66.9063
2491	66.8711	66.872
2492	66.8711	66.8711
2493	66.8711	66.8711
2494	66.8711	66.8771
2495	66.8711	66.9499
2496	66.8711	66.9859
2497	66.8711	66.9175
2498	66.8711	66.8711
2499	66.8711	66.8711
2500	66.8711	66.8972
2501	66.8711	66.8763
2502	66.8711	66.8711
2503	66.8711	66.8785
2504	66.8711	66.8806
2505	66.8711	66.9375
2506	66.8711	66.8711
2507	66.8711	66.8711
2508	66.8711	66.8786
2509	66.8711	66.9082
2510	66.8711	66.9069
2511	66.8711	66.8738
2512	66.8711	66.8711
2513	66.8711	66.8841
2514	66.8711	66.8928
2515	66.8711	66.8745
2516	66.8711	66.9408
2517	66.8711	67.0882
2518	66.8711	67.0628
2519	66.8711	66.8711
2520	66.8711	66.8711
2521	66.8711	66.9453
2522	66.8711	66.9972
2523	66.8711	67.0598
2524	66.8711	66.9844
2525	66.8711	66.8761
2526	66.8711	67.0352
2527	66.8711	67.096
2528	66.8711	67.0889
2529	66.8711	66.9992
2530	66.8711	67.1498
2531	66.8711	67.0917
2532	66.8711	66.9748
2533	66.8711	66.9172
2534	66.8711	66.9356
2535	66.8711	66.8711
2536	66.8711	67.0229
2537	66.8711	66.9073
2538	66.8711	66.9212
2539	66.8711	66.8797
2540	66.8711	66.8913
2541	66.8711	66.8712
2542	66.8711	66.9332
2543	66.8711	67.0722
2544	66.8711	66.9326
2545	66.8711	66.9214
2546	66.8711	66.926
2547	66.8711	67.0124
2548	66.8711	67.0292
2549	66.8711	66.8918
2550	66.8711	66.8711
2551	66.8711	66.8711
2552	66.8711	66.8711
2553	66.8711	66.9348
2554	66.8711	67.0445
2555	66.8711	67.0287
2556	66.8711	66.9864
2557	66.8711	66.9139
2558	66.8711	66.9221
2559	66.8711	66.9844
2560	66.8711	66.9098
2561	66.8711	66.9217
2562	66.8711	66.9982
2563	66.8711	67.212
2564	66.8711	67.0002
2565	66.8711	66.8711
2566	66.8711	66.8711
2567	66.8711	66.8711
2568	66.8711	66.9132
2569	66.8711	66.8711
2570	66.8711	66.8711
2571	66.8711	66.8711
2572	66.8711	66.8711
2573	66.8711	66.8711
2574	66.8711	66.8962
2575	66.8711	66.8711
2576	66.8711	66.9326
2577	66.8711	66.8793
2578	66.8711	66.9048
2579	66.8711	66.9078
2580	66.8711	66.8711
2581	66.8711	66.8711
2582	66.8711	66.872
2583	66.8711	66.876
2584	66.8711	66.9232
2585	66.8711	66.8771
2586	66.8711	66.8711
2587	66.8711	66.9124
2588	66.8711	66.8846
2589	66.8711	67.0333
2590	66.8711	66.9715
2591	66.8711	66.9758
2592	66.8711	66.8939
2593	66.8711	66.8883
2594	66.8711	66.8711
2595	66.8711	66.8724
2596	66.8711	67.1085
2597	66.8711	66.9574
2598	66.8711	66.935
2599	66.8711	66.8711
2600	66.8711	66.8771
2601	66.8711	66.909
2602	66.8711	66.8711
2603	66.8711	66.8711
2604	66.8711	66.8893
2605	66.8711	66.8711
2606	66.8711	66.8711
2607	66.8711	66.8953
2608	66.8711	66.9029
2609	66.8711	66.8711
2610	66.8711	66.9717
2611	66.8711	66.8711
2612	66.8711	66.9432
2613	66.8711	67.1745
2614	66.8711	66.8856
2615	66.8711	66.8711
2616	66.8711	66.8847
2617	66.8711	66.9675
2618	66.8711	66.8711
2619	66.8711	66.8984
2620	66.8711	66.8711
2621	66.8711	66.948
2622	66.8711	66.9562
2623	66.8711	66.9079
2624	66.8711	66.8711
2625	66.8711	66.8711
2626	66.8711	66.8711
2627	66.8711	66.9054
2628	66.8711	66.9357
2629	66.8711	66.8895
2630	66.8711	66.8711
2631	66.8711	66.8874
2632	66.8711	66.9386
2633	66.8711	66.9671
2634	66.8711	66.8711
2635	66.8711	66.9497
2636	66.8711	67.1473
2637	66.8711	66.8711
2638	66.8711	66.8747
2639	66.8711	66.9637
2640	66.8711	67.0614
2641	66.8711	66.8952
2642	66.8711	66.8711
2643	66.8711	66.8711
2644	66.8711	66.9235
2645	66.8711	66.8974
2646	66.8711	66.8806
2647	66.8711	66.9527
2648	66.8711	67.0085
2649	66.8711	66.8723
2650	66.8711	66.9966
2651	66.8711	66.8784
2652	66.8711	66.8711
2653	66.8711	66.8711
2654	66.8711	66.9818
2655	66.8711	67.1283
2656	66.8711	67.0208
2657	66.8711	66.9168
2658	66.8711	66.8714
2659	66.8711	66.8753
2660	66.8711	66.8815
2661	66.8711	66.8956
2662	66.8711	66.8711
2663	66.8711	66.8917
2664	66.8711	66.8711
2665	66.8711	66.8894
2666	66.8711	66.9261
2667	66.8711	66.9645
2668	66.8711	66.8711
2669	66.8711	66.9301
2670	66.8711	66.8711
2671	66.8711	66.8711
2672	66.8711	66.8841
2673	66.8711	66.8711
2674	66.8711	66.8711
2675	66.8711	66.8888
2676	66.8711	66.8711
2677	66.8711	66.8711
2678	66.8711	66.9081
2679	66.8711	66.899
2680	66.8711	66.9985
2681	66.8711	66.9649
2682	66.8711	66.8711
2683	66.8711	66.8724
2684	66.8711	66.8711
2685	66.8711	66.988
2686	66.8711	66.9252
2687	66.8711	66.8738
2688	66.8711	66.8711
2689	66.8711	66.8763
2690	66.8711	66.9419
2691	66.8711	67.1509
2692	66.8711	67.0902
2693	66.8711	66.995
2694	66.8711	66.8974
2695	66.8711	66.8903
2696	66.8711	66.8711
2697	66.8711	66.875
2698	66.8711	66.8792
2699	66.8711	66.9053
2700	66.8711	66.8898
2701	66.8711	66.8741
2702	66.8711	66.9413
2703	66.8711	67.0597
2704	66.8711	66.8711
2705	66.8711	66.8826
2706	66.8711	66.8711
2707	66.8711	66.8711
2708	66.8711	66.8787
2709	66.8711	66.8715
2710	66.8711	66.8835
2711	66.8711	66.924
2712	66.8711	66.9631
2713	66.8711	66.8711
2714	66.8711	66.8711
2715	66.8711	66.9472
2716	66.8711	66.9009
2717	66.8711	66.8769
2718	66.8711	66.9248
2719	66.8711	66.8746
2720	66.8711	66.9227
2721	66.8711	66.8833
2722	66.8711	66.9285
2723	66.8711	66.9384
2724	66.8711	66.9096
2725	66.8711	66.9265
2726	66.8711	66.8724
2727	66.8711	66.874
2728	66.8711	66.8827
2729	66.8711	66.9003
2730	66.8711	66.8916
2731	66.8711	67.0675
2732	66.8711	66.9431
2733	66.8711	67.0338
2734	66.8711	67.0196
2735	66.8711	66.8711
2736	66.8711	66.8711
2737	66.8711	66.8886
2738	66.8711	66.8711
2739	66.8711	66.8711
2740	66.8711	66.988
2741	66.8711	67.0401
2742	66.8711	67.013
2743	66.8711	66.9328
2744	66.8711	66.9009
2745	66.8711	66.9238
2746	66.8711	66.94
2747	66.8711	66.8814
2748	66.8711	66.9076
2749	66.8711	66.9418
2750	66.8711	66.9325
2751	66.8711	67.0193
2752	66.8711	66.951
2753	66.8711	66.9057
2754	66.8711	66.8787
2755	66.8711	66.9361
2756	66.8711	66.9037
2757	66.8711	66.9168
2758	66.8711	67.0793
2759	66.8711	66.9456
2760	66.8711	66.9216
2761	66.8711	66.8711
2762	66.8711	67.0182
2763	66.8711	66.8837
2764	66.8711	66.969
2765	66.8711	67.0008
2766	66.8711	66.8744
2767	66.8711	66.872
2768	66.8711	66.89
2769	66.8711	66.9347
2770	66.8711	66.9017
2771	66.8711	67.0566
2772	66.8711	67.0722
2773	66.8711	66.8729
2774	66.8711	66.8861
2775	66.8711	66.9346
2776	66.8711	66.8954
2777	66.8711	66.8711
2778	66.8711	66.9212
2779	66.8711	66.9544
2780	66.8711	66.8939
2781	66.8711	66.8711
2782	66.8711	66.999
2783	66.8711	67.0047
2784	66.8711	67.036
2785	66.8711	66.8769
2786	66.8711	66.8711
2787	66.8711	66.8711
2788	66.8711	66.8779
2789	66.8711	66.8711
2790	66.8711	66.8711
2791	66.8711	66.9496
2792	66.8711	67.0138
2793	66.8711	66.988
2794	66.8711	66.8711
2795	66.8711	67.022
2796	66.8711	66.9654
2797	66.8711	67.0086
2798	66.8711	66.9981
2799	66.8711	67.2001
2800	66.8711	66.9508
2801	66.8711	66.9654
2802	66.8711	66.8812
2803	66.8711	66.9519
2804	66.8711	66.8711
2805	66.8711	66.8711
2806	66.8711	66.9034
2807	66.8711	67.0696
2808	66.8711	66.9551
2809	66.8711	66.9584
2810	66.8711	66.989
2811	66.8711	66.9071
2812	66.8711	66.9125
2813	66.8711	66.9448
2814	66.8711	67.2384
2815	66.8711	66.9598
2816	66.8711	67.0154
2817	66.8711	67.0655
2818	66.8711	66.9865
2819	66.8711	67.0295
2820	66.8711	67.1239
2821	66.8711	67.1299
2822	66.8711	67.1301
2823	66.8711	66.9455
2824	66.8711	66.8788
2825	66.8711	66.8714
2826	66.8711	66.8711
2827	66.8711	66.8775
2828	66.8711	66.9937
2829	66.8711	66.9394
2830	66.8711	66.9615
2831	66.8711	66.8711
2832	66.8711	66.8711
2833	66.8711	66.8711
2834	66.8711	66.8751
2835	66.8711	66.91
2836	66.8711	66.8711
2837	66.8711	66.8711
2838	66.8711	66.8748
2839	66.8711	66.8711
2840	66.8711	66.9277
2841	66.8711	66.8711
2842	66.8711	66.8711
2843	66.8711	67.0413
2844	66.8711	66.8776
2845	66.8711	66.8762
2846	66.8711	66.9179
2847	66.8711	66.9748
2848	66.8711	66.8828
2849	66.8711	66.9099
2850	66.8711	66.9517
2851	66.8711	66.9853
2852	66.8711	66.8711
2853	66.8711	66.8715
2854	66.8711	66.8711
2855	66.8711	66.8711
2856	66.8711	66.965
2857	66.8711	67.009
2858	66.8711	66.962
2859	66.8711	66.8725
2860	66.8711	66.913
2861	66.8711	66.899
2862	66.8711	66.9303
2863	66.8711	67.0308
2864	66.8711	66.9357
2865	66.8711	67.035
2866	66.8711	67.1336
2867	66.8711	66.876
2868	66.8711	66.8955
2869	66.8711	66.9185
2870	66.8711	66.9681
2871	66.8711	67.0852
2872	66.8711	66.9221
2873	66.8711	66.9153
2874	66.8711	67.002
2875	66.8711	66.9053
2876	66.8711	66.8824
2877	66.8711	66.8722
2878	66.8711	66.8711
2879	66.8711	66.8711
2880	66.8711	66.8711
2881	66.8711	66.8711
2882	66.8711	66.9742
2883	66.8711	66.9187
2884	66.8711	67.1075
2885	66.8711	67.0185
2886	66.8711	66.8832
2887	66.8711	66.9098
2888	66.8711	66.9381
2889	66.8711	66.922
2890	66.8711	66.9932
2891	66.8711	66.9204
2892	66.8711	66.8711
2893	66.8711	66.9011
2894	66.8711	67.0533
2895	66.8711	66.9848
2896	66.8711	66.9385
2897	66.8711	67.094
2898	66.8711	66.8861
2899	66.8711	67.0395
2900	66.8711	66.8711
2901	66.8711	66.877
2902	66.8711	66.8711
2903	66.8711	66.8963
2904	66.8711	66.8711
2905	66.8711	66.9012
2906	66.8711	67.0701
2907	66.8711	66.8805
2908	66.8711	66.8711
2909	66.8711	66.8711
2910	66.8711	66.8711
2911	66.8711	66.9089
2912	66.6802	66.8803
2913	66.6802	66.907
2914	66.6802	66.9378
2915	66.6802	66.7978
2916	66.6802	66.7487
2917	66.6802	66.7773
2918	66.6139	66.8051
2919	66.6139	66.7176
2920	66.6139	66.6482
2921	66.6139	66.7048
2922	66.6139	66.8332
2923	66.6139	66.8451
2924	66.6139	66.6239
2925	66.6139	66.8013
2926	66.6139	66.6299
2927	66.6139	66.6139
2928	66.6139	66.6766
2929	66.6139	66.7246
2930	66.6139	66.6669
2931	66.6139	66.8965
2932	66.6139	66.6371
2933	66.6139	66.6222
2934	66.6139	66.7421
2935	66.6139	66.7032
2936	66.6139	66.6772
2937	66.6139	66.6139
2938	66.6139	66.636
2939	66.6139	66.6464
2940	66.6139	66.6361
2941	66.6139	66.6831
2942	66.6139	66.6139
2943	66.6139	66.6139
2944	66.6139	66.6874
2945	66.6139	66.616
2946	66.6139	66.6139
2947	66.6139	66.634
2948	66.6139	66.6139
2949	66.6139	66.7234
2950	66.6139	66.6296
2951	66.6139	66.6139
2952	66.6139	66.6139
2953	66.6139	66.6802
2954	66.6139	66.6212
2955	66.6139	66.6201
2956	66.6139	66.6139
2957	66.6139	66.6912
2958	66.6139	66.6849
2959	66.6139	66.626
2960	66.6139	66.7339
2961	66.6139	66.6259
2962	66.6139	66.6479
2963	66.6139	66.6139
2964	66.6139	66.6323
2965	66.6139	66.6443
2966	66.6139	66.7
2967	66.6139	66.6155
2968	66.6139	66.6139
2969	66.6139	66.7177
2970	66.6139	66.8744
2971	66.6139	66.69
2972	66.6139	66.6395
2973	66.6139	66.6328
2974	66.6139	66.8523
2975	66.6139	66.9944
2976	66.6139	66.6278
2977	66.6139	66.6739
2978	66.6139	66.6139
2979	66.6139	66.6139
2980	66.6139	66.6187
2981	66.6139	66.6155
2982	66.6139	66.6569
2983	66.6139	66.6139
2984	66.6139	66.614
2985	66.6139	66.6142
2986	66.6139	66.6139
2987	66.6139	66.6205
2988	66.6139	66.6238
2989	66.6139	66.6159
2990	66.6139	66.7804
2991	66.6139	66.657
2992	66.6139	66.6364
2993	66.6139	66.7104
2994	66.6139	66.6672
2995	66.6139	66.6845
2996	66.6139	66.6492
2997	66.6139	66.6457
2998	66.6139	66.708
2999	66.6139	66.6392
3000	66.6139	66.7686
3001	66.6139	66.6873
3002	66.6139	66.7422
3003	66.6139	66.9173
3004	66.6139	66.7974
3005	66.6139	66.7752
3006	66.6139	66.9265
3007	66.6139	66.7035
3008	66.6139	66.6583
3009	66.6139	66.7728
3010	66.6139	66.6827
3011	66.6139	66.8193
3012	66.6139	66.6957
3013	66.6139	66.6139
3014	66.6139	66.6234
3015	66.6139	66.6383
3016	66.6139	66.6139
3017	66.6139	66.6139
3018	66.6139	66.6139
3019	66.6139	66.6248
3020	66.6139	66.6139
3021	66.6139	66.6139
3022	66.6139	66.6403
3023	66.6139	66.6139
3024	66.6139	66.6429
3025	66.6139	66.6343
3026	66.6139	66.674
3027	66.6139	66.8195
3028	66.6139	66.6492
3029	66.6139	66.7242
3030	66.6139	66.6309
3031	66.6139	66.631
3032	66.6139	66.9116
3033	66.6139	66.6139
3034	66.6139	66.6634
3035	66.6139	66.671
3036	66.6139	66.6671
3037	66.6139	66.6588
3038	66.6139	66.6154
3039	66.6139	66.8184
3040	66.6139	66.6355
3041	66.6139	66.6139
3042	66.6139	66.7005
3043	66.6139	66.751
3044	66.6139	66.6139
3045	66.6139	66.6339
3046	66.6139	66.6658
3047	66.6139	66.6139
3048	66.6139	66.6143
3049	66.6139	66.6139
3050	66.6139	66.6358
3051	66.6139	66.6333
3052	66.6139	66.657
3053	66.6139	66.7321
3054	66.6139	66.6139
3055	66.6139	66.6139
3056	66.6139	66.6146
3057	66.6139	66.6139
3058	66.6139	66.6172
3059	66.6139	66.7215
3060	66.6139	66.6619
3061	66.6139	66.6525
3062	66.6139	66.6507
3063	66.6139	66.8089
3064	66.6139	66.7209
3065	66.6139	66.6278
3066	66.6139	66.6139
3067	66.6139	66.644
3068	66.6139	66.6552
3069	66.6139	66.7098
3070	66.6139	66.6551
3071	66.6139	66.659
3072	66.6139	66.6657
3073	66.6139	66.6263
3074	66.6139	66.6139
3075	66.6139	66.6564
3076	66.6139	66.6683
3077	66.6139	66.6146
3078	66.6139	66.7462
3079	66.6139	66.6175
3080	66.6139	66.6139
3081	66.6139	66.6139
3082	66.6139	66.6711
3083	66.6139	66.6309
3084	66.6139	66.6139
3085	66.6139	66.6139
3086	66.6139	66.6139
3087	66.6139	66.6139
3088	66.6139	66.6139
3089	66.6139	66.6844
3090	66.6139	66.7709
3091	66.6139	66.7698
3092	66.6139	66.8324
3093	66.6139	67.042
3094	66.6139	66.7177
3095	66.6139	66.6152
3096	66.6139	66.632
3097	66.6139	66.7484
3098	66.6139	66.7391
3099	66.6139	66.6455
3100	66.6139	66.6681
3101	66.6139	66.6509
3102	66.6139	66.7288
3103	66.6139	66.7194
3104	66.6139	66.6143
3105	66.6139	66.6988
3106	66.6139	66.7913
3107	66.6139	66.6505
3108	66.6139	66.6139
3109	66.6139	66.661
3110	66.6139	66.6139
3111	66.6139	66.6145
3112	66.6139	66.8903
3113	66.6139	66.6405
3114	66.6139	66.6139
3115	66.6139	66.6249
3116	66.6139	66.7568
3117	66.6139	66.7701
3118	66.6139	66.6462
3119	66.6139	66.6658
3120	66.6139	66.6348
3121	66.6139	66.6722
3122	66.6139	66.6837
3123	66.6139	66.6139
3124	66.6139	66.617
3125	66.6139	66.6139
3126	66.6139	66.6161
3127	66.6139	66.6246
3128	66.6139	66.8193
3129	66.6139	66.7878
3130	66.6139	66.6785
3131	66.6139	66.854
3132	66.6139	66.6458
3133	66.6139	66.6278
3134	66.6139	66.633
3135	66.6139	66.6359
3136	66.6139	66.6519
3137	66.6139	66.6139
3138	66.6139	66.6465
3139	66.6139	66.6139
3140	66.6139	66.6338
3141	66.6139	67.1095
3142	66.6139	66.7566
3143	66.6139	66.6139
3144	66.6139	66.6139
3145	66.6139	66.6139
3146	66.6139	66.6378
3147	66.6139	66.6139
3148	66.6139	66.6162
3149	66.6139	66.6391
3150	66.6139	66.6139
3151	66.6139	66.6139
3152	66.6139	66.6139
3153	66.6139	66.6139
3154	66.6139	66.6139
3155	66.6139	66.7634
3156	66.6139	66.6252
3157	66.6139	66.7681
3158	66.6139	66.7143
3159	66.6139	66.6613
3160	66.6139	66.679
3161	66.6139	66.6139
3162	66.6139	66.6403
3163	66.6139	66.663
3164	66.6139	66.7536
3165	66.6139	66.7448
3166	66.6139	66.6374
3167	66.6139	66.6385
3168	66.6139	66.6207
3169	66.6139	66.6626
3170	66.6139	66.7953
3171	66.6139	66.6454
3172	66.6139	66.6244
3173	66.6139	66.6139
3174	66.6139	66.6391
3175	66.6139	66.6355
3176	66.6139	66.7299
3177	66.6139	66.6139
3178	66.6139	66.6139
3179	66.6139	66.6351
3180	66.6139	66.6139
3181	66.6139	66.6219
3182	66.6139	66.6692
3183	66.6139	66.6139
3184	66.6139	66.6139
3185	66.6139	66.6276
3186	66.6139	66.6139
3187	66.6139	66.62
3188	66.6139	66.6363
3189	66.6139	66.6591
3190	66.6139	66.6279
3191	66.6139	66.6139
3192	66.6139	66.6413
3193	66.6139	66.6473
3194	66.6139	67.0585
3195	66.6139	66.8172
3196	66.6139	66.666
3197	66.6139	66.8149
3198	66.6139	66.8691
3199	66.6139	66.6402
3200	66.6139	66.6558
3201	66.6139	66.6268
3202	66.6139	66.6391
3203	66.6139	66.6868
3204	66.6139	66.9884
3205	66.6139	66.7486
3206	66.6139	66.6372
3207	66.6139	66.6139
3208	66.6139	66.6303
3209	66.6139	66.6261
3210	66.6139	66.6158
3211	66.6139	66.6519
3212	66.6139	66.6309
3213	66.6139	66.6344
3214	66.6139	66.6139
3215	66.6139	66.627
3216	66.6139	66.6162
3217	66.6139	66.7353
3218	66.6139	66.6214
3219	66.6139	66.8825
3220	66.6139	66.621
3221	66.6139	66.6139
3222	66.6139	66.6139
3223	66.6139	66.6904
3224	66.6139	66.6232
3225	66.6139	66.7465
3226	66.6139	66.676
3227	66.6139	66.6724
3228	66.6139	66.6139
3229	66.6139	66.6139
3230	66.6139	66.6139
3231	66.6139	66.6386
3232	66.6139	66.7247
3233	66.6139	66.653
3234	66.6139	66.6297
3235	66.6139	66.6159
3236	66.6139	66.6139
3237	66.6139	66.6139
3238	66.6139	66.6328
3239	66.6139	66.6149
3240	66.6139	66.6139
3241	66.6139	66.6139
3242	66.6139	66.6139
3243	66.6139	66.6272
3244	66.6139	66.6761
3245	66.6139	66.6673
3246	66.6139	66.6139
3247	66.6139	66.6458
3248	66.6139	66.6331
3249	66.6139	66.691
3250	66.6139	66.6476
3251	66.6139	66.6139
3252	66.6139	66.646
3253	66.6139	66.6139
3254	66.6139	66.6139
3255	66.6139	66.6284
3256	66.6139	66.6151
3257	66.6139	66.6165
3258	66.6139	66.7658
3259	66.6139	66.8242
3260	66.6139	66.664
3261	66.6139	66.7235
3262	66.6139	66.9461
3263	66.6139	66.6376
3264	66.6139	66.6529
3265	66.6139	66.6721
3266	66.6139	66.6139
3267	66.6139	66.6139
3268	66.6139	66.6934
3269	66.6139	66.6549
3270	66.6139	66.6139
3271	66.6139	66.711
3272	66.6139	66.6487
3273	66.6139	66.6139
3274	66.6139	66.6375
3275	66.6139	66.6308
3276	66.6139	66.6393
3277	66.6139	66.6846
3278	66.6139	66.87
3279	66.6139	66.6139
3280	66.6139	66.6139
3281	66.6139	66.6212
3282	66.6139	66.6139
3283	66.6139	66.6139
3284	66.6139	66.6631
3285	66.6139	66.7712
3286	66.6139	66.6614
3287	66.6139	66.7595
3288	66.6139	66.7042
3289	66.6139	66.8039
3290	66.6139	66.7321
3291	66.6139	66.6139
3292	66.6139	66.6139
3293	66.6139	66.6449
3294	66.6139	66.6266
3295	66.6139	66.6392
3296	66.6139	66.6164
3297	66.6139	66.693
3298	66.6139	66.6413
3299	66.6139	66.6282
3300	66.6139	66.6342
3301	66.6139	66.7329
3302	66.6139	66.6438
3303	66.6139	66.6139
3304	66.6139	66.6342
3305	66.6139	66.6364
3306	66.6139	66.6139
3307	66.6139	66.6237
3308	66.6139	66.6139
3309	66.6139	66.6768
3310	66.6139	66.6291
3311	66.6139	66.614
3312	66.6139	66.7001
3313	66.6139	66.6139
3314	66.6139	66.6181
3315	66.6139	66.6642
3316	66.6139	66.7356
3317	66.6139	66.63
3318	66.6139	66.6719
3319	66.6139	66.7564
3320	66.6139	66.6139
3321	66.6139	66.6304
3322	66.6139	66.6395
3323	66.6139	66.6139
3324	66.6139	66.6139
3325	66.6139	66.6139
3326	66.6139	66.6139
3327	66.6139	66.6216
3328	66.6139	66.6139
3329	66.6139	66.6322
3330	66.6139	66.6139
3331	66.6139	66.6272
3332	66.6139	66.658
3333	66.6139	66.6289
3334	66.6139	66.6139
3335	66.6139	66.6185
3336	66.6139	66.6796
3337	66.6139	66.6273
3338	66.6139	66.6139
3339	66.6139	66.6139
3340	66.6139	66.67
3341	66.6139	66.6651
3342	66.6139	66.6139
3343	66.6139	66.6959
3344	66.6139	66.6141
3345	66.6139	66.642
3346	66.6139	66.6296
3347	66.6139	66.6139
3348	66.6139	66.6139
3349	66.6139	66.6139
3350	66.6139	66.6139
3351	66.6139	66.646
3352	66.6139	66.7006
3353	66.6139	66.6373
3354	66.6139	66.6139
3355	66.6139	66.6139
3356	66.6139	66.6139
3357	66.6139	66.6156
3358	66.6139	66.6168
3359	66.6139	66.6139
3360	66.6139	66.6139
3361	66.6139	66.6504
3362	66.6139	66.6151
3363	66.6139	66.6278
3364	66.6139	66.6139
3365	66.6139	66.7323
3366	66.6139	66.6139
3367	66.6139	66.6168
3368	66.6139	66.621
3369	66.6139	66.6139
3370	66.5232	66.6136
3371	66.5232	66.6014
3372	66.5232	66.646
3373	66.5232	66.5584
3374	66.5232	66.6093
3375	66.5232	66.8303
3376	66.5232	66.7185
3377	66.5232	66.5235
3378	66.5232	66.6322
3379	66.5232	66.6643
3380	66.5232	66.559
3381	66.5232	66.7961
3382	66.5232	67.1349
3383	66.5232	66.5237
3384	66.5232	66.5344
3385	66.5232	66.5555
3386	66.5232	66.5666
3387	66.5232	66.5377
3388	66.5232	66.5232
3389	66.5232	66.5232
3390	66.5232	66.5243
3391	66.5232	66.5263
3392	66.5232	66.5352
3393	66.5232	66.5232
3394	66.5232	66.5232
3395	66.5232	66.5248
3396	66.5232	66.5232
3397	66.5232	66.5361
3398	66.5232	66.5307
3399	66.5232	66.5232
3400	66.5232	66.5406
3401	66.5232	66.5299
3402	66.5232	66.5232
3403	66.5232	66.6954
3404	66.5232	66.5803
3405	66.5232	66.8231
3406	66.5232	66.6236
3407	66.5232	66.5889
3408	66.5232	66.5335
3409	66.5232	66.6008
3410	66.5232	66.6369
3411	66.5232	66.5246
3412	66.5232	66.5249
3413	66.5232	66.5574
3414	66.5232	66.5232
3415	66.5232	66.5868
3416	66.5232	66.5728
3417	66.5232	66.5704
3418	66.5232	66.6537
3419	66.5232	66.5232
3420	66.5232	66.5535
3421	66.5232	66.5802
3422	66.5232	66.5837
3423	66.5232	66.5232
3424	66.5232	66.5232
3425	66.5232	66.7114
3426	66.5232	66.5374
3427	66.5232	66.5232
3428	66.5232	66.5437
3429	66.5232	66.5232
3430	66.5232	66.5232
3431	66.5232	66.5241
3432	66.5232	66.5232
3433	66.5232	66.5828
3434	66.5232	66.54
3435	66.5232	66.5232
3436	66.5232	66.5793
3437	66.5232	66.5606
3438	66.5232	66.5574
3439	66.5232	66.6601
3440	66.5232	66.5556
3441	66.5232	66.5254
3442	66.5232	66.5232
3443	66.5232	66.535
3444	66.5232	66.6846
3445	66.5232	66.5944
3446	66.5232	66.5232
3447	66.5232	66.5305
3448	66.5232	66.5573
3449	66.5232	66.5468
3450	66.5232	66.5736
3451	66.5232	66.5232
3452	66.5232	66.5232
3453	66.5232	66.5232
3454	66.5232	66.5232
3455	66.5232	66.5232
3456	66.5232	66.6122
3457	66.5232	66.578
3458	66.5232	66.5232
3459	66.5232	66.5232
3460	66.5232	66.5232
3461	66.5232	66.5382
3462	66.5232	66.6066
3463	66.5232	66.6139
3464	66.5232	66.5232
3465	66.5232	66.5232
3466	66.5232	66.5385
3467	66.5232	66.5256
3468	66.5232	66.5704
3469	66.5232	66.5442
3470	66.5232	66.5508
3471	66.5232	66.8086
3472	66.5232	66.5232
3473	66.5232	66.5451
3474	66.5232	66.5709
3475	66.5232	66.5292
3476	66.5232	66.5294
3477	66.5232	66.5366
3478	66.5232	66.5403
3479	66.5232	66.569
3480	66.5232	66.5249
3481	66.5232	66.5232
3482	66.5232	66.5232
3483	66.5232	66.5524
3484	66.5232	66.5352
3485	66.5232	66.6529
3486	66.5232	66.8611
3487	66.5232	66.5232
3488	66.5232	66.6472
3489	66.5232	66.564
3490	66.5232	66.5232
3491	66.5232	66.6213
3492	66.5232	66.5702
3493	66.5232	66.5301
3494	66.5232	66.571
3495	66.5232	66.5646
3496	66.5232	66.9766
3497	66.5232	66.7585
3498	66.5232	66.5679
3499	66.5232	66.5232
3500	66.5232	66.5232
3501	66.5232	66.5232
3502	66.5232	66.5367
3503	66.5232	66.5989
3504	66.5232	66.5232
3505	66.5232	66.6021
3506	66.5232	66.5269
3507	66.5232	66.6556
3508	66.5232	66.8045
3509	66.5232	66.5564
3510	66.5232	66.5706
3511	66.5232	66.5541
3512	66.5232	66.5445
3513	66.5232	66.5232
3514	66.5232	66.7033
3515	66.5232	66.5544
3516	66.5232	66.5353
3517	66.5232	66.819
3518	66.5232	66.56
3519	66.5232	66.5232
3520	66.5232	66.5248
3521	66.5232	66.5232
3522	66.5232	66.6065
3523	66.5232	66.6755
3524	66.5232	66.7673
3525	66.5232	66.6378
3526	66.5232	66.5787
3527	66.5232	66.5421
3528	66.5232	66.526
3529	66.5232	66.5236
3530	66.5232	66.5963
3531	66.5232	66.6431
3532	66.5232	66.5358
3533	66.5232	66.7845
3534	66.5232	66.549
3535	66.5232	66.5232
3536	66.5232	66.5744
3537	66.5232	66.5437
3538	66.5232	66.5836
3539	66.5232	66.5603
3540	66.5232	66.5276
3541	66.5232	66.6109
3542	66.5232	66.5232
3543	66.5232	66.5232
3544	66.5232	66.5232
3545	66.5232	66.5232
3546	66.5232	66.527
3547	66.5232	66.6598
3548	66.5232	66.584
3549	66.5232	66.529
3550	66.5232	66.7771
3551	66.5232	66.7079
3552	66.5232	66.6795
3553	66.5232	66.6948
3554	66.5232	66.5232
3555	66.5232	66.5771
3556	66.5232	66.685
3557	66.5232	66.5341
3558	66.5232	66.682
3559	66.5232	66.5275
3560	66.5232	66.5232
3561	66.5232	66.5232
3562	66.5232	66.5232
3563	66.5232	66.5391
3564	66.5232	66.7566
3565	66.5232	66.7323
3566	66.5232	66.5864
3567	66.5232	66.6116
3568	66.5232	66.5565
3569	66.5232	66.5232
3570	66.5232	66.6291
3571	66.5232	66.5304
3572	66.5232	66.6742
3573	66.5232	66.7271
3574	66.5232	66.5232
3575	66.5232	66.6427
3576	66.5232	66.6042
3577	66.5232	66.6422
3578	66.5232	66.5232
3579	66.5232	66.5286
3580	66.5232	66.5232
3581	66.5232	66.5467
3582	66.5232	66.5242
3583	66.5232	66.5703
3584	66.5232	66.5831
3585	66.5232	66.6025
3586	66.5232	66.5232
3587	66.5232	66.5232
3588	66.5232	66.5254
3589	66.5232	66.5285
3590	66.5232	66.5392
3591	66.5232	66.5731
3592	66.5232	66.5354
3593	66.5232	66.6608
3594	66.5232	66.5575
3595	66.5232	66.6024
3596	66.5232	66.5715
3597	66.5232	66.5232
3598	66.5232	66.531
3599	66.5232	66.5232
3600	66.5232	66.5262
3601	66.5232	66.7606
3602	66.5232	66.5789
3603	66.5232	66.6667
3604	66.5232	66.6533
3605	66.5232	66.5647
3606	66.5232	66.5329
3607	66.5232	66.5232
3608	66.5232	66.5232
3609	66.5232	66.5418
3610	66.5232	66.5357
3611	66.5232	66.5232
3612	66.5232	66.611
3613	66.5232	66.6568
3614	66.5232	66.5232
3615	66.5232	66.5428
3616	66.5232	66.5241
3617	66.5232	66.5358
3618	66.5232	66.5537
3619	66.5232	66.6328
3620	66.5232	66.544
3621	66.5232	66.5673
3622	66.5232	66.589
3623	66.5232	66.7803
3624	66.5232	66.8074
3625	66.5232	66.5725
3626	66.5232	66.5232
3627	66.5232	66.5601
3628	66.5232	66.5246
3629	66.5232	66.5583
3630	66.5232	66.5232
3631	66.5232	66.5232
3632	66.5232	66.5366
3633	66.5232	66.5596
3634	66.5232	66.7639
3635	66.5232	66.679
3636	66.5232	66.7991
3637	66.5232	66.774
3638	66.5232	66.6084
3639	66.5232	66.6304
3640	66.5232	66.5312
3641	66.5232	66.6377
3642	66.5232	66.5259
3643	66.5232	66.5454
3644	66.5232	66.5567
3645	66.5232	66.5232
3646	66.5232	66.5232
3647	66.5232	66.5423
3648	66.5232	66.5794
3649	66.5232	66.8222
3650	66.5232	66.7351
3651	66.5232	66.688
3652	66.5232	66.6257
3653	66.5232	66.5788
3654	66.5232	66.7423
3655	66.5232	66.7189
3656	66.5232	66.671
3657	66.5232	66.6085
3658	66.5232	66.6243
3659	66.5232	66.569
3660	66.5232	66.7133
3661	66.5232	66.6336
3662	66.5232	66.525
3663	66.5232	66.5232
3664	66.5232	66.6133
3665	66.5232	66.542
3666	66.5232	66.5605
3667	66.5232	66.5233
3668	66.5232	66.5401
3669	66.5232	66.5232
3670	66.5232	66.5632
3671	66.5232	66.5239
3672	66.5232	66.5244
3673	66.5232	66.5333
3674	66.5232	66.5379
3675	66.5232	66.5232
3676	66.5232	66.5382
3677	66.5232	66.5232
3678	66.5232	66.5232
3679	66.5232	66.5286
3680	66.5232	66.5681
3681	66.5232	66.5982
3682	66.5232	66.6991
3683	66.5232	66.5644
3684	66.5232	66.5232
3685	66.5232	66.5286
3686	66.5232	66.5281
3687	66.5232	66.5232
3688	66.5232	66.5301
3689	66.5232	66.5375
3690	66.5232	66.5485
3691	66.5232	66.5232
3692	66.5232	66.5232
3693	66.5232	66.5232
3694	66.5232	66.558
3695	66.5232	66.5232
3696	66.5232	66.5232
3697	66.5232	66.5232
3698	66.5232	66.5232
3699	66.5232	66.5232
3700	66.5232	66.5378
3701	66.5232	66.6579
3702	66.5232	66.5346
3703	66.5232	66.5232
3704	66.5232	66.5232
3705	66.5232	66.5745
3706	66.5232	66.5253
3707	66.5232	66.5246
3708	66.5232	66.5705
3709	66.5232	66.5232
3710	66.5232	66.5232
3711	66.5232	66.5434
3712	66.5232	66.8265
3713	66.5232	66.6621
3714	66.5232	66.5232
3715	66.5232	66.5255
3716	66.5232	66.5232
3717	66.5232	66.5232
3718	66.5232	66.5232
3719	66.5232	66.6763
3720	66.5232	66.7591
3721	66.5232	66.6377
3722	66.5232	66.7115
3723	66.5232	66.5406
3724	66.5232	66.5829
3725	66.5232	66.5315
3726	66.5232	66.5232
3727	66.5232	66.5284
3728	66.5232	66.5793
3729	66.5232	66.6153
3730	66.5232	66.8095
3731	66.5232	66.6756
3732	66.5232	66.7368
3733	66.5232	66.589
3734	66.5232	66.5612
3735	66.5232	66.5232
3736	66.5232	66.6233
3737	66.5232	66.5961
3738	66.5232	66.5237
3739	66.5232	66.5436
3740	66.5232	66.6512
3741	66.5232	66.577
3742	66.5232	66.5232
3743	66.5232	66.5403
3744	66.5232	66.5232
3745	66.5232	66.5394
3746	66.5232	66.5232
3747	66.5232	66.5273
3748	66.5232	66.531
3749	66.5232	66.5395
3750	66.5232	66.5281
3751	66.5232	66.5577
3752	66.5232	66.5487
3753	66.5232	66.5777
3754	66.5232	66.6505
3755	66.5232	66.5831
3756	66.5232	66.5819
3757	66.5232	66.5808
3758	66.5232	66.5232
3759	66.5232	66.5366
3760	66.5232	66.5268
3761	66.5232	66.6972
3762	66.5232	66.6849
3763	66.5232	66.5245
3764	66.5232	66.6363
3765	66.5232	66.5758
3766	66.5232	66.5232
3767	66.5232	66.5232
3768	66.5232	66.5272
3769	66.5232	66.5762
3770	66.5232	66.5376
3771	66.5232	66.5246
3772	66.5232	66.5232
3773	66.5232	66.5356
3774	66.5232	66.6677
3775	66.5232	66.5242
3776	66.5232	66.5944
3777	66.5232	66.5328
3778	66.5232	66.5232
3779	66.5232	66.5232
3780	66.5232	66.578
3781	66.5232	66.5415
3782	66.5232	66.5347
3783	66.5232	66.5467
3784	66.5232	66.5232
3785	66.5232	66.5309
3786	66.5232	66.61
3787	66.5232	66.6015
3788	66.5232	66.5376
3789	66.5232	66.5232
3790	66.5232	66.5259
3791	66.5232	66.6113
3792	66.5232	66.6975
3793	66.5232	66.6219
3794	66.5232	66.5232
3795	66.5232	66.534
3796	66.5232	66.7253
3797	66.5232	66.6227
3798	66.5232	66.6469
3799	66.5232	66.5488
3800	66.5232	66.5237
3801	66.5232	66.5232
3802	66.5232	66.5232
3803	66.5232	66.601
3804	66.5232	66.5232
3805	66.5232	66.5812
3806	66.5232	66.5356
3807	66.5232	66.5798
3808	66.5232	66.5655
3809	66.5232	66.5891
3810	66.5232	66.5285
3811	66.5232	66.5232
3812	66.5232	66.5512
3813	66.5232	66.5257
3814	66.5232	66.55
3815	66.5232	66.5232
3816	66.5232	66.5232
3817	66.5232	66.5232
3818	66.5232	66.5232
3819	66.5232	66.5232
3820	66.5232	66.5864
3821	66.5232	66.5232
3822	66.5232	66.5232
3823	66.5232	66.5425
3824	66.5232	66.5302
3825	66.5232	66.5232
3826	66.5232	66.5391
3827	66.5232	66.5269
3828	66.5232	66.5857
3829	66.5232	66.5734
3830	66.5232	66.5415
3831	66.5232	66.5675
3832	66.5232	66.8581
3833	66.5232	66.542
3834	66.5232	66.5458
3835	66.5232	66.6183
3836	66.5232	66.5383
3837	66.5232	66.5234
3838	66.5232	66.5312
3839	66.5232	66.5302
3840	66.5232	66.5882
3841	66.5232	66.5232
3842	66.5232	66.58
3843	66.5232	66.5788
3844	66.5232	66.5232
3845	66.5232	66.5326
3846	66.5232	66.5232
3847	66.5232	66.5309
3848	66.5232	66.5417
3849	66.5232	66.5775
3850	66.5232	66.5232
3851	66.5232	66.5472
3852	66.5232	66.5495
3853	66.5232	66.5447
3854	66.5232	66.5246
3855	66.5232	66.5825
3856	66.5232	66.5232
3857	66.5232	66.6595
3858	66.5232	66.6129
3859	66.5232	66.6733
3860	66.5232	66.5232
3861	66.5232	66.5232
3862	66.5232	66.561
3863	66.5232	66.6145
3864	66.5232	66.71
3865	66.5232	66.5434
3866	66.5232	66.5946
3867	66.5232	66.5232
3868	66.5232	66.5315
3869	66.5232	66.6062
3870	66.5232	66.5236
3871	66.5232	66.6446
3872	66.5232	66.5564
3873	66.5232	66.5932
3874	66.5232	66.5505
3875	66.5232	66.6076
3876	66.5232	66.6945
3877	66.5232	66.5838
3878	66.5232	66.5236
3879	66.5232	66.5232
3880	66.5232	66.5898
3881	66.5232	66.8707
3882	66.5232	67.0486
3883	66.5232	66.5449
3884	66.5232	66.5232
3885	66.5232	66.5232
3886	66.5232	66.6008
3887	66.5232	66.5365
3888	66.5232	66.5763
3889	66.5232	66.7658
3890	66.5232	66.7113
3891	66.5232	66.5232
3892	66.5232	66.5957
3893	66.5232	66.5606
3894	66.5232	66.581
3895	66.5232	66.5246
3896	66.5232	66.5246
3897	66.5232	66.581
3898	66.5232	66.6873
3899	66.5232	66.7426
3900	66.5232	66.9766
3901	66.5232	66.7248
3902	66.5232	66.5265
3903	66.5232	66.5588
3904	66.5232	66.539
3905	66.5232	66.638
3906	66.5232	66.6017
3907	66.5232	66.5234
3908	66.5232	66.599
3909	66.5232	66.5547
3910	66.5232	66.5266
3911	66.5232	66.7
3912	66.5232	66.5385
3913	66.5232	66.5279
3914	66.5232	66.6026
3915	66.5232	66.527
3916	66.5232	66.6268
3917	66.5232	66.5982
3918	66.5232	66.5315
3919	66.5232	66.5232
3920	66.5232	66.5232
3921	66.5232	66.5232
3922	66.5232	66.6231
3923	66.5232	66.5488
3924	66.5232	66.7982
3925	66.5232	66.7317
3926	66.5232	66.5884
3927	66.5232	66.5931
3928	66.5232	66.6768
3929	66.5232	66.6593
3930	66.5232	66.5703
3931	66.5232	66.5741
3932	66.5232	66.5287
3933	66.5232	66.5439
3934	66.5232	66.5244
3935	66.5232	66.9726
3936	66.5232	66.7333
3937	66.5232	66.5571
3938	66.5232	66.5611
3939	66.5232	66.5232
3940	66.5232	66.5452
3941	66.5232	66.5521
3942	66.5232	66.6224
3943	66.5232	66.7332
3944	66.5232	66.6585
3945	66.5232	66.5643
3946	66.5232	66.5545
3947	66.5232	66.5873
3948	66.5232	66.5247
3949	66.5232	66.5232
3950	66.5232	66.5232
3951	66.5232	66.5232
3952	66.5232	66.5706
3953	66.5232	66.5922
3954	66.5232	66.6335
3955	66.5232	66.5509
3956	66.5232	66.5232
3957	66.5232	66.5319
3958	66.5232	66.6332
3959	66.5232	66.974
3960	66.5232	66.7899
3961	66.5232	66.6758
3962	66.5232	66.6669
3963	66.5232	66.7392
3964	66.5232	66.5604
3965	66.5232	66.5232
3966	66.5232	66.5232
3967	66.5232	66.5261
3968	66.5232	66.5232
3969	66.5232	66.5232
3970	66.5232	66.5372
3971	66.5232	66.5708
3972	66.5232	66.6191
3973	66.5232	66.5289
3974	66.5232	66.5232
3975	66.5232	66.5744
3976	66.5232	66.5354
3977	66.5232	66.5609
3978	66.5232	66.5237
3979	66.5232	66.536
3980	66.5232	66.5383
3981	66.5232	66.5302
3982	66.5232	66.5365
3983	66.5232	66.5232
3984	66.5232	66.5232
3985	66.5232	66.6318
3986	66.5232	66.6832
3987	66.5232	66.6337
3988	66.5232	66.5681
3989	66.5232	66.581
3990	66.5232	66.7154
3991	66.5232	66.8449
3992	66.5232	67.2097
3993	66.5232	66.5912
3994	66.5232	66.5256
3995	66.5232	66.5232
3996	66.5232	66.667
3997	66.5232	66.5589
3998	66.5232	66.5823
3999	66.5232	66.5747
