0	423.322	464.235
1	401.023	440.118
2	379.099	420.086
3	366.601	399.679
4	361.338	381.283
5	357.78	368.099
6	350.548	362.387
7	340.138	358.256
8	333.716	351.288
9	324.061	342.409
10	316.82	334.752
11	306.202	326.175
12	300.731	317.948
13	293.997	309.496
14	288.874	302.408
15	282.469	297.298
16	276.428	291.524
17	271.703	284.829
18	265.916	279.165
19	262.32	273.623
20	256.346	268.152
21	250.003	262.705
22	247.32	257.213
23	238.07	252.308
24	237.18	246.982
25	234.527	242.85
26	229.628	239.187
27	221.111	235.519
28	216.376	230.189
29	215.146	223.708
30	211.37	218.508
31	211.217	215.919
32	207.801	213.804
33	204.985	211.435
34	200.509	208.652
35	197.577	205.845
36	196.542	202.128
37	192.498	199.314
38	189.302	196.559
39	188.262	193.857
40	186.631	191.05
41	184.74	189.034
42	182.604	187.522
43	176.479	185.797
44	174.952	182.808
45	174.952	178.517
46	174.64	176.501
47	171.317	176.105
48	169.495	174.567
49	166.173	172.511
50	165.34	170.212
51	156.971	167.773
52	155.988	165.679
53	153.108	161.392
54	152.52	158.884
55	150.503	156.143
56	149.143	154.127
57	148.913	152.195
58	144.591	150.412
59	143.637	148.815
60	142.903	146.963
61	140.654	145.417
62	140.187	143.843
63	140.187	142.362
64	140.187	141.176
65	140.061	140.587
66	136.772	140.425
67	136.772	140.218
68	135.095	138.88
69	133.194	137.173
70	132.701	135.757
71	131.517	134.531
72	131.41	133.525
73	130.07	132.67
74	130.07	132.252
75	129.226	131.057
76	129.028	130.455
77	128.1	129.734
78	127.116	129.338
79	126.692	128.631
80	125.708	127.841
81	124.168	127.31
82	124.11	126.061
83	123.122	125.041
84	121.871	124.611
85	121.231	124.07
86	120.64	123.011
87	120	122.156
88	119.742	121.408
89	118.572	120.612
90	118.285	119.763
91	117.651	119.443
92	116.024	118.992
93	115.766	118.155
94	115.277	117.137
95	115.076	116.567
96	114.702	116.717
97	114.098	116.139
98	113.754	116.213
99	113.738	116.342
100	113.738	115.91
101	110.922	115.42
102	110.829	115.191
103	110.829	114.426
104	110.829	112.456
105	110.829	111.932
106	110.829	111.337
107	110.58	110.855
108	110.547	110.832
109	109.341	110.684
110	109.06	110.372
111	108.784	109.808
112	108.627	109.459
113	108.352	109.153
114	107.842	108.802
115	107.496	108.424
116	106.777	108.069
117	106.58	107.684
118	105.515	107.29
119	105.438	106.718
120	104.491	106.179
121	104.491	105.612
122	104.352	105.521
123	104.211	105.132
124	103.512	104.949
125	102.581	104.767
126	102.581	104.363
127	102.101	103.658
128	101.286	103.004
129	101.286	102.512
130	100.946	102.227
131	100.436	101.856
132	100.06	101.473
133	99.5726	101.06
134	99.5726	100.666
135	99.4108	100.3
136	99.2303	100.418
137	98.3233	100.742
138	98.1615	100.706
139	98.0453	100.139
140	97.1547	99.8388
141	97.1547	99.2605
142	97.0328	100.005
143	96.1864	100.112
144	96.1864	98.6684
145	95.3533	97.1505
146	94.0584	96.2569
147	94.0584	95.8791
148	93.3967	95.9103
149	93.0564	95.3117
150	92.799	94.4098
151	92.3634	94.5144
152	92.2043	94.5263
153	91.5112	94.3295
154	91.5112	93.1329
155	91.2124	92.365
156	91.2124	91.926
157	89.762	92.0153
158	89.762	91.8518
159	89.4984	91.0997
160	88.6871	90.559
161	88.6871	90.4999
162	88.6871	92.001
163	88.6768	91.4055
164	88.6768	90.6524
165	88.6768	89.617
166	88.0823	88.9275
167	87.635	88.8574
168	87.635	88.9366
169	87.635	88.8468
170	87.635	88.3369
171	87.635	88.0021
172	87.635	87.8595
173	87.635	87.7194
174	87.5627	87.8906
175	86.9385	87.8082
176	86.9385	87.5241
177	86.9385	87.2501
178	85.8295	87.0556
179	85.8295	86.9593
180	85.2371	86.6719
181	85.2371	86.4682
182	85.0538	86.1778
183	85.0538	85.9446
184	85.0538	85.8302
185	85.0277	85.6436
186	85.0277	85.6591
187	84.4256	86.1838
188	84.1173	86.2393
189	83.934	85.6527
190	83.5937	85.4073
191	83.4273	84.7695
192	83.4273	84.027
193	82.2555	83.7542
194	82.2555	83.4707
195	82.0529	83.172
196	82.0529	82.9396
197	82.0529	82.5567
198	81.3113	82.0911
199	81.3113	81.9618
200	81.3113	81.679
201	81.076	81.7488
202	81.076	81.4558
203	81.076	81.3134
204	81.076	81.1296
205	81.076	81.1232
206	81.076	81.1443
207	81.076	81.0904
208	81.076	81.189
209	81.076	81.0996
210	81.076	81.0893
211	81.0039	81.0757
212	81.0039	81.0803
213	80.9102	81.0409
214	80.7467	81.1948
215	80.4612	81.456
216	80.4612	81.1706
217	80.4612	81.1273
218	79.7818	80.8666
219	79.7818	80.4428
220	79.7818	80.5514
221	79.7818	80.1642
222	79.7818	79.9395
223	79.3961	79.7807
224	79.3961	79.767
225	79.1725	79.7102
226	79.1725	79.4464
227	79.1725	79.3057
228	79.1725	79.2179
229	79.1262	79.1758
230	79.1262	79.1858
231	78.6603	79.1468
232	78.6603	79.2019
233	78.4706	79.0674
234	78.4678	78.8298
235	78.2781	78.6886
236	78.2781	78.5064
237	78.2781	78.4116
238	78.2781	78.3021
239	78.2781	78.2865
240	78.2781	78.2981
241	78.2617	78.31
242	78.2617	78.3422
243	78.2617	78.2693
244	77.9194	78.3172
245	77.9194	78.3944
246	77.9194	79.0353
247	77.9194	78.9887
248	77.9194	78.7307
249	77.9194	78.3946
250	77.9194	78.3609
251	75.0426	78.3709
252	75.0426	80.0249
253	75.0426	79.3722
254	75.0426	78.1948
255	74.9852	75.8774
256	73.7773	75.4267
257	73.7199	74.8785
258	73.7199	74.3886
259	73.7199	74.1664
260	73.7199	73.8719
261	73.7199	73.7966
262	73.7199	73.7758
263	73.7199	73.7199
264	73.7052	73.7443
265	73.7052	73.7489
266	73.6109	73.8917
267	73.6109	73.7562
268	73.6109	73.6948
269	73.6109	73.6493
270	73.6109	73.7884
271	73.4517	73.7301
272	73.4517	73.6704
273	73.4517	73.664
274	73.4517	73.5559
275	73.4517	73.5261
276	73.4517	73.4583
277	73.4517	73.4929
278	73.4517	73.4659
279	73.4517	73.4606
280	73.4517	73.4888
281	73.4517	73.5972
282	73.2908	73.4817
283	73.2908	73.4519
284	73.2908	73.3911
285	73.1446	73.3187
286	73.1446	73.2761
287	73.1446	73.2262
288	73.136	73.1717
289	73.0759	73.1545
290	73.019	73.2041
291	73.019	73.0973
292	73.019	73.0628
293	73.019	73.0341
294	73.019	73.0196
295	73.019	73.0197
296	73.019	73.027
297	73.019	73.2034
298	73.019	73.2072
299	73.019	73.0409
300	73.019	73.0625
301	71.2887	72.7897
302	70.9206	72.1605
303	70.9206	71.5218
304	70.9206	71.1561
305	70.9206	70.9817
306	70.5886	70.9664
307	70.4715	70.933
308	70.4715	70.7914
309	70.4715	70.757
310	70.4715	70.5236
311	70.4133	70.4954
312	70.4133	70.4954
313	70.4133	70.4931
314	70.4133	70.4672
315	70.4133	70.4236
316	70.2773	70.4608
317	70.2773	70.6992
318	70.2773	71.2864
319	70.2773	70.9583
320	70.2773	70.8097
321	70.148	70.5324
322	70.1224	70.3067
323	70.1224	70.2317
324	70.1224	70.1495
325	70.1224	70.162
326	70.1224	70.3223
327	70.1224	70.1456
328	70.1224	70.1962
329	70.1224	70.1234
330	70.1224	70.162
331	69.9025	70.2348
332	69.9025	70.5728
333	69.9025	71.2202
334	69.9025	70.5304
335	69.9025	70.8676
336	69.2679	70.7382
337	69.2679	70.6777
338	69.2679	70.4341
339	69.2679	70.1119
340	69.2679	69.534
341	69.2679	69.3232
342	69.2679	69.3142
343	69.2679	69.3104
344	69.2679	69.2711
345	69.2603	69.3482
346	69.2603	69.4827
347	69.2603	69.2955
348	69.2603	69.2635
349	69.2603	69.2609
350	69.2603	69.3367
351	69.2603	69.391
352	69.2603	69.2706
353	69.2603	69.365
354	69.2603	69.3015
355	69.2603	69.2603
356	68.9206	69.2703
357	68.9206	69.2143
358	68.9206	69.1873
359	68.9206	69.0215
360	68.9206	68.9525
361	68.9206	68.9206
362	68.9206	68.9219
363	68.9206	68.9206
364	68.9206	68.9206
365	68.9206	69.1293
366	68.9206	68.9492
367	68.9206	68.9573
368	68.9206	69.0719
369	68.9206	68.9299
370	68.9206	68.9347
371	68.9206	68.9269
372	68.9206	68.9961
373	68.9206	69.0469
374	68.9206	68.9899
375	68.9206	68.9635
376	68.9206	68.9206
377	68.9206	69.0139
378	68.9206	68.9277
379	68.9206	68.9394
380	68.9206	68.9206
381	68.9206	68.9206
382	68.9206	68.9443
383	68.9206	69.046
384	68.9206	68.935
385	68.9206	69.0759
386	68.9206	69.0409
387	68.9206	69.1912
388	68.9206	69.0336
389	68.9206	68.9934
390	68.9206	69.0083
391	68.9206	69.1426
392	68.9206	68.9661
393	68.9206	68.9206
394	68.9206	69.0654
395	68.9206	69.0984
396	68.9206	69.0528
397	68.9206	69.023
398	68.9206	69.042
399	68.9206	68.9585
400	68.9206	69.2034
401	68.3163	68.928
402	68.3086	68.7069
403	68.3086	68.4688
404	68.3086	68.4373
405	68.3086	68.3234
406	68.3086	68.352
407	68.3086	68.3263
408	68.3086	68.3514
409	68.3086	68.3248
410	68.3086	68.4219
411	68.0442	68.3574
412	68.0442	68.2671
413	68.0442	68.1979
414	68.0442	68.0941
415	68.0442	68.0713
416	68.0442	68.045
417	68.0442	68.0442
418	68.0442	68.0582
419	68.0442	68.192
420	68.0442	68.2352
421	68.0442	68.3032
422	68.0442	68.2121
423	68.0442	68.1485
424	68.0442	68.3407
425	68.0442	68.3297
426	68.0442	68.2243
427	68.0442	68.06
428	68.0442	68.0657
429	68.0442	68.2841
430	68.0442	68.3216
431	68.0442	68.2746
432	68.0442	68.0611
433	68.0442	68.0577
434	68.0442	68.1378
435	68.0442	68.0442
436	68.0442	68.0442
437	68.0442	68.0442
438	68.0442	68.0442
439	68.0442	68.0491
440	68.0442	68.1966
441	68.0442	68.1092
442	68.0442	68.1192
443	68.0442	68.0834
444	68.0442	68.0442
445	68.0442	68.0442
446	68.0442	68.0442
447	68.0442	68.0442
448	68.0442	68.0442
449	68.0442	68.0442
450	68.0442	68.0442
451	68.0442	68.0442
452	68.0442	68.049
453	68.0442	68.1053
454	68.0442	68.1234
455	68.0442	68.0742
456	68.0442	68.2136
457	68.0442	68.2878
458	68.0442	68.1979
459	68.0442	68.1795
460	68.0442	68.0489
461	68.0442	68.0442
462	68.0279	68.0442
463	68.0279	68.0519
464	68.0279	68.0367
465	68.0279	68.0683
466	68.0279	68.0333
467	68.0279	68.0595
468	68.0279	68.1106
469	68.0279	68.0279
470	68.0279	68.0808
471	68.0279	68.1159
472	68.0279	68.174
473	68.0279	68.2285
474	68.0279	68.1528
475	68.0279	68.1261
476	68.0279	68.1049
477	68.0279	68.0279
478	68.0279	68.0279
479	68.0279	68.0279
480	68.0279	68.0279
481	68.0279	68.0372
482	68.0279	68.0321
483	68.0279	68.1237
484	68.0279	68.0414
485	68.0279	68.0326
486	68.0279	68.0658
487	68.0279	68.0816
488	68.0279	68.0279
489	68.0279	68.0279
490	68.0279	68.1419
491	68.0279	68.1421
492	68.0279	68.0793
493	68.0279	68.1883
494	68.0279	68.0279
495	68.0279	68.0279
496	68.0279	68.0805
497	68.0279	68.0482
498	68.0279	68.0851
499	68.0279	68.029
500	68.0279	68.0279
501	67.6693	67.9814
502	67.6693	67.8572
503	67.6693	67.8141
504	67.6693	67.7591
505	67.6693	67.9373
506	67.6693	67.6862
507	67.6693	67.6853
508	67.6693	67.8328
509	67.6693	67.6974
510	67.6693	67.7406
511	67.6693	67.7741
512	67.6693	67.7567
513	67.6693	67.6693
514	67.6693	67.6693
515	67.6693	67.9118
516	67.6693	67.9472
517	67.6693	67.7292
518	67.6693	67.8934
519	67.6693	67.7059
520	67.6693	67.7858
521	67.6693	67.6693
522	67.6693	67.6693
523	67.6693	67.6744
524	67.6693	67.7747
525	67.6693	67.6963
526	67.6693	67.8627
527	67.6693	67.7545
528	67.6693	67.8159
529	67.6693	67.7579
530	67.6693	67.6942
531	67.6693	67.7256
532	67.6693	67.759
533	67.6693	67.7076
534	67.6693	67.6884
535	67.6693	67.7293
536	67.6693	67.6693
537	67.6693	67.6946
538	67.6693	67.7204
539	67.6693	67.683
540	67.6693	67.6693
541	67.6693	67.6759
542	67.6693	67.6693
543	67.6693	67.7104
544	67.6693	67.7934
545	67.6693	67.6962
546	67.6693	67.6693
547	67.6693	67.6693
548	67.6693	67.6693
549	67.6693	67.7172
550	67.6693	67.7167
551	67.6693	67.7331
552	67.6693	67.8087
553	67.6693	67.672
554	67.6693	67.6693
555	67.6693	67.6809
556	67.6693	67.8416
557	67.6693	67.7368
558	67.6693	67.6932
559	67.6693	67.7619
560	67.6693	67.8087
561	67.6693	67.8649
562	67.6693	67.7167
563	67.6693	67.7357
564	67.6693	67.6693
565	67.6693	67.7392
566	67.6693	67.8231
567	67.6693	67.8089
568	67.6693	67.7169
569	67.6693	67.7173
570	67.6693	67.6792
571	67.6693	67.6693
572	67.6693	67.6693
573	67.6693	67.6701
574	67.6693	67.8164
575	67.6693	67.8564
576	67.6693	67.7733
577	67.6693	67.6693
578	67.6693	67.6834
579	67.6693	67.6693
580	67.6693	67.6693
581	67.6693	67.6693
582	67.6693	67.6895
583	67.6693	67.6694
584	67.6693	67.6693
585	67.6693	67.6693
586	67.6693	67.6704
587	67.6693	67.6897
588	67.6693	67.758
589	67.6693	67.6693
590	67.6693	67.8245
591	67.6693	67.7093
592	67.6693	67.7607
593	67.6693	67.6929
594	67.6693	67.7022
595	67.6693	67.6693
596	67.6693	67.6693
597	67.6693	67.6709
598	67.6693	67.6936
599	67.6693	67.6693
600	67.6693	67.6952
601	67.6693	67.6693
602	67.6693	67.6719
603	67.6693	67.7308
604	67.6693	67.7999
605	67.6693	67.7073
606	67.6693	67.7132
607	67.6693	67.6782
608	67.6693	67.6693
609	67.6693	67.6693
610	67.6693	67.6781
611	67.6693	67.7387
612	67.6693	67.7941
613	67.6693	67.8503
614	67.6693	67.7562
615	67.6693	67.8399
616	67.6693	67.7096
617	67.6693	67.6833
618	67.6693	67.7518
619	67.6693	67.6693
620	67.6693	67.6728
621	67.6693	67.6693
622	67.6693	67.6693
623	67.6693	67.6693
624	67.6693	67.6693
625	67.6693	67.9116
626	67.6693	67.8969
627	67.6693	67.6974
628	67.6693	67.7132
629	67.6693	67.6693
630	67.6693	67.7495
631	67.6693	67.6693
632	67.6693	67.6693
633	67.6693	67.6693
634	67.6693	67.7102
635	67.6693	67.711
636	67.6693	67.7067
637	67.6693	67.7481
638	67.6693	67.827
639	67.6693	68.0595
640	67.6693	68.202
641	67.6693	68.0549
642	67.6693	67.7244
643	67.6693	67.7276
644	67.6693	67.6712
645	67.6693	67.8179
646	67.6693	67.787
647	67.6693	67.7419
648	67.6693	67.6833
649	67.6693	67.6806
650	67.6693	67.6693
651	67.6693	67.8218
652	67.6693	67.8093
653	67.6693	67.7561
654	67.6693	67.6994
655	67.6693	67.6693
656	67.6693	67.7282
657	67.6693	67.6829
658	67.6693	67.6693
659	67.6693	67.7045
660	67.6693	67.7348
661	67.6693	67.6723
662	67.6693	67.6693
663	67.6693	67.6693
664	67.6693	67.6693
665	67.6693	67.6693
666	67.6693	67.6714
667	67.6693	67.6951
668	67.6693	67.8658
669	67.6693	67.7308
670	67.6693	67.8372
671	67.6693	67.8776
672	67.6693	67.9176
673	67.6693	67.7711
674	67.6693	67.7109
675	67.6693	67.6799
676	67.6693	67.6693
677	67.6693	67.6693
678	67.6693	67.6749
679	67.6693	67.7123
680	67.6693	67.9101
681	67.6693	67.834
682	67.6693	67.7577
683	67.6693	67.7962
684	67.6693	67.7175
685	67.6693	67.7684
686	67.6693	67.9392
687	67.6693	67.7379
688	67.6693	67.6852
689	67.6693	67.9506
690	67.6693	67.7864
691	67.6693	67.6846
692	67.6693	67.6693
693	67.6693	67.6693
694	67.6693	67.7058
695	67.6693	67.6969
696	67.6693	67.7366
697	67.6693	67.7579
698	67.6693	67.6693
699	67.6693	67.6693
700	67.6693	67.6693
701	67.6693	67.6749
702	67.6693	67.6693
703	67.6693	67.6763
704	67.6693	67.7323
705	67.6693	67.6713
706	67.6693	67.7324
707	67.6693	67.7126
708	67.6693	67.7855
709	67.6693	67.6693
710	67.6693	67.6693
711	67.6693	67.68
712	67.6693	67.6712
713	67.6693	67.6985
714	67.6693	67.6693
715	67.6693	67.6693
716	67.6693	67.6693
717	67.6693	67.6693
718	67.6693	67.6693
719	67.6693	67.6727
720	67.6693	67.7353
721	67.6693	67.7677
722	67.6693	67.8674
723	67.6693	67.6913
724	67.6693	67.6789
725	67.6693	67.7925
726	67.6693	67.7692
727	67.6693	67.8085
728	67.6693	67.6785
729	67.6693	67.8077
730	67.6693	67.7142
731	67.6693	67.6924
732	67.6693	67.6693
733	67.6693	67.6986
734	67.6693	67.7509
735	67.6693	67.7279
736	67.6693	67.6851
737	67.6693	67.7625
738	67.6693	67.6746
739	67.6693	67.6712
740	67.6693	67.6873
741	67.6693	67.771
742	67.6693	67.6934
743	67.6693	67.6693
744	67.6693	67.7079
745	67.6693	67.7742
746	67.6693	67.723
747	67.6693	67.7753
748	67.6693	67.82
749	67.6693	67.8731
750	67.6693	67.7926
751	67.5526	67.729
752	67.5526	67.7358
753	67.5526	67.6054
754	67.5526	67.5799
755	67.5526	67.5593
756	67.5526	67.5963
757	67.5526	67.5766
758	67.5526	67.5554
759	67.5526	67.6317
760	67.5526	67.688
761	67.2326	67.5628
762	67.2032	67.5141
763	67.2032	67.4106
764	67.2032	67.2998
765	67.2032	67.2658
766	67.2032	67.2184
767	67.2032	67.2044
768	67.2032	67.2032
769	67.2032	67.2778
770	67.2032	67.2628
771	67.2032	67.2777
772	67.2032	67.2275
773	67.2032	67.2759
774	67.2032	67.2824
775	67.2032	67.2955
776	67.2032	67.3843
777	67.2032	67.4246
778	67.2032	67.2464
779	67.2032	67.2813
780	67.2032	67.2425
781	67.2032	67.2032
782	67.2032	67.2032
783	67.2032	67.2032
784	67.2032	67.2114
785	67.2032	67.2037
786	67.2032	67.2032
787	67.2032	67.2032
788	67.2032	67.2094
789	67.2032	67.2568
790	67.2032	67.2032
791	67.2032	67.2119
792	67.2032	67.2706
793	67.2032	67.41
794	67.2032	67.3276
795	67.2032	67.2032
796	67.2032	67.2248
797	67.2032	67.2281
798	67.2032	67.2356
799	67.2032	67.2595
800	67.2032	67.2503
801	66.6589	67.1862
802	66.6589	67.0072
803	66.6589	66.8303
804	66.6589	66.7388
805	66.6589	66.809
806	66.6589	66.7228
807	66.6589	66.661
808	66.6589	66.6828
809	66.6589	66.6589
810	66.6589	66.6589
811	66.6589	66.6589
812	66.6589	66.6589
813	66.6589	66.6589
814	66.6589	66.7452
815	66.6589	66.7117
816	66.6589	66.6589
817	66.6589	66.6589
818	66.6589	66.6589
819	66.6589	66.7216
820	66.6589	66.6601
821	66.6589	66.6671
822	66.6589	66.6589
823	66.6589	66.6589
824	66.6589	66.6906
825	66.6589	66.7019
826	66.6589	66.6604
827	66.6589	66.6589
828	66.6589	66.6589
829	66.6589	66.6834
830	66.6589	66.706
831	66.6589	66.7269
832	66.6589	66.7415
833	66.6589	66.697
834	66.6589	66.6589
835	66.6589	66.6589
836	66.6589	66.6765
837	66.6589	66.902
838	66.6589	66.8972
839	66.6589	66.9034
840	66.6589	66.6611
841	66.6589	66.6589
842	66.6589	66.7398
843	66.6589	66.6589
844	66.6589	66.681
845	66.6589	66.6659
846	66.6589	66.7426
847	66.6589	66.7951
848	66.6589	66.6589
849	66.6589	66.6599
850	66.6589	66.6769
851	66.6589	66.773
852	66.6589	67.0189
853	66.6589	66.6952
854	66.6589	66.7726
855	66.6589	66.8615
856	66.6589	66.8804
857	66.6589	66.694
858	66.6589	66.7765
859	66.6589	66.68
860	66.6589	66.7701
861	66.6589	66.7549
862	66.6589	66.7193
863	66.6589	66.9625
864	66.6589	66.7687
865	66.6589	66.6589
866	66.6589	66.6589
867	66.6589	66.6591
868	66.6589	66.6589
869	66.6589	66.659
870	66.6589	66.691
871	66.6589	66.6828
872	66.6589	66.7245
873	66.6589	66.7997
874	66.6589	66.6764
875	66.6589	66.6963
876	66.6589	66.7008
877	66.6589	66.6855
878	66.6589	66.7752
879	66.6589	66.7222
880	66.6589	66.6589
881	66.6589	66.6589
882	66.6589	66.6739
883	66.6589	66.7084
884	66.6589	66.6873
885	66.6589	66.7488
886	66.6589	66.6637
887	66.6589	66.6589
888	66.6589	66.6704
889	66.6589	66.6894
890	66.6589	66.66
891	66.6589	66.7376
892	66.6589	66.7049
893	66.6589	66.6589
894	66.6589	66.6589
895	66.6589	66.6589
896	66.6589	66.6589
897	66.6589	66.6589
898	66.6589	66.667
899	66.6589	66.7009
900	66.6589	66.6687
901	66.6589	66.6607
902	66.6589	66.6589
903	66.6589	66.7661
904	66.6589	66.6589
905	66.6589	66.6589
906	66.6589	66.6589
907	66.6589	66.6654
908	66.6589	66.788
909	66.6589	66.8408
910	66.6589	66.684
911	66.6589	66.6591
912	66.6589	66.6589
913	66.6589	66.6591
914	66.6589	66.7817
915	66.6589	66.6919
916	66.6589	66.6589
917	66.6589	66.6589
918	66.6589	66.6589
919	66.6589	66.6589
920	66.6589	66.6589
921	66.6589	66.6773
922	66.6589	66.6729
923	66.6589	66.6589
924	66.6589	66.6775
925	66.6589	66.6935
926	66.6589	66.6699
927	66.6589	66.6755
928	66.6589	66.8607
929	66.6589	66.6877
930	66.6589	66.7654
931	66.6589	66.7976
932	66.6589	66.7306
933	66.6589	66.764
934	66.6589	66.8382
935	66.6589	66.7052
936	66.6589	66.6735
937	66.6589	66.7999
938	66.6589	66.7121
939	66.6589	66.7989
940	66.6589	66.9291
941	66.6589	66.7347
942	66.6589	66.6716
943	66.6589	66.6763
944	66.6589	66.6686
945	66.6589	66.7086
946	66.6589	66.6803
947	66.6589	66.6589
948	66.6589	66.6884
949	66.6589	66.8775
950	66.6589	66.7035
951	66.6589	66.6589
952	66.6589	66.6589
953	66.6589	66.6589
954	66.6589	66.6589
955	66.6589	66.6682
956	66.6589	66.7993
957	66.6589	66.7784
958	66.6589	66.672
959	66.6589	66.6683
960	66.6589	66.6589
961	66.6589	66.7187
962	66.6589	66.7168
963	66.6589	66.7015
964	66.6589	66.6619
965	66.6589	66.6643
966	66.6589	66.6644
967	66.6589	66.6952
968	66.6589	66.6589
969	66.6589	66.6746
970	66.6589	66.7027
971	66.6589	66.7473
972	66.6589	66.8397
973	66.6589	66.7469
974	66.6589	66.6589
975	66.6589	66.6697
976	66.6589	66.6592
977	66.6589	66.6589
978	66.6589	66.6589
979	66.6589	66.6784
980	66.6589	66.661
981	66.6589	66.6619
982	66.6589	66.6677
983	66.6589	66.6589
984	66.6589	66.7737
985	66.6589	66.7626
986	66.6589	66.6589
987	66.6589	66.676
988	66.6589	66.7562
989	66.6589	66.6589
990	66.6589	66.6589
991	66.6589	66.6589
992	66.6589	66.6776
993	66.6589	66.662
994	66.6589	66.6793
995	66.6589	66.665
996	66.6589	66.6589
997	66.6589	66.6589
998	66.6589	66.6589
999	66.6589	66.8863
1000	66.6589	66.791
1001	66.4915	66.7831
1002	66.4915	66.6845
1003	66.4915	66.8834
1004	66.4915	66.6417
1005	66.4915	66.7632
1006	66.4915	66.851
1007	66.4915	66.6622
1008	66.4915	66.5601
1009	66.4915	66.5474
1010	66.4915	66.5458
1011	66.4915	66.5869
1012	66.4915	66.6052
1013	66.4915	66.5459
1014	66.4915	66.4915
1015	66.4915	66.4915
1016	66.4915	66.5547
1017	66.4915	66.4915
1018	66.4915	66.4937
1019	66.4915	66.5138
1020	66.4915	66.6661
1021	66.4915	66.5499
1022	66.4915	66.6192
1023	66.4915	66.4952
1024	66.4915	66.4915
1025	66.4915	66.4915
1026	66.4915	66.4915
1027	66.4915	66.5035
1028	66.4915	66.5108
1029	66.4915	66.5788
1030	66.4915	66.5289
1031	66.4915	66.5814
1032	66.4915	66.4977
1033	66.4915	66.5101
1034	66.4915	66.4938
1035	66.4915	66.6752
1036	66.4915	66.79
1037	66.4915	66.6387
1038	66.4915	66.6596
1039	66.4915	66.621
1040	66.4915	66.5857
1041	66.4915	66.4915
1042	66.4915	66.4915
1043	66.4915	66.5405
1044	66.4915	66.7377
1045	66.4915	66.6109
1046	66.4915	66.507
1047	66.4915	66.4915
1048	66.4915	66.4915
1049	66.4915	66.4915
1050	66.4915	66.5052
1051	66.4915	66.5555
1052	66.4915	66.4964
1053	66.4915	66.4915
1054	66.4915	66.5146
1055	66.4915	66.4915
1056	66.4915	66.5208
1057	66.4915	66.6099
1058	66.4915	66.5143
1059	66.4915	66.5417
1060	66.4915	66.5315
1061	66.4915	66.5529
1062	66.4915	66.5262
1063	66.4915	66.4915
1064	66.4915	66.4915
1065	66.4915	66.4915
1066	66.4915	66.4915
1067	66.4915	66.5459
1068	66.4915	66.4915
1069	66.4915	66.4915
1070	66.4915	66.4915
1071	66.4915	66.4915
1072	66.4915	66.5192
1073	66.4915	66.5982
1074	66.4915	66.4975
1075	66.4915	66.5091
1076	66.4915	66.505
1077	66.4915	66.4986
1078	66.4915	66.4934
1079	66.4915	66.5176
1080	66.4915	66.6812
1081	66.4915	66.5581
1082	66.4915	66.5124
1083	66.4915	66.5316
1084	66.4915	66.5123
1085	66.4915	66.5258
1086	66.4915	66.4915
1087	66.4915	66.4998
1088	66.4915	66.4915
1089	66.4915	66.4971
1090	66.4915	66.5076
1091	66.4915	66.5322
1092	66.4915	66.666
1093	66.4915	66.4915
1094	66.4915	66.4945
1095	66.4915	66.5067
1096	66.4915	66.5095
1097	66.4915	66.4969
1098	66.4915	66.5311
1099	66.4915	66.5795
1100	66.4915	66.5501
1101	66.4915	66.4958
1102	66.4915	66.4977
1103	66.4915	66.5665
1104	66.4915	66.5788
1105	66.4915	66.4915
1106	66.4915	66.5312
1107	66.4915	66.7571
1108	66.4915	66.5866
1109	66.4915	66.5034
1110	66.4915	66.4929
1111	66.4915	66.4915
1112	66.4915	66.4969
1113	66.4915	66.4925
1114	66.4915	66.6232
1115	66.4915	66.5404
1116	66.4915	66.4952
1117	66.4915	66.4915
1118	66.4915	66.6715
1119	66.4915	66.5347
1120	66.4915	66.493
1121	66.4915	66.5925
1122	66.4915	66.674
1123	66.4915	66.5932
1124	66.4915	66.5152
1125	66.4915	66.5206
1126	66.4915	66.4915
1127	66.4915	66.5324
1128	66.4915	66.51
1129	66.4915	66.5699
1130	66.4915	66.4915
1131	66.4915	66.4981
1132	66.4915	66.5335
1133	66.4915	66.5412
1134	66.4915	66.4925
1135	66.4915	66.5123
1136	66.4915	66.5379
1137	66.4915	66.7211
1138	66.4915	66.4915
1139	66.4915	66.4915
1140	66.4915	66.5599
1141	66.4915	66.5575
1142	66.4915	66.5186
1143	66.4915	66.5098
1144	66.4915	66.5561
1145	66.4915	66.4958
1146	66.4915	66.4915
1147	66.4915	66.5807
1148	66.4915	66.5808
1149	66.4915	66.5335
1150	66.4915	66.5766
1151	66.4915	66.5474
1152	66.4915	66.6652
1153	66.4915	66.595
1154	66.4915	66.5585
1155	66.4915	66.8745
1156	66.4915	66.6071
1157	66.4915	66.6926
1158	66.4915	66.7728
1159	66.4915	66.7642
1160	66.4915	66.5817
1161	66.4915	66.5235
1162	66.4915	66.5527
1163	66.4915	66.5186
1164	66.4915	66.5142
1165	66.4915	66.6053
1166	66.4915	66.6259
1167	66.4915	66.738
1168	66.4915	66.4915
1169	66.4915	66.5399
1170	66.4915	66.5005
1171	66.4915	66.7286
1172	66.4915	66.6285
1173	66.4915	66.4915
1174	66.4915	66.5096
1175	66.4915	66.539
1176	66.4915	66.4915
1177	66.4915	66.5204
1178	66.4915	66.4968
1179	66.4915	66.7362
1180	66.4915	66.5778
1181	66.4915	66.6664
1182	66.4915	66.4924
1183	66.4915	66.4915
1184	66.4915	66.4915
1185	66.4915	66.4915
1186	66.4915	66.4915
1187	66.4915	66.4961
1188	66.4915	66.6008
1189	66.4915	66.5684
1190	66.4915	66.4915
1191	66.4915	66.5668
1192	66.4915	66.5056
1193	66.4915	66.549
1194	66.4915	66.507
1195	66.4915	66.5691
1196	66.4915	66.5642
1197	66.4915	66.559
1198	66.4915	66.6706
1199	66.4915	66.5042
1200	66.4915	66.4915
1201	66.4915	66.5441
1202	66.4915	66.5749
1203	66.4915	66.4961
1204	66.4915	66.4943
1205	66.4915	66.4951
1206	66.4915	66.4915
1207	66.4915	66.5188
1208	66.4915	66.4915
1209	66.4915	66.4915
1210	66.4915	66.4915
1211	66.4915	66.4915
1212	66.4915	66.5258
1213	66.4915	66.5859
1214	66.4915	66.4991
1215	66.4915	66.5012
1216	66.4915	66.5388
1217	66.4915	66.6254
1218	66.4915	66.5333
1219	66.4915	66.5753
1220	66.4915	66.6079
1221	66.4915	66.6806
1222	66.4915	66.5709
1223	66.4915	66.4915
1224	66.4915	66.5369
1225	66.4915	66.5074
1226	66.4915	66.4915
1227	66.4915	66.5408
1228	66.4915	66.6409
1229	66.4915	66.6813
1230	66.4915	66.4927
1231	66.4915	66.5807
1232	66.4915	66.6475
1233	66.4915	66.5005
1234	66.4915	66.5146
1235	66.4915	66.5203
1236	66.4915	66.5124
1237	66.4915	66.5035
1238	66.4915	66.4919
1239	66.4915	66.5691
1240	66.4915	66.6247
1241	66.4915	66.5015
1242	66.4915	66.4915
1243	66.4915	66.5347
1244	66.4915	66.7311
1245	66.4915	66.6268
1246	66.4915	66.6288
1247	66.4915	66.6192
1248	66.4915	66.6428
1249	66.4915	66.4994
1250	66.4915	66.4915
1251	66.4915	66.5298
1252	66.4915	66.5116
1253	66.4915	66.4918
1254	66.4915	66.5182
1255	66.4915	66.4969
1256	66.4915	66.6909
1257	66.4915	66.4938
1258	66.4915	66.51
1259	66.4915	66.4924
1260	66.4915	66.5399
1261	66.4915	66.5361
1262	66.4915	66.4951
1263	66.4915	66.4915
1264	66.4915	66.7194
1265	66.4915	66.6301
1266	66.4915	66.5337
1267	66.4915	66.502
1268	66.4915	66.5575
1269	66.4915	66.5805
1270	66.4915	66.4925
1271	66.4915	66.6024
1272	66.4915	66.6599
1273	66.4915	66.5201
1274	66.4915	66.5125
1275	66.4915	66.4915
1276	66.4915	66.4915
1277	66.4915	66.4915
1278	66.4915	66.5994
1279	66.4915	66.6241
1280	66.4915	66.4925
1281	66.4915	66.5928
1282	66.4915	66.5151
1283	66.4915	66.5834
1284	66.4915	66.5062
1285	66.4915	66.4915
1286	66.4915	66.6189
1287	66.4915	66.5037
1288	66.4915	66.5222
1289	66.4915	66.5648
1290	66.4915	66.5523
1291	66.4915	66.5533
1292	66.4915	66.4915
1293	66.4915	66.5091
1294	66.4915	66.4915
1295	66.4915	66.4915
1296	66.4915	66.4915
1297	66.4915	66.4915
1298	66.4915	66.5475
1299	66.4915	66.4915
1300	66.4915	66.4915
1301	66.4915	66.4915
1302	66.4915	66.4915
1303	66.4915	66.5019
1304	66.4915	66.5703
1305	66.4915	66.4915
1306	66.4915	66.5017
1307	66.4915	66.4915
1308	66.4621	66.4914
1309	66.4621	66.6528
1310	66.4621	66.4879
1311	66.4621	66.635
1312	66.4621	66.5672
1313	66.4621	66.4827
1314	66.4621	66.4965
1315	66.4621	66.591
1316	66.4621	66.6131
1317	66.4621	66.5767
1318	66.4621	66.4621
1319	66.4621	66.47
1320	66.4621	66.4621
1321	66.4621	66.4676
1322	66.4621	66.5739
1323	66.4621	66.4621
1324	66.4621	66.4621
1325	66.4621	66.4621
1326	66.4621	66.4804
1327	66.4621	66.4621
1328	66.4621	66.4621
1329	66.4621	66.4936
1330	66.4621	66.5164
1331	66.4621	66.6835
1332	66.4621	66.4628
1333	66.4621	66.4621
1334	66.4621	66.4621
1335	66.4621	66.4621
1336	66.4621	66.4621
1337	66.4621	66.4621
1338	66.4621	66.4621
1339	66.4621	66.619
1340	66.4621	66.5879
1341	66.4621	66.5054
1342	66.4621	66.4925
1343	66.4621	66.4952
1344	66.4621	66.4621
1345	66.4621	66.4977
1346	66.4621	66.558
1347	66.4621	66.5172
1348	66.4621	66.4968
1349	66.4621	66.4621
1350	66.4621	66.5285
1351	66.4621	66.5159
1352	66.4621	66.4664
1353	66.4621	66.4642
1354	66.4621	66.5607
1355	66.4621	66.5839
1356	66.4621	66.4621
1357	66.4621	66.4632
1358	66.4621	66.4701
1359	66.4621	66.4904
1360	66.4621	66.4738
1361	66.4621	66.495
1362	66.4621	66.4659
1363	66.4621	66.4621
1364	66.4621	66.5131
1365	66.4621	66.6085
1366	66.4621	66.4839
1367	66.4621	66.4621
1368	66.4621	66.4641
1369	66.4621	66.4649
1370	66.4621	66.4985
1371	66.4621	66.4815
1372	66.4621	66.4684
1373	66.4621	66.4621
1374	66.4621	66.4621
1375	66.4621	66.4621
1376	66.4621	66.5155
1377	66.4621	66.4701
1378	66.4621	66.4621
1379	66.4621	66.4621
1380	66.4621	66.4621
1381	66.4621	66.4621
1382	66.4621	66.4621
1383	66.4621	66.4621
1384	66.4621	66.473
1385	66.4621	66.5438
1386	66.4621	66.5085
1387	66.4621	66.4621
1388	66.4621	66.6363
1389	66.4621	66.5546
1390	66.4621	66.4953
1391	66.4621	66.4621
1392	66.4621	66.4728
1393	66.4621	66.4621
1394	66.4621	66.6259
1395	66.4621	66.6694
1396	66.4621	66.5725
1397	66.4621	66.5209
1398	66.4621	66.4621
1399	66.4621	66.4692
1400	66.4621	66.4919
1401	66.4621	66.4624
1402	66.4621	66.4731
1403	66.4621	66.4621
1404	66.4621	66.7529
1405	66.4621	66.7105
1406	66.4621	66.471
1407	66.4621	66.4621
1408	66.4621	66.4738
1409	66.4621	66.4621
1410	66.4621	66.4784
1411	66.4621	66.7012
1412	66.4621	66.7744
1413	66.4621	66.4878
1414	66.4621	66.5783
1415	66.4621	66.4684
1416	66.4621	66.4924
1417	66.4621	66.5524
1418	66.4621	66.5166
1419	66.4621	66.5185
1420	66.4621	66.4856
1421	66.4621	66.657
1422	66.4621	66.4836
1423	66.4621	66.4621
1424	66.4621	66.4621
1425	66.4621	66.4621
1426	66.4621	66.4621
1427	66.4621	66.4621
1428	66.4621	66.4625
1429	66.4621	66.4638
1430	66.4621	66.5026
1431	66.4621	66.5436
1432	66.4621	66.7567
1433	66.4621	66.5414
1434	66.4621	66.5207
1435	66.4621	66.4926
1436	66.4621	66.477
1437	66.4621	66.5742
1438	66.4621	66.5592
1439	66.4621	66.8171
1440	66.4621	66.5155
1441	66.4621	66.545
1442	66.4621	66.4621
1443	66.4621	66.4683
1444	66.4621	66.5003
1445	66.4621	66.5195
1446	66.4621	66.5898
1447	66.4621	66.5465
1448	66.4621	66.5801
1449	66.4621	66.4971
1450	66.4621	66.4621
1451	66.4621	66.4621
1452	66.4621	66.4621
1453	66.4621	66.4944
1454	66.4621	66.4986
1455	66.4621	66.5465
1456	66.4621	66.4811
1457	66.4621	66.5163
1458	66.4621	66.4718
1459	66.4621	66.4664
1460	66.4621	66.4779
1461	66.4621	66.5968
1462	66.4621	66.4816
1463	66.4621	66.5147
1464	66.4621	66.4735
1465	66.4621	66.6038
1466	66.4621	66.4635
1467	66.4621	66.5325
1468	66.4621	66.5876
1469	66.4621	66.5091
1470	66.4621	66.4621
1471	66.4621	66.4621
1472	66.4621	66.4621
1473	66.4621	66.4906
1474	66.4621	66.4685
1475	66.4621	66.4692
1476	66.4621	66.4621
1477	66.4621	66.7793
1478	66.4621	66.5345
1479	66.4621	66.4856
1480	66.4621	66.584
1481	66.4621	66.6428
1482	66.4621	66.4756
1483	66.4621	66.476
1484	66.4621	66.4968
1485	66.4621	66.4621
1486	66.4621	66.4621
1487	66.4621	66.5041
1488	66.4621	66.535
1489	66.4621	66.4961
1490	66.4621	66.566
1491	66.4621	66.5509
1492	66.4621	66.5208
1493	66.4621	66.9095
1494	66.4621	66.4622
1495	66.4621	66.7889
1496	66.4621	66.6955
1497	66.4621	66.5517
1498	66.4621	66.4715
1499	66.4621	66.5801
1500	66.4621	66.4621
1501	66.4621	66.4621
1502	66.4621	66.4621
1503	66.4621	66.5178
1504	66.4621	66.4985
1505	66.4621	66.484
1506	66.4621	66.4621
1507	66.4621	66.62
1508	66.4621	66.5103
1509	66.4621	66.5275
1510	66.4621	66.4621
1511	66.4621	66.4621
1512	66.4621	66.4718
1513	66.4621	66.6301
1514	66.4621	66.4936
1515	66.4621	66.4621
1516	66.4621	66.4621
1517	66.4621	66.5477
1518	66.4621	66.5523
1519	66.4621	66.7104
1520	66.4621	66.6587
1521	66.4621	66.878
1522	66.4621	66.6004
1523	66.4621	66.5542
1524	66.4621	66.6778
1525	66.4621	66.5468
1526	66.4621	66.5179
1527	66.4621	66.5759
1528	66.4621	66.6901
1529	66.4621	66.5085
1530	66.4621	66.4621
1531	66.4621	66.497
1532	66.4621	66.4621
1533	66.4621	66.4683
1534	66.4621	66.4621
1535	66.4621	66.4621
1536	66.4621	66.4621
1537	66.4621	66.4724
1538	66.4621	66.4621
1539	66.4621	66.4694
1540	66.4621	66.4621
1541	66.4621	66.4621
1542	66.4621	66.4681
1543	66.4621	66.4621
1544	66.4621	66.4621
1545	66.4621	66.4621
1546	66.4621	66.4631
1547	66.4621	66.4621
1548	66.4621	66.4693
1549	66.4621	66.5043
1550	66.4621	66.4912
1551	66.4621	66.7782
1552	66.4621	66.6384
1553	66.4621	66.6849
1554	66.4621	66.4621
1555	66.4621	66.4845
1556	66.4621	66.595
1557	66.4621	66.5134
1558	66.4621	66.4845
1559	66.4621	66.4621
1560	66.4621	66.4621
1561	66.4621	66.4621
1562	66.4621	66.4751
1563	66.4621	66.5213
1564	66.4621	66.7448
1565	66.4621	66.5421
1566	66.4621	66.501
1567	66.4621	66.5939
1568	66.4621	66.5213
1569	66.4621	66.5507
1570	66.4621	66.729
1571	66.4621	66.5682
1572	66.4621	66.5183
1573	66.4621	66.6243
1574	66.4621	66.5285
1575	66.4621	66.7079
1576	66.4621	66.4764
1577	66.4621	66.5302
1578	66.4621	66.5686
1579	66.4621	66.4621
1580	66.4621	66.509
1581	66.4621	66.488
1582	66.4621	66.619
1583	66.4621	66.5515
1584	66.4621	66.5248
1585	66.4621	66.4724
1586	66.4621	66.4621
1587	66.4621	66.6433
1588	66.4621	66.4806
1589	66.4621	66.5033
1590	66.4621	66.4699
1591	66.4621	66.4769
1592	66.4621	66.5367
1593	66.4621	66.4621
1594	66.4621	66.4621
1595	66.4621	66.4621
1596	66.4621	66.4621
1597	66.4621	66.5069
1598	66.4621	66.5824
1599	66.4621	66.7285
1600	66.4621	66.6024
1601	66.4621	66.4776
1602	66.4621	66.4663
1603	66.4621	66.4661
1604	66.4621	66.4621
1605	66.4621	66.6066
1606	66.4621	66.4621
1607	66.4621	66.4873
1608	66.4621	66.4955
1609	66.4621	66.4621
1610	66.4621	66.4878
1611	66.4621	66.4621
1612	66.4621	66.4621
1613	66.4621	66.4636
1614	66.4621	66.4916
1615	66.4621	66.4914
1616	66.4621	66.4621
1617	66.4621	66.4621
1618	66.4621	66.6674
1619	66.4621	66.6441
1620	66.4621	66.575
1621	66.4621	66.5299
1622	66.4621	66.4621
1623	66.4621	66.5876
1624	66.4621	66.6607
1625	66.4621	66.5871
1626	66.4621	66.7144
1627	66.4621	66.6116
1628	66.4621	66.717
1629	66.4621	66.5042
1630	66.4621	66.4912
1631	66.4621	66.6892
1632	66.4621	66.477
1633	66.4621	66.4629
1634	66.4621	66.4621
1635	66.4621	66.6359
1636	66.4621	66.672
1637	66.4621	66.6632
1638	66.4621	66.6472
1639	66.4621	66.5602
1640	66.4621	66.4636
1641	66.4621	66.4949
1642	66.4621	66.4621
1643	66.4621	66.4631
1644	66.4621	66.4621
1645	66.4621	66.4809
1646	66.4621	66.4635
1647	66.4621	66.4662
1648	66.4621	66.4739
1649	66.4621	66.4621
1650	66.4621	66.4621
1651	66.4621	66.602
1652	66.4621	66.4984
1653	66.4621	66.5167
1654	66.4621	66.4955
1655	66.4621	66.4897
1656	66.4621	66.5884
1657	66.4621	66.5829
1658	66.4621	66.7601
1659	66.4621	66.4621
1660	66.4621	66.5693
1661	66.4621	66.6313
1662	66.4621	66.4703
1663	66.4621	66.4621
1664	66.4621	66.5097
1665	66.4621	66.766
1666	66.4621	66.5972
1667	66.4621	66.4799
1668	66.4621	66.5099
1669	66.4621	66.4868
1670	66.4621	66.4701
1671	66.4621	66.6488
1672	66.4621	66.8543
1673	66.4621	66.6289
1674	66.4621	66.5413
1675	66.4621	66.5569
1676	66.4621	66.557
1677	66.4621	66.5513
1678	66.4621	66.5419
1679	66.4621	66.4723
1680	66.4621	66.4935
1681	66.4621	66.4621
1682	66.4621	66.4621
1683	66.4621	66.4715
1684	66.4621	66.5179
1685	66.4621	66.4621
1686	66.4621	66.4721
1687	66.4621	66.7335
1688	66.4621	66.686
1689	66.4621	66.5229
1690	66.4621	66.5588
1691	66.4621	66.6787
1692	66.4621	66.5241
1693	66.4621	66.4942
1694	66.4621	66.4621
1695	66.4621	66.4744
1696	66.4621	66.4662
1697	66.4621	66.5481
1698	66.4621	66.741
1699	66.4621	66.7373
1700	66.4621	66.4881
1701	66.4621	66.5009
1702	66.4621	66.5424
1703	66.4621	66.4621
1704	66.4621	66.4717
1705	66.4621	66.4621
1706	66.4621	66.4621
1707	66.4621	66.4927
1708	66.4621	66.592
1709	66.4621	66.5946
1710	66.4621	66.5605
1711	66.4621	66.4785
1712	66.4621	66.4621
1713	66.4621	66.5118
1714	66.4621	66.5492
1715	66.4621	66.467
1716	66.4621	66.6977
1717	66.4621	66.5745
1718	66.4621	66.5558
1719	66.4621	66.5469
1720	66.4621	66.4641
1721	66.4621	66.4621
1722	66.4621	66.6002
1723	66.4621	66.6508
1724	66.4621	66.544
1725	66.4621	66.647
1726	66.4621	66.4956
1727	66.4621	66.4839
1728	66.4621	66.5916
1729	66.4621	66.7373
1730	66.4621	66.5722
1731	66.4621	66.7453
1732	66.4621	66.5011
1733	66.4621	66.4621
1734	66.4621	66.4987
1735	66.4621	66.5783
1736	66.4621	66.4621
1737	66.4621	66.4621
1738	66.4621	66.4848
1739	66.4621	66.4992
1740	66.4621	66.4721
1741	66.4621	66.5134
1742	66.4621	66.4621
1743	66.4621	66.5813
1744	66.4621	66.5001
1745	66.4621	66.4757
1746	66.4621	66.4632
1747	66.4621	66.4669
1748	66.4621	66.5447
1749	66.4621	66.4706
1750	66.4621	66.5382
1751	66.4621	66.4662
1752	66.4621	66.5197
1753	66.4621	66.4621
1754	66.4621	66.4685
1755	66.4621	66.4832
1756	66.4621	66.4993
1757	66.4621	66.4621
1758	66.4621	66.57
1759	66.4621	66.6408
1760	66.4621	66.4621
1761	66.4621	66.6047
1762	66.4621	66.4874
1763	66.4621	66.4621
1764	66.4621	66.4621
1765	66.4621	66.4621
1766	66.4621	66.5536
1767	66.4621	66.4787
1768	66.4621	66.5236
1769	66.4621	66.6097
1770	66.4621	66.6778
1771	66.4621	66.4922
1772	66.4621	66.5832
1773	66.4621	66.5544
1774	66.4621	66.5056
1775	66.4621	66.5749
1776	66.4621	66.826
1777	66.4621	66.4721
1778	66.4621	66.5053
1779	66.4621	66.579
1780	66.4621	66.5577
1781	66.4621	66.5239
1782	66.4621	66.5515
1783	66.4621	66.6794
1784	66.4621	66.5492
1785	66.4621	66.4881
1786	66.4621	66.4621
1787	66.4621	66.5098
1788	66.4621	66.4621
1789	66.4621	66.4644
1790	66.4621	66.6566
1791	66.4621	66.5202
1792	66.4621	66.4621
1793	66.4621	66.4621
1794	66.4621	66.4621
1795	66.4621	66.4672
1796	66.4621	66.472
1797	66.4621	66.4637
1798	66.4621	66.4621
1799	66.4621	66.4621
1800	66.4621	66.4621
1801	66.4621	66.4621
1802	66.4621	66.4621
1803	66.4621	66.4621
1804	66.4621	66.4688
1805	66.4621	66.4621
1806	66.4621	66.4677
1807	66.4621	66.4821
1808	66.4621	66.6008
1809	66.4621	66.5117
1810	66.4621	66.4621
1811	66.4621	66.4685
1812	66.4621	66.8605
1813	66.4621	66.6628
1814	66.4621	66.4808
1815	66.4621	66.4692
1816	66.4621	66.5134
1817	66.4621	66.4751
1818	66.4621	66.5199
1819	66.4621	66.4621
1820	66.4621	66.4621
1821	66.4621	66.4621
1822	66.4621	66.5182
1823	66.4621	66.6109
1824	66.4621	66.4621
1825	66.4621	66.4621
1826	66.4621	66.4959
1827	66.4621	66.6313
1828	66.4621	66.4655
1829	66.4621	66.4621
1830	66.4621	66.5005
1831	66.4621	66.4763
1832	66.4621	66.5517
1833	66.4621	66.5917
1834	66.4621	66.5151
1835	66.4621	66.4878
1836	66.4621	66.4621
1837	66.4621	66.4621
1838	66.4621	66.5656
1839	66.4621	66.5567
1840	66.4621	66.4956
1841	66.4621	66.4988
1842	66.4621	66.5214
1843	66.4621	66.5767
1844	66.4621	66.5122
1845	66.4621	66.4621
1846	66.4621	66.5289
1847	66.4621	66.4996
1848	66.4621	66.4621
1849	66.4621	66.5351
1850	66.4621	66.5586
1851	66.4621	66.5757
1852	66.4621	66.5678
1853	66.4621	66.5119
1854	66.4621	66.5011
1855	66.4621	66.4621
1856	66.4621	66.4652
1857	66.4621	66.4621
1858	66.4621	66.4621
1859	66.4621	66.4621
1860	66.4621	66.5036
1861	66.4621	66.4954
1862	66.4621	66.4693
1863	66.4621	66.6699
1864	66.4621	66.4859
1865	66.4621	66.4751
1866	66.4621	66.4827
1867	66.4621	66.513
1868	66.4621	66.4928
1869	66.4621	66.488
1870	66.4621	66.4621
1871	66.4621	66.4621
1872	66.4621	66.5122
1873	66.4621	66.4621
1874	66.4621	66.4621
1875	66.4621	66.4621
1876	66.4621	66.4692
1877	66.4621	66.4621
1878	66.4621	66.4824
1879	66.4621	66.5523
1880	66.4621	66.5229
1881	66.4621	66.4621
1882	66.4621	66.5082
1883	66.4621	66.4631
1884	66.4621	66.4621
1885	66.4621	66.4934
1886	66.4621	66.5525
1887	66.4621	66.5246
1888	66.4621	66.5043
1889	66.4621	66.4621
1890	66.4621	66.6073
1891	66.4621	66.6214
1892	66.4621	66.6205
1893	66.4621	66.4952
1894	66.4621	66.9271
1895	66.4621	66.4757
1896	66.4621	66.5104
1897	66.4621	66.556
1898	66.4621	66.5749
1899	66.4621	66.4621
1900	66.4621	66.4685
1901	66.4621	66.4621
1902	66.4621	66.4621
1903	66.4621	66.4621
1904	66.4621	66.4621
1905	66.4621	66.5475
1906	66.4621	66.5518
1907	66.4621	66.675
1908	66.4621	66.4784
1909	66.4621	66.6002
1910	66.4621	66.5828
1911	66.4621	66.6445
1912	66.4621	66.538
1913	66.4621	66.5933
1914	66.4621	66.4621
1915	66.4621	66.5114
1916	66.4621	66.5131
1917	66.4621	66.4904
1918	66.4621	66.4621
1919	66.4621	66.4621
1920	66.4621	66.5217
1921	66.4621	66.6956
1922	66.4621	66.6629
1923	66.4621	66.5943
1924	66.4621	66.4621
1925	66.4621	66.4621
1926	66.4621	66.5417
1927	66.4621	66.4621
1928	66.4621	66.4705
1929	66.4621	66.4825
1930	66.4621	66.5067
1931	66.4621	66.4962
1932	66.4621	66.4868
1933	66.4621	66.4857
1934	66.4621	66.4982
1935	66.4621	66.525
1936	66.4621	66.6303
1937	66.4621	66.5887
1938	66.4621	66.6427
1939	66.4621	66.5001
1940	66.4621	66.5488
1941	66.4621	66.5939
1942	66.4621	66.592
1943	66.4621	66.5891
1944	66.4621	66.4621
1945	66.4621	66.4621
1946	66.4621	66.4621
1947	66.4621	66.4631
1948	66.4621	66.4731
1949	66.4621	66.4937
1950	66.4621	66.4898
1951	66.4621	66.5832
1952	66.4621	66.4813
1953	66.4621	66.4648
1954	66.4621	66.5216
1955	66.4621	66.4939
1956	66.4621	66.4969
1957	66.4621	66.5401
1958	66.4621	66.6764
1959	66.4621	66.5736
1960	66.4621	66.5978
1961	66.4621	66.4638
1962	66.4621	66.4653
1963	66.4621	66.6448
1964	66.4621	66.6421
1965	66.4621	66.469
1966	66.4621	66.4752
1967	66.4621	66.5344
1968	66.4621	66.5305
1969	66.4621	66.5169
1970	66.4621	66.5023
1971	66.4621	66.4993
1972	66.4621	66.5373
1973	66.4621	66.5387
1974	66.4621	66.5621
1975	66.4621	66.5457
1976	66.4621	66.4624
1977	66.4621	66.4621
1978	66.4621	66.4621
1979	66.4621	66.4621
1980	66.4621	66.5114
1981	66.4621	66.4621
1982	66.4621	66.502
1983	66.4621	66.4621
1984	66.4621	66.4621
1985	66.4621	66.5101
1986	66.4621	66.563
1987	66.4621	66.6178
1988	66.4621	66.4622
1989	66.4621	66.4624
1990	66.4621	66.4623
1991	66.4621	66.4621
1992	66.4621	66.4621
1993	66.4621	66.4621
1994	66.4621	66.4621
1995	66.4621	66.4621
1996	66.4621	66.524
1997	66.4621	66.5994
1998	66.4621	66.5269
1999	66.4621	66.6661
2000	66.4621	66.6411
2001	66.4621	66.5804
2002	66.4621	66.7506
2003	66.4621	66.4645
2004	66.4621	66.4621
2005	66.4621	66.4621
2006	66.4621	66.4621
2007	66.4621	66.4697
2008	66.4621	66.6612
2009	66.4621	66.4871
2010	66.4621	66.4621
2011	66.4621	66.5236
2012	66.4621	66.4814
2013	66.4621	66.5036
2014	66.4621	66.5023
2015	66.4621	66.4655
2016	66.4621	66.4621
2017	66.4621	66.4621
2018	66.4621	66.5276
2019	66.4621	66.4621
2020	66.4621	66.4629
2021	66.4621	66.4621
2022	66.4621	66.5733
2023	66.4621	66.491
2024	66.4621	66.556
2025	66.4621	66.5563
2026	66.4621	66.4632
2027	66.4621	66.4621
2028	66.4621	66.5246
2029	66.4621	66.5079
2030	66.4621	66.4869
2031	66.4621	66.4856
2032	66.4621	66.4621
2033	66.4621	66.4711
2034	66.4621	66.6137
2035	66.4621	66.5627
2036	66.4621	66.5377
2037	66.4621	66.4621
2038	66.4621	66.4621
2039	66.4621	66.4621
2040	66.4621	66.4621
2041	66.4621	66.4621
2042	66.4621	66.4886
2043	66.4621	66.4683
2044	66.4621	66.5783
2045	66.4621	66.6089
2046	66.4621	66.5067
2047	66.4621	66.5454
2048	66.4621	66.4878
2049	66.4621	66.4621
2050	66.4621	66.4647
2051	66.4621	66.4769
2052	66.4621	66.4762
2053	66.4621	66.5075
2054	66.4621	66.5098
2055	66.4621	66.4721
2056	66.4621	66.4621
2057	66.4621	66.4621
2058	66.4621	66.4621
2059	66.4621	66.4621
2060	66.4621	66.5562
2061	66.4621	66.6996
2062	66.4621	66.5038
2063	66.4621	66.6005
2064	66.4621	66.4622
2065	66.4621	66.4717
2066	66.4621	66.4621
2067	66.4621	66.6154
2068	66.4621	66.5788
2069	66.4621	66.4621
2070	66.4621	66.4621
2071	66.4621	66.4621
2072	66.4621	66.5528
2073	66.4621	66.5106
2074	66.4621	66.5102
2075	66.4621	66.4623
2076	66.4621	66.4621
2077	66.4621	66.4771
2078	66.4621	66.5495
2079	66.4621	66.516
2080	66.4621	66.4621
2081	66.4621	66.4621
2082	66.4621	66.4621
2083	66.4621	66.4621
2084	66.4621	66.4956
2085	66.4621	66.4621
2086	66.4621	66.5447
2087	66.4621	66.5106
2088	66.4621	66.5154
2089	66.4621	66.7023
2090	66.4621	66.5756
2091	66.4621	66.5852
2092	66.4621	66.4621
2093	66.4621	66.4621
2094	66.4621	66.5729
2095	66.4621	66.4964
2096	66.4621	66.4621
2097	66.4621	66.5237
2098	66.4621	66.4625
2099	66.4621	66.4621
2100	66.4621	66.4621
2101	66.4621	66.4946
2102	66.4621	66.5154
2103	66.4621	66.4982
2104	66.4621	66.4788
2105	66.4621	66.465
2106	66.4621	66.4621
2107	66.4621	66.4621
2108	66.4621	66.4621
2109	66.4621	66.5945
2110	66.4621	66.4644
2111	66.4621	66.4629
2112	66.4621	66.4621
2113	66.4621	66.4917
2114	66.4621	66.5329
2115	66.4621	66.765
2116	66.4621	66.55
2117	66.4621	66.4621
2118	66.4621	66.5389
2119	66.4621	66.5755
2120	66.4621	66.6616
2121	66.4621	66.5004
2122	66.4621	66.4646
2123	66.4621	66.4786
2124	66.4621	66.622
2125	66.4621	66.5284
2126	66.4621	66.517
2127	66.4621	66.4733
2128	66.4621	66.5303
2129	66.4621	66.5572
2130	66.4621	66.5047
2131	66.4621	66.6829
2132	66.4621	66.4621
2133	66.4621	66.5477
2134	66.4621	66.688
2135	66.4621	66.5438
2136	66.4621	66.5472
2137	66.4621	66.5484
2138	66.4621	66.4737
2139	66.4621	66.5649
2140	66.4621	66.6316
2141	66.4621	66.5549
2142	66.4621	66.4621
2143	66.4621	66.4621
2144	66.4621	66.4621
2145	66.4621	66.4621
2146	66.4621	66.4621
2147	66.4621	66.6018
2148	66.4621	66.4976
2149	66.4621	66.6434
2150	66.4621	66.4987
2151	66.4621	66.4971
2152	66.4621	66.4771
2153	66.4621	66.4621
2154	66.4621	66.4639
2155	66.4621	66.5436
2156	66.4621	66.4666
2157	66.4621	66.4793
2158	66.4621	66.5035
2159	66.4621	66.5221
2160	66.4621	66.4909
2161	66.4621	66.4673
2162	66.4621	66.4976
2163	66.4621	66.4621
2164	66.4621	66.4684
2165	66.4621	66.6691
2166	66.4621	66.584
2167	66.4621	66.521
2168	66.4621	66.501
2169	66.4621	66.4621
2170	66.4621	66.491
2171	66.4621	66.4764
2172	66.4621	66.4976
2173	66.4621	66.53
2174	66.4621	66.4621
2175	66.4621	66.4621
2176	66.4621	66.4739
2177	66.4621	66.5507
2178	66.4621	66.4621
2179	66.4621	66.4738
2180	66.4621	66.4621
2181	66.4621	66.4621
2182	66.4621	66.4731
2183	66.4621	66.4621
2184	66.4621	66.4957
2185	66.4621	66.4621
2186	66.4621	66.5203
2187	66.4621	66.5056
2188	66.4621	66.4668
2189	66.4621	66.4675
2190	66.4621	66.4621
2191	66.4621	66.4765
2192	66.4621	66.506
2193	66.4621	66.4621
2194	66.4621	66.4621
2195	66.4621	66.4689
2196	66.4621	66.5665
2197	66.4621	66.4875
2198	66.4621	66.4621
2199	66.4621	66.4621
2200	66.4621	66.5085
2201	66.4621	66.4995
2202	66.4621	66.4657
2203	66.4621	66.4621
2204	66.4621	66.4942
2205	66.4621	66.5135
2206	66.4621	66.6169
2207	66.4621	66.5448
2208	66.4621	66.5847
2209	66.4621	66.4621
2210	66.4621	66.4621
2211	66.4621	66.4866
2212	66.4621	66.4703
2213	66.4621	66.4621
2214	66.4621	66.5095
2215	66.4621	66.5178
2216	66.4621	66.5017
2217	66.4621	66.4621
2218	66.4621	66.5098
2219	66.4621	66.5895
2220	66.4621	66.5438
2221	66.4621	66.5333
2222	66.4621	66.7559
2223	66.4621	66.4749
2224	66.4621	66.4621
2225	66.4621	66.4828
2226	66.4621	66.4621
2227	66.4621	66.4774
2228	66.4621	66.475
2229	66.4621	66.5578
2230	66.4621	66.4685
2231	66.4621	66.4621
2232	66.4621	66.4621
2233	66.4621	66.5606
2234	66.4621	66.4842
2235	66.4621	66.4621
2236	66.4621	66.4621
2237	66.4621	66.4622
2238	66.4621	66.5203
2239	66.4621	66.4925
2240	66.4621	66.5476
2241	66.4621	66.6866
2242	66.4621	66.5611
2243	66.4621	66.5965
2244	66.4621	66.7806
2245	66.4621	66.551
2246	66.4621	66.6621
2247	66.4621	66.466
2248	66.4621	66.4621
2249	66.4621	66.4621
2250	66.4621	66.4665
2251	66.4621	66.5106
2252	66.4621	66.578
2253	66.4621	66.6028
2254	66.4621	66.5736
2255	66.4621	66.4781
2256	66.4621	66.5058
2257	66.4621	66.4621
2258	66.4621	66.4621
2259	66.4621	66.4621
2260	66.4621	66.4621
2261	66.4621	66.4621
2262	66.4621	66.4621
2263	66.4621	66.6535
2264	66.4621	66.5407
2265	66.4621	66.5214
2266	66.4621	66.6085
2267	66.4621	66.5528
2268	66.4621	66.4894
2269	66.4621	66.4621
2270	66.4621	66.4629
2271	66.4621	66.4621
2272	66.4621	66.4621
2273	66.4621	66.4664
2274	66.4621	66.6197
2275	66.4621	66.4621
2276	66.4621	66.5168
2277	66.4621	66.4621
2278	66.4621	66.464
2279	66.4621	66.5453
2280	66.4621	66.5756
2281	66.4621	66.4975
2282	66.4621	66.4673
2283	66.4621	66.4621
2284	66.4621	66.4621
2285	66.4621	66.4621
2286	66.4621	66.4662
2287	66.4621	66.4712
2288	66.4621	66.4655
2289	66.4621	66.4621
2290	66.4621	66.4621
2291	66.4621	66.5722
2292	66.4621	66.4714
2293	66.4621	66.4621
2294	66.4621	66.4898
2295	66.4621	66.4621
2296	66.4621	66.4621
2297	66.4621	66.5408
2298	66.4621	66.5824
2299	66.4621	66.479
2300	66.4621	66.463
2301	66.4621	66.4621
2302	66.4621	66.4621
2303	66.4621	66.468
2304	66.4621	66.6505
2305	66.4621	66.8481
2306	66.4621	66.6088
2307	66.4621	66.5229
2308	66.4621	66.5957
2309	66.4621	66.5482
2310	66.4621	66.606
2311	66.4621	66.5486
2312	66.4621	66.4621
2313	66.4621	66.4621
2314	66.4621	66.4653
2315	66.4621	66.4711
2316	66.4621	66.4621
2317	66.4621	66.4621
2318	66.4621	66.4621
2319	66.4621	66.4621
2320	66.4621	66.4772
2321	66.4621	66.4621
2322	66.4621	66.5166
2323	66.4621	66.5242
2324	66.4621	66.5144
2325	66.4621	66.6979
2326	66.4621	66.4912
2327	66.4621	66.4621
2328	66.4621	66.4621
2329	66.4621	66.4966
2330	66.4621	66.4707
2331	66.4621	66.4621
2332	66.4621	66.4686
2333	66.4621	66.4621
2334	66.4621	66.4621
2335	66.4621	66.5222
2336	66.4621	66.596
2337	66.4621	66.5055
2338	66.4621	66.5537
2339	66.4621	66.4751
2340	66.4621	66.466
2341	66.4621	66.5287
2342	66.4621	66.5023
2343	66.4621	66.6477
2344	66.4621	66.4694
2345	66.4621	66.4621
2346	66.4621	66.4621
2347	66.4621	66.6206
2348	66.4621	66.592
2349	66.4621	66.4806
2350	66.4621	66.4621
2351	66.4621	66.5522
2352	66.4621	66.4621
2353	66.4621	66.4621
2354	66.4621	66.4839
2355	66.4621	66.4621
2356	66.4621	66.6147
2357	66.4621	66.6327
2358	66.4621	66.4823
2359	66.4621	66.6775
2360	66.4621	66.5785
2361	66.4621	66.5241
2362	66.4621	66.4621
2363	66.4621	66.59
2364	66.4621	66.4642
2365	66.4621	66.5139
2366	66.4621	66.6034
2367	66.4621	66.644
2368	66.4621	66.5755
2369	66.4621	66.6048
2370	66.4621	66.595
2371	66.4621	66.4621
2372	66.4621	66.4785
2373	66.4621	66.4824
2374	66.4621	66.5135
2375	66.4621	66.4656
2376	66.4621	66.4621
2377	66.4621	66.5273
2378	66.4621	66.6117
2379	66.4621	66.4943
2380	66.4621	66.4621
2381	66.4621	66.495
2382	66.4621	66.4667
2383	66.4621	66.4621
2384	66.4621	66.4934
2385	66.4621	66.4621
2386	66.4621	66.4833
2387	66.4621	66.8032
2388	66.4621	66.5896
2389	66.4621	66.4621
2390	66.4621	66.4621
2391	66.4621	66.5995
2392	66.4621	66.6321
2393	66.4621	66.5606
2394	66.4621	66.5806
2395	66.4621	66.4813
2396	66.4621	66.4966
2397	66.4621	66.4621
2398	66.4621	66.4699
2399	66.4621	66.5488
2400	66.4621	66.4634
2401	66.4621	66.5891
2402	66.4621	66.5212
2403	66.4621	66.4656
2404	66.4621	66.4621
2405	66.4621	66.4687
2406	66.4621	66.5597
2407	66.4621	66.4621
2408	66.4621	66.4621
2409	66.4621	66.4621
2410	66.4621	66.4621
2411	66.4621	66.4621
2412	66.4621	66.4621
2413	66.4621	66.5473
2414	66.4621	66.5956
2415	66.4621	66.5461
2416	66.4621	66.5928
2417	66.4621	66.6103
2418	66.4621	66.5275
2419	66.4621	66.4946
2420	66.4621	66.5663
2421	66.4621	66.4621
2422	66.4621	66.5017
2423	66.4621	66.4651
2424	66.4621	66.5205
2425	66.4621	66.4621
2426	66.4621	66.6457
2427	66.4621	66.5635
2428	66.4621	66.4652
2429	66.4621	66.466
2430	66.4621	66.4621
2431	66.4621	66.4807
2432	66.4621	66.4716
2433	66.4621	66.5559
2434	66.4621	66.4951
2435	66.4621	66.5038
2436	66.4621	66.4621
2437	66.4621	66.4869
2438	66.4621	66.4682
2439	66.4621	66.575
2440	66.4621	66.4621
2441	66.4621	66.4621
2442	66.4621	66.4621
2443	66.4621	66.4621
2444	66.4621	66.4621
2445	66.4621	66.4621
2446	66.4621	66.4621
2447	66.4621	66.4708
2448	66.4621	66.4818
2449	66.4621	66.4844
2450	66.4621	66.4781
2451	66.4621	66.4621
2452	66.4621	66.5238
2453	66.4621	66.5496
2454	66.4621	66.5792
2455	66.4621	66.9807
2456	66.4621	66.7163
2457	66.4621	66.7217
2458	66.4621	66.6056
2459	66.4621	66.6831
2460	66.4621	66.5543
2461	66.4621	66.6526
2462	66.4621	66.4687
2463	66.4621	66.4621
2464	66.4621	66.4654
2465	66.4621	66.4621
2466	66.4621	66.4621
2467	66.4621	66.4621
2468	66.4621	66.4621
2469	66.4621	66.4862
2470	66.4621	66.4815
2471	66.4621	66.5001
2472	66.4621	66.5477
2473	66.4621	66.5904
2474	66.4621	66.4661
2475	66.4621	66.4642
2476	66.4621	66.4621
2477	66.4621	66.5861
2478	66.4621	66.4705
2479	66.4621	66.4818
2480	66.4621	66.5287
2481	66.4621	66.4859
2482	66.4621	66.4978
2483	66.4621	66.5409
2484	66.4621	66.4621
2485	66.4621	66.4709
2486	66.4621	66.4621
2487	66.4621	66.4621
2488	66.4621	66.4621
2489	66.4621	66.4621
2490	66.4621	66.4621
2491	66.4621	66.4621
2492	66.4621	66.4796
2493	66.4621	66.4722
2494	66.4621	66.5371
2495	66.4621	66.4933
2496	66.4621	66.5862
2497	66.4621	66.5198
2498	66.4621	66.5091
2499	66.4621	66.5942
2500	66.4621	66.5261
2501	66.4621	66.4621
2502	66.4621	66.4936
2503	66.4621	66.5769
2504	66.4621	66.4861
2505	66.4621	66.4621
2506	66.4621	66.4621
2507	66.4621	66.4621
2508	66.4621	66.5918
2509	66.4621	66.6896
2510	66.4621	66.5899
2511	66.4621	66.7899
2512	66.4621	66.5175
2513	66.4621	66.4838
2514	66.4621	66.4629
2515	66.4621	66.556
2516	66.4621	66.4638
2517	66.4621	66.4621
2518	66.4621	66.5049
2519	66.4621	66.5703
2520	66.4621	66.6312
2521	66.4621	66.5524
2522	66.4621	66.5407
2523	66.4621	66.5166
2524	66.4621	66.4621
2525	66.4621	66.5113
2526	66.4621	66.4671
2527	66.4621	66.6151
2528	66.4621	66.5318
2529	66.4621	66.4732
2530	66.4621	66.4621
2531	66.4621	66.5182
2532	66.4621	66.5128
2533	66.4621	66.4805
2534	66.4621	66.5181
2535	66.4621	66.538
2536	66.4621	66.7724
2537	66.4621	66.6508
2538	66.4621	66.5352
2539	66.4621	66.4887
2540	66.4621	66.4621
2541	66.4621	66.5359
2542	66.4621	66.5253
2543	66.4621	66.5618
2544	66.4621	66.6688
2545	66.4621	66.4621
2546	66.4621	66.4902
2547	66.4621	66.5121
2548	66.4621	66.4641
2549	66.4621	66.4709
2550	66.4621	66.5876
2551	66.4621	66.4826
2552	66.4621	66.5214
2553	66.4621	66.5184
2554	66.4621	66.5544
2555	66.4621	66.4814
2556	66.4621	66.4631
2557	66.4621	66.4621
2558	66.4621	66.4621
2559	66.4621	66.5202
2560	66.4621	66.6971
2561	66.4621	66.4621
2562	66.4621	66.4935
2563	66.4621	66.535
2564	66.4621	66.5557
2565	66.4621	66.7483
2566	66.4621	66.5122
2567	66.4621	66.5031
2568	66.4621	66.4669
2569	66.4621	66.5909
2570	66.4621	66.5522
2571	66.4621	66.4621
2572	66.4621	66.6148
2573	66.4621	66.5002
2574	66.4621	66.4715
2575	66.4621	66.4764
2576	66.4621	66.4685
2577	66.4621	66.5322
2578	66.4621	66.5067
2579	66.4621	66.466
2580	66.4621	66.4621
2581	66.4621	66.5538
2582	66.4621	66.4895
2583	66.4621	66.4621
2584	66.4621	66.4759
2585	66.4621	66.4621
2586	66.4621	66.4825
2587	66.4621	66.4677
2588	66.4621	66.4803
2589	66.4621	66.4815
2590	66.4621	66.5433
2591	66.4621	66.4865
2592	66.4621	66.5102
2593	66.4621	66.4809
2594	66.4621	66.4621
2595	66.4621	66.5148
2596	66.4621	66.5344
2597	66.4621	66.5189
2598	66.4621	66.4964
2599	66.4621	66.5886
2600	66.4621	66.8464
2601	66.4621	66.7059
2602	66.4621	66.5823
2603	66.4621	66.4621
2604	66.4621	66.4621
2605	66.4621	66.4621
2606	66.4621	66.4621
2607	66.4621	66.472
2608	66.4621	66.4842
2609	66.4621	66.4819
2610	66.4621	66.5288
2611	66.4621	66.4621
2612	66.4621	66.4648
2613	66.4621	66.4629
2614	66.4621	66.4993
2615	66.4621	66.6358
2616	66.4621	66.6462
2617	66.4621	66.4621
2618	66.4621	66.5403
2619	66.4621	66.4621
2620	66.4621	66.4621
2621	66.4621	66.4621
2622	66.4621	66.5586
2623	66.4621	66.55
2624	66.4621	66.4622
2625	66.4621	66.4621
2626	66.4621	66.489
2627	66.4621	66.4621
2628	66.4621	66.4874
2629	66.4621	66.5616
2630	66.4621	66.4701
2631	66.4621	66.8652
2632	66.4621	66.4869
2633	66.4621	66.4621
2634	66.4621	66.589
2635	66.4621	66.4683
2636	66.4621	66.4784
2637	66.4621	66.4991
2638	66.4621	66.4863
2639	66.4621	66.5143
2640	66.4621	66.5586
2641	66.4621	66.5888
2642	66.4621	66.5866
2643	66.4621	66.5889
2644	66.4621	66.4745
2645	66.4621	66.5345
2646	66.4621	66.4841
2647	66.4621	66.5326
2648	66.4621	66.5405
2649	66.4621	66.4621
2650	66.4621	66.5023
2651	66.4621	66.4621
2652	66.4621	66.4621
2653	66.4621	66.54
2654	66.4621	66.537
2655	66.4621	66.4817
2656	66.4621	66.6554
2657	66.4621	66.551
2658	66.4621	66.4621
2659	66.4621	66.4621
2660	66.4621	66.4621
2661	66.4621	66.4621
2662	66.4621	66.5406
2663	66.4621	66.4652
2664	66.4621	66.4621
2665	66.4621	66.4621
2666	66.4621	66.4649
2667	66.4621	66.4687
2668	66.4621	66.4621
2669	66.4621	66.4621
2670	66.4621	66.4621
2671	66.4621	66.4621
2672	66.4621	66.5026
2673	66.4621	66.4627
2674	66.4621	66.4621
2675	66.4621	66.6557
2676	66.4621	66.4679
2677	66.4621	66.642
2678	66.4621	66.5046
2679	66.4621	66.5466
2680	66.4621	66.5682
2681	66.4621	66.5084
2682	66.4621	66.498
2683	66.4621	66.4927
2684	66.4621	66.4929
2685	66.4621	66.4879
2686	66.4621	66.4622
2687	66.4621	66.4754
2688	66.4621	66.5097
2689	66.4621	66.4621
2690	66.4621	66.4621
2691	66.4621	66.4623
2692	66.4621	66.4621
2693	66.4621	66.4726
2694	66.4621	66.4807
2695	66.4621	66.6364
2696	66.4621	66.6528
2697	66.4621	66.561
2698	66.4621	66.6002
2699	66.4621	66.8028
2700	66.4621	66.4621
2701	66.4621	66.5975
2702	66.4621	66.4621
2703	66.4621	66.8263
2704	66.4621	66.6388
2705	66.4621	66.4919
2706	66.4621	66.4795
2707	66.4621	66.4802
2708	66.4621	66.6938
2709	66.4621	66.4955
2710	66.4621	66.4672
2711	66.4621	66.514
2712	66.4621	66.4621
2713	66.4621	66.4621
2714	66.4621	66.4722
2715	66.4621	66.7688
2716	66.4621	66.5588
2717	66.4621	66.5026
2718	66.4621	66.4674
2719	66.4621	66.5829
2720	66.4621	66.6165
2721	66.4621	66.5335
2722	66.4621	66.4693
2723	66.4621	66.5878
2724	66.4621	66.4943
2725	66.4621	66.6214
2726	66.4621	66.8131
2727	66.4621	66.7196
2728	66.4621	66.799
2729	66.4621	66.5487
2730	66.4621	66.5734
2731	66.4621	66.6491
2732	66.4621	66.4687
2733	66.4621	66.6821
2734	66.4621	66.5103
2735	66.4621	66.4621
2736	66.4621	66.4823
2737	66.4621	66.5184
2738	66.4621	66.4621
2739	66.4621	66.4641
2740	66.4621	66.4621
2741	66.4621	66.481
2742	66.4621	66.5634
2743	66.4621	66.527
2744	66.4621	66.4856
2745	66.4621	66.6179
2746	66.4621	66.4768
2747	66.4621	66.4811
2748	66.4621	66.6879
2749	66.4621	66.557
2750	66.4621	66.4971
2751	66.4621	66.4817
2752	66.4621	66.4621
2753	66.4621	66.5277
2754	66.4621	66.4629
2755	66.4621	66.4621
2756	66.4621	66.4621
2757	66.4621	66.4621
2758	66.4621	66.4782
2759	66.4621	66.4736
2760	66.4621	66.5019
2761	66.4621	66.4915
2762	66.4621	66.4812
2763	66.4621	66.4643
2764	66.4621	66.5162
2765	66.4621	66.4789
2766	66.4621	66.4885
2767	66.4621	66.4998
2768	66.4621	66.4621
2769	66.4621	66.4966
2770	66.4621	66.4648
2771	66.4621	66.4621
2772	66.4621	66.5708
2773	66.4621	66.4621
2774	66.4621	66.6084
2775	66.4621	66.4713
2776	66.4621	66.4625
2777	66.4621	66.4999
2778	66.4621	66.4627
2779	66.4621	66.4622
2780	66.4621	66.5051
2781	66.4621	66.4887
2782	66.4621	66.5425
2783	66.4621	66.6165
2784	66.4621	66.6587
2785	66.4621	66.5028
2786	66.4621	66.7299
2787	66.4621	66.5742
2788	66.4621	66.4627
2789	66.4621	66.4897
2790	66.4621	66.4621
2791	66.4621	66.4621
2792	66.4621	66.4621
2793	66.4621	66.4621
2794	66.4621	66.4621
2795	66.4621	66.4621
2796	66.4621	66.5211
2797	66.4621	66.4921
2798	66.4621	66.5818
2799	66.4621	66.4665
2800	66.4621	66.6094
2801	66.4621	66.5661
2802	66.4621	66.4667
2803	66.4621	66.4621
2804	66.4621	66.4621
2805	66.4621	66.4621
2806	66.4621	66.4621
2807	66.4621	66.4637
2808	66.4621	66.4621
2809	66.4621	66.4621
2810	66.4621	66.4659
2811	66.4621	66.4621
2812	66.4621	66.4621
2813	66.4621	66.4662
2814	66.4621	66.4704
2815	66.4621	66.5231
2816	66.4621	66.4639
2817	66.4621	66.4621
2818	66.4621	66.4736
2819	66.4621	66.4631
2820	66.4621	66.4621
2821	66.4621	66.4641
2822	66.4621	66.5167
2823	66.4621	66.4756
2824	66.4621	66.6769
2825	66.4621	66.4671
2826	66.4621	66.4621
2827	66.4621	66.4621
2828	66.4621	66.4807
2829	66.4621	66.5029
2830	66.4621	66.4639
2831	66.4621	66.4621
2832	66.4621	66.4652
2833	66.4621	66.4664
2834	66.4621	66.4714
2835	66.4621	66.4861
2836	66.4621	66.4621
2837	66.4621	66.4621
2838	66.4621	66.5561
2839	66.4621	66.4655
2840	66.4621	66.523
2841	66.4621	66.4633
2842	66.4621	66.4641
2843	66.4621	66.4848
2844	66.4621	66.5492
2845	66.4621	66.5369
2846	66.4621	66.5391
2847	66.4621	66.7127
2848	66.4621	66.4837
2849	66.4621	66.6002
2850	66.4621	66.5899
2851	66.4621	66.4707
2852	66.4621	66.4621
2853	66.4621	66.467
2854	66.4621	66.7157
2855	66.4621	66.5356
2856	66.4621	66.5633
2857	66.4621	66.4751
2858	66.4621	66.4745
2859	66.4621	66.4692
2860	66.4621	66.6142
2861	66.4621	66.4971
2862	66.4621	66.4823
2863	66.4621	66.4699
2864	66.4621	66.4623
2865	66.4621	66.4729
2866	66.4621	66.4737
2867	66.4621	66.4796
2868	66.4621	66.4621
2869	66.4621	66.6648
2870	66.4621	66.6805
2871	66.4621	66.5967
2872	66.4621	66.5229
2873	66.4621	66.4861
2874	66.4621	66.4621
2875	66.4621	66.4763
2876	66.4621	66.689
2877	66.4621	66.5138
2878	66.4621	66.4755
2879	66.4621	66.4621
2880	66.4621	66.6569
2881	66.4621	66.6993
2882	66.4621	66.4766
2883	66.4621	66.6042
2884	66.4621	66.6636
2885	66.4621	66.7013
2886	66.4621	66.4621
2887	66.4621	66.4621
2888	66.4621	66.4621
2889	66.4621	66.4681
2890	66.4621	66.4621
2891	66.4621	66.4621
2892	66.4621	66.4621
2893	66.4621	66.5141
2894	66.4621	66.4895
2895	66.4621	66.4621
2896	66.4621	66.4621
2897	66.4621	66.4833
2898	66.4621	66.4873
2899	66.4621	66.4621
2900	66.4621	66.4991
2901	66.4621	66.4621
2902	66.4621	66.5297
2903	66.4621	66.533
2904	66.4621	66.4621
2905	66.4621	66.4621
2906	66.4621	66.4621
2907	66.4621	66.5445
2908	66.4621	66.6134
2909	66.4621	66.6614
2910	66.4621	66.4795
2911	66.4621	66.4903
2912	66.4621	66.5323
2913	66.4621	66.6339
2914	66.4621	66.5811
2915	66.4621	66.4969
2916	66.4621	66.4669
2917	66.4621	66.5039
2918	66.4621	66.4902
2919	66.4621	66.4921
2920	66.4621	66.4737
2921	66.4621	66.6128
2922	66.4621	66.4753
2923	66.4621	66.4689
2924	66.4621	66.5621
2925	66.4621	66.4825
2926	66.4621	66.4621
2927	66.4621	66.5404
2928	66.4621	66.5005
2929	66.4621	66.5161
2930	66.4621	66.4621
2931	66.4621	66.4621
2932	66.4621	66.4621
2933	66.4621	66.5312
2934	66.4621	66.5915
2935	66.4621	66.478
2936	66.4621	66.4621
2937	66.4621	66.4624
2938	66.4621	66.4818
2939	66.4621	66.7943
2940	66.4621	66.6074
2941	66.4621	66.5547
2942	66.4621	66.6594
2943	66.4621	66.4948
2944	66.4621	66.4621
2945	66.4621	66.4621
2946	66.4621	66.4771
2947	66.4621	66.4932
2948	66.4621	66.5114
2949	66.4621	66.4621
2950	66.4621	66.4621
2951	66.4621	66.4621
2952	66.4621	66.5151
2953	66.4621	66.469
2954	66.4621	66.4621
2955	66.4621	66.5619
2956	66.4621	66.5191
2957	66.4621	66.4712
2958	66.4621	66.4738
2959	66.4621	66.4621
2960	66.4621	66.4621
2961	66.4621	66.4621
2962	66.4621	66.48
2963	66.4621	66.4658
2964	66.4621	66.4621
2965	66.4621	66.4947
2966	66.4621	66.4621
2967	66.4621	66.4791
2968	66.4621	66.5392
2969	66.4621	66.6057
2970	66.4621	66.5078
2971	66.4621	66.4621
2972	66.4621	66.4621
2973	66.4621	66.4621
2974	66.4621	66.4621
2975	66.4621	66.5031
2976	66.4621	66.4621
2977	66.4621	66.4621
2978	66.4621	66.4621
2979	66.4621	66.4724
2980	66.4621	66.4772
2981	66.4621	66.4621
2982	66.4621	66.4621
2983	66.4621	66.4621
2984	66.4621	66.4677
2985	66.4621	66.4621
2986	66.4621	66.5434
2987	66.4621	66.4621
2988	66.4621	66.4621
2989	66.4621	66.5044
2990	66.4621	66.471
2991	66.4621	66.4799
2992	66.4621	66.5231
2993	66.4621	66.5535
2994	66.4621	66.6331
2995	66.4621	66.6369
2996	66.4621	66.5037
2997	66.4621	66.5411
2998	66.4621	66.5518
2999	66.4621	66.5233
3000	66.4621	66.5438
3001	66.4621	66.5291
3002	66.4621	66.4835
3003	66.4621	66.4621
3004	66.4621	66.5011
3005	66.4621	66.5055
3006	66.4621	66.4909
3007	66.4621	66.5361
3008	66.4621	66.5724
3009	66.4621	66.5874
3010	66.4621	66.4643
3011	66.4621	66.4769
3012	66.4621	66.4819
3013	66.4621	66.5461
3014	66.4621	66.5987
3015	66.4621	66.5265
3016	66.4621	66.4888
3017	66.4621	66.4833
3018	66.4621	66.7575
3019	66.4621	66.7009
3020	66.4621	66.612
3021	66.4621	66.4621
3022	66.4621	66.4961
3023	66.4621	66.4733
3024	66.4621	66.4932
3025	66.4621	66.4621
3026	66.4621	66.5256
3027	66.4621	66.4621
3028	66.4621	66.4888
3029	66.4621	66.4781
3030	66.4621	66.469
3031	66.4621	66.4621
3032	66.4621	66.4867
3033	66.4621	66.4787
3034	66.4621	66.4718
3035	66.4621	66.4621
3036	66.4621	66.4621
3037	66.4621	66.4711
3038	66.4621	66.466
3039	66.4621	66.513
3040	66.4621	66.6043
3041	66.4621	66.5365
3042	66.4621	66.4865
3043	66.4621	66.4713
3044	66.4621	66.4931
3045	66.4621	66.573
3046	66.4621	66.4848
3047	66.4621	66.5565
3048	66.4621	66.4654
3049	66.4621	66.6315
3050	66.4621	66.5438
3051	66.4111	66.585
3052	66.4111	66.4799
3053	66.4111	66.5787
3054	66.4111	66.4587
3055	66.4111	66.4258
3056	66.4111	66.5025
3057	66.4111	66.4111
3058	66.4111	66.4137
3059	66.4111	66.5028
3060	66.4111	66.4528
3061	66.4111	66.4111
3062	66.4111	66.4145
3063	66.4111	66.4176
3064	66.4111	66.4282
3065	66.4111	66.4325
3066	66.4111	66.4586
3067	66.4111	66.448
3068	66.4111	66.5276
3069	66.4111	66.4182
3070	66.4111	66.4111
3071	66.4111	66.4111
3072	66.4111	66.4322
3073	66.4111	66.4655
3074	66.4111	66.5726
3075	66.4111	66.4233
3076	66.4111	66.4111
3077	66.4111	66.4111
3078	66.4111	66.4164
3079	66.4111	66.5062
3080	66.4111	66.4111
3081	66.4111	66.412
3082	66.4111	66.5086
3083	66.4111	66.4447
3084	66.2397	66.4516
3085	66.2397	66.5211
3086	66.2397	66.3891
3087	66.2397	66.3862
3088	66.2397	66.2871
3089	66.2397	66.2397
3090	66.2397	66.2414
3091	66.2397	66.2703
3092	66.2397	66.2637
3093	66.2397	66.2574
3094	66.2397	66.2698
3095	66.2397	66.3415
3096	66.2397	66.2836
3097	66.2397	66.2397
3098	66.2397	66.3035
3099	66.2397	66.3097
3100	66.2397	66.265
3101	66.2397	66.2397
3102	66.2397	66.2894
3103	66.2397	66.2722
3104	66.2397	66.2403
3105	66.2397	66.265
3106	66.2397	66.3053
3107	66.2397	66.4067
3108	66.2397	66.2397
3109	66.2397	66.273
3110	66.2397	66.2397
3111	66.2397	66.2687
3112	66.2397	66.2397
3113	66.2397	66.2855
3114	66.2397	66.2521
3115	66.2397	66.2397
3116	66.2397	66.2397
3117	66.2397	66.2397
3118	66.2397	66.259
3119	66.2397	66.3614
3120	66.2397	66.3614
3121	66.2397	66.3881
3122	66.2397	66.3611
3123	66.2397	66.3327
3124	66.2397	66.343
3125	66.2397	66.4083
3126	66.2397	66.2397
3127	66.2397	66.3616
3128	66.2397	66.2423
3129	66.2397	66.2397
3130	66.2397	66.2399
3131	66.2397	66.2459
3132	66.2397	66.2714
3133	66.2397	66.3204
3134	66.2397	66.2719
3135	66.2397	66.2563
3136	66.2397	66.4012
3137	66.2397	66.2398
3138	66.2397	66.2397
3139	66.2397	66.2397
3140	66.2397	66.2397
3141	66.2397	66.321
3142	66.2397	66.263
3143	66.2397	66.361
3144	66.2397	66.2399
3145	66.2397	66.2405
3146	66.2397	66.3586
3147	66.2397	66.2988
3148	66.2397	66.2765
3149	66.2397	66.3416
3150	66.2397	66.3755
3151	66.2397	66.2871
3152	66.2397	66.3524
3153	66.2397	66.329
3154	66.2397	66.3829
3155	66.2397	66.2879
3156	66.2397	66.256
3157	66.2397	66.3423
3158	66.2397	66.4474
3159	66.2397	66.2397
3160	66.2397	66.3314
3161	66.2397	66.2592
3162	66.2397	66.2397
3163	66.2397	66.2397
3164	66.2397	66.2834
3165	66.2397	66.277
3166	66.2397	66.2635
3167	66.2397	66.2656
3168	66.2397	66.2749
3169	66.2397	66.2723
3170	66.2397	66.2465
3171	66.2397	66.2397
3172	66.2397	66.2397
3173	66.2397	66.3711
3174	66.2397	66.2717
3175	66.2397	66.333
3176	66.2397	66.246
3177	66.2397	66.2397
3178	66.2397	66.2397
3179	66.2397	66.3473
3180	66.2397	66.3873
3181	66.2397	66.337
3182	66.2397	66.2397
3183	66.2397	66.2397
3184	66.2397	66.2397
3185	66.2397	66.2397
3186	66.2397	66.2397
3187	66.2397	66.274
3188	66.2397	66.2449
3189	66.2397	66.2397
3190	66.2397	66.2416
3191	66.2397	66.2397
3192	66.2397	66.2473
3193	66.2397	66.2397
3194	66.2397	66.2578
3195	66.2397	66.2397
3196	66.2397	66.2397
3197	66.2397	66.3716
3198	66.2397	66.4129
3199	66.2397	66.2693
3200	66.2397	66.2885
3201	66.2397	66.6196
3202	66.2397	66.3141
3203	66.2397	66.2743
3204	66.2397	66.2603
3205	66.2397	66.241
3206	66.2397	66.2542
3207	66.2397	66.2412
3208	66.2397	66.2397
3209	66.2397	66.38
3210	66.2397	66.3412
3211	66.2397	66.2536
3212	66.2397	66.2758
3213	66.2397	66.2409
3214	66.2397	66.2882
3215	66.2397	66.2416
3216	66.2397	66.2397
3217	66.2397	66.2397
3218	66.2397	66.2397
3219	66.2397	66.3277
3220	66.2397	66.319
3221	66.2397	66.443
3222	66.2397	66.4014
3223	66.2397	66.3122
3224	66.2397	66.3577
3225	66.2397	66.3943
3226	66.2397	66.364
3227	66.2397	66.256
3228	66.2397	66.2751
3229	66.2397	66.2397
3230	66.2397	66.2397
3231	66.2397	66.2566
3232	66.2397	66.2397
3233	66.2397	66.2397
3234	66.2397	66.2397
3235	66.2397	66.2397
3236	66.2397	66.2397
3237	66.2397	66.2486
3238	66.2397	66.2807
3239	66.2397	66.5236
3240	66.2397	66.4451
3241	66.2397	66.2409
3242	66.2397	66.2553
3243	66.2397	66.2557
3244	66.2397	66.2397
3245	66.2397	66.2558
3246	66.2397	66.3504
3247	66.2397	66.378
3248	66.2397	66.4677
3249	66.2397	66.3131
3250	66.2397	66.2865
3251	66.2397	66.3022
3252	66.2397	66.3971
3253	66.2397	66.321
3254	66.2397	66.3326
3255	66.2397	66.2747
3256	66.2397	66.2896
3257	66.2397	66.2397
3258	66.2397	66.3217
3259	66.2397	66.4448
3260	66.2397	66.3267
3261	66.2397	66.5158
3262	66.2397	66.481
3263	66.2397	66.3273
3264	66.2397	66.2933
3265	66.2397	66.2397
3266	66.2397	66.2767
3267	66.2397	66.4497
3268	66.2397	66.2467
3269	66.2397	66.2798
3270	66.2397	66.2466
3271	66.2397	66.2927
3272	66.2397	66.2745
3273	66.2397	66.2598
3274	66.2397	66.3144
3275	66.2397	66.3697
3276	66.2397	66.4266
3277	66.2397	66.6495
3278	66.2397	66.2937
3279	66.2397	66.3138
3280	66.2397	66.2956
3281	66.2397	66.2397
3282	66.2397	66.2397
3283	66.2397	66.2397
3284	66.2397	66.2422
3285	66.2397	66.2397
3286	66.2397	66.3337
3287	66.2397	66.2553
3288	66.2397	66.4185
3289	66.2397	66.3654
3290	66.2397	66.4185
3291	66.2397	66.3223
3292	66.2397	66.3965
3293	66.2397	66.2676
3294	66.2397	66.2397
3295	66.2397	66.2397
3296	66.2397	66.311
3297	66.2397	66.2694
3298	66.2397	66.4228
3299	66.2397	66.3869
3300	66.2397	66.3074
3301	66.2397	66.3585
3302	66.2397	66.2584
3303	66.2397	66.3178
3304	66.2397	66.2795
3305	66.2397	66.2456
3306	66.2397	66.4647
3307	66.2397	66.2397
3308	66.2397	66.2539
3309	66.2397	66.2397
3310	66.2397	66.2397
3311	66.2397	66.2397
3312	66.2397	66.2397
3313	66.2397	66.2397
3314	66.2397	66.2397
3315	66.2397	66.2397
3316	66.2397	66.2397
3317	66.2397	66.2397
3318	66.2397	66.2399
3319	66.2397	66.2458
3320	66.2397	66.2397
3321	66.2397	66.2878
3322	66.2397	66.3571
3323	66.2397	66.2516
3324	66.2397	66.2397
3325	66.2397	66.2415
3326	66.2397	66.2448
3327	66.2397	66.3086
3328	66.2397	66.2478
3329	66.2397	66.2428
3330	66.2397	66.2436
3331	66.2397	66.2728
3332	66.2397	66.4286
3333	66.2397	66.2397
3334	66.2397	66.2403
3335	66.2397	66.2633
3336	66.2397	66.2397
3337	66.2397	66.243
3338	66.2397	66.4002
3339	66.2397	66.2466
3340	66.2397	66.2649
3341	66.2397	66.3275
3342	66.2397	66.2397
3343	66.2397	66.2546
3344	66.2397	66.3037
3345	66.2397	66.3328
3346	66.2397	66.2397
3347	66.2397	66.276
3348	66.2397	66.3403
3349	66.2397	66.3196
3350	66.2397	66.2822
3351	66.2397	66.3334
3352	66.2397	66.3738
3353	66.2397	66.2929
3354	66.2397	66.2511
3355	66.2397	66.3655
3356	66.2397	66.2397
3357	66.2397	66.2985
3358	66.2397	66.2397
3359	66.2397	66.2645
3360	66.2397	66.2437
3361	66.2397	66.2965
3362	66.2397	66.3866
3363	66.2397	66.2399
3364	66.2397	66.2829
3365	66.2397	66.2635
3366	66.2397	66.3031
3367	66.2397	66.2732
3368	66.2397	66.3799
3369	66.2397	66.2823
3370	66.2397	66.2922
3371	66.2397	66.2624
3372	66.2397	66.26
3373	66.2397	66.5246
3374	66.2397	66.3104
3375	66.2397	66.2468
3376	66.2397	66.2537
3377	66.2397	66.2416
3378	66.2397	66.2863
3379	66.2397	66.304
3380	66.2397	66.3912
3381	66.2397	66.257
3382	66.2397	66.2397
3383	66.2397	66.2397
3384	66.2397	66.2397
3385	66.2397	66.306
3386	66.2397	66.249
3387	66.2397	66.2565
3388	66.2397	66.4632
3389	66.2397	66.357
3390	66.2397	66.3208
3391	66.2397	66.2996
3392	66.2397	66.3379
3393	66.2397	66.3303
3394	66.2397	66.3737
3395	66.2397	66.3224
3396	66.2397	66.282
3397	66.2397	66.2397
3398	66.2397	66.2397
3399	66.2397	66.2932
3400	66.2397	66.2884
3401	66.2397	66.2785
3402	66.2397	66.2397
3403	66.2397	66.2397
3404	66.2397	66.3205
3405	66.2397	66.4238
3406	66.2397	66.2407
3407	66.2397	66.3125
3408	66.2397	66.265
3409	66.2397	66.2811
3410	66.2397	66.3137
3411	66.2397	66.3409
3412	66.2397	66.2846
3413	66.2397	66.3439
3414	66.2397	66.4613
3415	66.2397	66.3678
3416	66.2397	66.2573
3417	66.2397	66.2397
3418	66.2397	66.2896
3419	66.2397	66.2679
3420	66.2397	66.3553
3421	66.2397	66.2878
3422	66.2397	66.343
3423	66.2397	66.2468
3424	66.2397	66.3272
3425	66.2397	66.615
3426	66.2397	66.3654
3427	66.2397	66.3337
3428	66.2397	66.58
3429	66.2397	66.5242
3430	66.2397	66.2755
3431	66.2397	66.4677
3432	66.2397	66.3987
3433	66.2397	66.2708
3434	66.2397	66.2693
3435	66.2397	66.3765
3436	66.2397	66.2676
3437	66.2397	66.2852
3438	66.2397	66.2397
3439	66.2397	66.2449
3440	66.2397	66.2397
3441	66.2397	66.2457
3442	66.2397	66.2397
3443	66.2397	66.2397
3444	66.2397	66.251
3445	66.2397	66.2397
3446	66.2397	66.258
3447	66.2397	66.2742
3448	66.2397	66.3116
3449	66.2397	66.3697
3450	66.2397	66.2397
3451	66.2397	66.2397
3452	66.2397	66.2507
3453	66.2397	66.2397
3454	66.2397	66.2397
3455	66.2397	66.2397
3456	66.2397	66.2397
3457	66.2397	66.2561
3458	66.2397	66.2405
3459	66.2397	66.2806
3460	66.2397	66.2397
3461	66.2397	66.2645
3462	66.2397	66.4543
3463	66.2397	66.3212
3464	66.2397	66.3635
3465	66.2397	66.2898
3466	66.2397	66.3386
3467	66.2397	66.5768
3468	66.2397	66.2883
3469	66.2397	66.2624
3470	66.2397	66.2522
3471	66.2397	66.3362
3472	66.2397	66.3615
3473	66.2397	66.3461
3474	66.2397	66.4164
3475	66.2397	66.3334
3476	66.2397	66.2397
3477	66.2397	66.2397
3478	66.2397	66.331
3479	66.2397	66.2811
3480	66.2397	66.2397
3481	66.2397	66.2397
3482	66.2397	66.2397
3483	66.2397	66.2397
3484	66.2397	66.2999
3485	66.2397	66.3719
3486	66.2397	66.2545
3487	66.2397	66.2397
3488	66.2397	66.2397
3489	66.2397	66.3385
3490	66.2397	66.4944
3491	66.2397	66.29
3492	66.2397	66.3024
3493	66.2397	66.2397
3494	66.2397	66.2397
3495	66.2397	66.2397
3496	66.2397	66.2397
3497	66.2397	66.3949
3498	66.2397	66.2397
3499	66.2397	66.2397
3500	66.2397	66.3484
3501	66.2397	66.2397
3502	66.2397	66.2541
3503	66.2397	66.2397
3504	66.2397	66.2397
3505	66.2397	66.2397
3506	66.2397	66.2685
3507	66.2397	66.2569
3508	66.2397	66.2397
3509	66.2397	66.2526
3510	66.2397	66.2397
3511	66.2397	66.3091
3512	66.2397	66.2724
3513	66.2397	66.2629
3514	66.2397	66.3031
3515	66.2397	66.396
3516	66.2397	66.2467
3517	66.2397	66.2397
3518	66.2397	66.2397
3519	66.2397	66.2397
3520	66.2397	66.2397
3521	66.2397	66.2397
3522	66.2397	66.2557
3523	66.2397	66.3277
3524	66.2397	66.2484
3525	66.2397	66.2445
3526	66.2397	66.2545
3527	66.2397	66.2877
3528	66.2397	66.3319
3529	66.2397	66.2989
3530	66.2397	66.4386
3531	66.2397	66.4561
3532	66.2397	66.2477
3533	66.2397	66.3549
3534	66.2397	66.5373
3535	66.2397	66.359
3536	66.2397	66.3119
3537	66.2397	66.2397
3538	66.2397	66.3218
3539	66.2397	66.3845
3540	66.2397	66.2661
3541	66.2397	66.3345
3542	66.2397	66.2762
3543	66.2397	66.4105
3544	66.2397	66.2397
3545	66.2397	66.2397
3546	66.2397	66.2397
3547	66.2397	66.2397
3548	66.2397	66.2933
3549	66.2397	66.3301
3550	66.2397	66.4251
3551	66.2397	66.2451
3552	66.2397	66.2397
3553	66.2397	66.2462
3554	66.2397	66.2397
3555	66.2397	66.2397
3556	66.2397	66.3689
3557	66.2397	66.2914
3558	66.2397	66.4017
3559	66.2397	66.4324
3560	66.2397	66.4763
3561	66.2397	66.2999
3562	66.2397	66.3292
3563	66.2397	66.4877
3564	66.2397	66.5811
3565	66.2397	66.2407
3566	66.2397	66.2408
3567	66.2397	66.2443
3568	66.2397	66.2473
3569	66.2397	66.3182
3570	66.2397	66.2491
3571	66.2397	66.2397
3572	66.2397	66.2397
3573	66.2397	66.3055
3574	66.2397	66.2397
3575	66.2397	66.3228
3576	66.2397	66.491
3577	66.2397	66.3249
3578	66.2397	66.2742
3579	66.2397	66.3245
3580	66.2397	66.4132
3581	66.2397	66.2709
3582	66.2397	66.2397
3583	66.2397	66.2397
3584	66.2397	66.2397
3585	66.2397	66.2411
3586	66.2397	66.4372
3587	66.2397	66.2397
3588	66.2397	66.2397
3589	66.2397	66.2484
3590	66.2397	66.2584
3591	66.2397	66.3434
3592	66.2397	66.2669
3593	66.2397	66.2919
3594	66.2397	66.2397
3595	66.2397	66.3969
3596	66.2397	66.2415
3597	66.2397	66.2397
3598	66.2397	66.2465
3599	66.2397	66.2735
3600	66.2397	66.2397
3601	66.2397	66.2538
3602	66.2397	66.24
3603	66.2397	66.4012
3604	66.2397	66.295
3605	66.2397	66.3217
3606	66.2397	66.2678
3607	66.2397	66.2397
3608	66.2397	66.2397
3609	66.2397	66.2564
3610	66.2397	66.2513
3611	66.2397	66.2397
3612	66.2397	66.2559
3613	66.2397	66.2397
3614	66.2397	66.4285
3615	66.2397	66.3128
3616	66.2397	66.2404
3617	66.2397	66.2457
3618	66.2397	66.2632
3619	66.2397	66.2397
3620	66.2397	66.2502
3621	66.2397	66.2998
3622	66.2397	66.2397
3623	66.2397	66.2869
3624	66.2397	66.3233
3625	66.2397	66.2889
3626	66.2397	66.2397
3627	66.2397	66.256
3628	66.2397	66.2397
3629	66.2397	66.2397
3630	66.2397	66.2397
3631	66.2397	66.2397
3632	66.2397	66.2397
3633	66.2397	66.2458
3634	66.2397	66.2869
3635	66.2397	66.2655
3636	66.2397	66.4601
3637	66.2397	66.4841
3638	66.2397	66.3484
3639	66.2397	66.2397
3640	66.2397	66.2453
3641	66.2397	66.4374
3642	66.2397	66.4893
3643	66.2397	66.2693
3644	66.2397	66.3912
3645	66.2397	66.2719
3646	66.2397	66.2573
3647	66.2397	66.2683
3648	66.2397	66.3642
3649	66.2397	66.4674
3650	66.2397	66.3424
3651	66.2397	66.2459
3652	66.2397	66.3222
3653	66.2397	66.3703
3654	66.2397	66.3586
3655	66.2397	66.2449
3656	66.2397	66.3275
3657	66.2397	66.33
3658	66.2397	66.5153
3659	66.2397	66.2397
3660	66.2397	66.2475
3661	66.2397	66.4166
3662	66.2397	66.2572
3663	66.2397	66.2425
3664	66.2397	66.2397
3665	66.2397	66.2449
3666	66.2397	66.2545
3667	66.2397	66.3355
3668	66.2397	66.3066
3669	66.2397	66.3454
3670	66.2397	66.2397
3671	66.2397	66.2516
3672	66.2397	66.2688
3673	66.2397	66.2956
3674	66.2397	66.2408
3675	66.2397	66.2397
3676	66.2397	66.2397
3677	66.2397	66.2446
3678	66.2397	66.2397
3679	66.2397	66.2501
3680	66.2397	66.2804
3681	66.2397	66.4488
3682	66.2397	66.3073
3683	66.2397	66.3922
3684	66.2397	66.2649
3685	66.2397	66.2764
3686	66.2397	66.2397
3687	66.2397	66.2397
3688	66.2397	66.2631
3689	66.2397	66.359
3690	66.2397	66.2843
3691	66.2397	66.2534
3692	66.2397	66.2443
3693	66.2397	66.2397
3694	66.2397	66.2447
3695	66.2397	66.336
3696	66.2397	66.625
3697	66.2397	66.6891
3698	66.2397	66.274
3699	66.2397	66.2654
3700	66.2397	66.2412
3701	66.2397	66.2553
3702	66.2397	66.2675
3703	66.2397	66.3553
3704	66.2397	66.387
3705	66.2397	66.2502
3706	66.2397	66.2397
3707	66.2397	66.2444
3708	66.2397	66.2397
3709	66.2397	66.2512
3710	66.2397	66.2397
3711	66.2397	66.2713
3712	66.2397	66.4583
3713	66.2397	66.3574
3714	66.2397	66.2397
3715	66.2397	66.2625
3716	66.2397	66.391
3717	66.2397	66.4388
3718	66.2397	66.3108
3719	66.2397	66.3961
3720	66.2397	66.317
3721	66.2397	66.2548
3722	66.2397	66.2451
3723	66.2397	66.2397
3724	66.2397	66.2397
3725	66.2397	66.2418
3726	66.2397	66.3181
3727	66.2397	66.457
3728	66.2397	66.3249
3729	66.2397	66.27
3730	66.2397	66.3532
3731	66.2397	66.4129
3732	66.2397	66.2609
3733	66.2397	66.2427
3734	66.2397	66.2397
3735	66.2397	66.247
3736	66.2397	66.2397
3737	66.2397	66.2397
3738	66.2397	66.4021
3739	66.2397	66.2397
3740	66.2397	66.2397
3741	66.2397	66.2412
3742	66.2397	66.2672
3743	66.2397	66.2529
3744	66.2397	66.2397
3745	66.2397	66.2402
3746	66.2397	66.2397
3747	66.2397	66.2397
3748	66.2397	66.3104
3749	66.2397	66.3638
3750	66.2397	66.2397
3751	66.2397	66.2397
3752	66.2397	66.2397
3753	66.2397	66.2753
3754	66.2397	66.2521
3755	66.2397	66.2716
3756	66.2397	66.2905
3757	66.2397	66.2608
3758	66.2397	66.2875
3759	66.2397	66.2566
3760	66.2397	66.2397
3761	66.2397	66.2397
3762	66.2397	66.2561
3763	66.2397	66.3679
3764	66.2397	66.2782
3765	66.2397	66.326
3766	66.2397	66.3014
3767	66.2397	66.248
3768	66.2397	66.2397
3769	66.2397	66.2827
3770	66.2397	66.3663
3771	66.2397	66.3531
3772	66.2397	66.3846
3773	66.2397	66.2579
3774	66.2397	66.4251
3775	66.2397	66.2915
3776	66.2397	66.4988
3777	66.2397	66.411
3778	66.2397	66.2567
3779	66.2397	66.2491
3780	66.2397	66.4179
3781	66.2397	66.4446
3782	66.2397	66.3159
3783	66.2397	66.3231
3784	66.2397	66.2846
3785	66.2397	66.2397
3786	66.2397	66.2397
3787	66.2397	66.2397
3788	66.2397	66.2397
3789	66.2397	66.2693
3790	66.2397	66.4467
3791	66.2397	66.4359
3792	66.2397	66.4109
3793	66.2397	66.3547
3794	66.2397	66.3727
3795	66.2397	66.3388
3796	66.2397	66.2397
3797	66.2397	66.2958
3798	66.2397	66.2397
3799	66.2397	66.3089
3800	66.2397	66.361
3801	66.2397	66.3377
3802	66.2397	66.4097
3803	66.2397	66.3593
3804	66.2397	66.3128
3805	66.2397	66.24
3806	66.2397	66.3778
3807	66.2397	66.2968
3808	66.2397	66.5425
3809	66.2397	66.3665
3810	66.2397	66.2746
3811	66.2397	66.3724
3812	66.2397	66.3534
3813	66.2397	66.2727
3814	66.2397	66.2544
3815	66.2397	66.2577
3816	66.2397	66.2397
3817	66.2397	66.2442
3818	66.2397	66.2561
3819	66.2397	66.2397
3820	66.2397	66.2397
3821	66.2397	66.272
3822	66.2397	66.2525
3823	66.2397	66.2722
3824	66.2397	66.3528
3825	66.2397	66.2765
3826	66.2397	66.2498
3827	66.2397	66.2457
3828	66.2397	66.291
3829	66.2397	66.2397
3830	66.2397	66.2563
3831	66.2397	66.2412
3832	66.2397	66.3182
3833	66.2397	66.3343
3834	66.2397	66.4921
3835	66.2397	66.2407
3836	66.2397	66.2397
3837	66.2397	66.2397
3838	66.2397	66.4384
3839	66.2397	66.2769
3840	66.2397	66.2706
3841	66.2397	66.3781
3842	66.2397	66.248
3843	66.2397	66.2999
3844	66.2397	66.3496
3845	66.2397	66.5188
3846	66.2397	66.3152
3847	66.2397	66.4167
3848	66.2397	66.414
3849	66.2397	66.275
3850	66.2397	66.2397
3851	66.2397	66.2397
3852	66.2397	66.2525
3853	66.2397	66.2521
3854	66.2397	66.4606
3855	66.2397	66.3795
3856	66.2397	66.3118
3857	66.2397	66.2397
3858	66.2397	66.2683
3859	66.2397	66.3759
3860	66.2397	66.2865
3861	66.2397	66.3039
3862	66.2397	66.3423
3863	66.2397	66.2681
3864	66.2397	66.2397
3865	66.2397	66.3901
3866	66.2397	66.3809
3867	66.2397	66.2722
3868	66.2397	66.2397
3869	66.2397	66.2397
3870	66.2397	66.2477
3871	66.2397	66.2397
3872	66.2397	66.2397
3873	66.2397	66.2457
3874	66.2397	66.2397
3875	66.2397	66.2397
3876	66.2397	66.2582
3877	66.2397	66.31
3878	66.2397	66.2757
3879	66.2397	66.3091
3880	66.2397	66.4271
3881	66.2397	66.2397
3882	66.2397	66.2397
3883	66.2397	66.2992
3884	66.2397	66.2397
3885	66.2397	66.2397
3886	66.2397	66.2397
3887	66.2397	66.2397
3888	66.2397	66.2502
3889	66.2397	66.2882
3890	66.2397	66.2443
3891	66.2397	66.2426
3892	66.2397	66.259
3893	66.2397	66.2397
3894	66.2397	66.2571
3895	66.2397	66.377
3896	66.2397	66.3818
3897	66.2397	66.3305
3898	66.2397	66.2397
3899	66.2397	66.24
3900	66.2397	66.3638
3901	66.2397	66.3202
3902	66.2397	66.2884
3903	66.2397	66.5521
3904	66.2397	66.4572
3905	66.2397	66.3322
3906	66.2397	66.2548
3907	66.2397	66.2397
3908	66.2397	66.2397
3909	66.2397	66.2462
3910	66.2397	66.2398
3911	66.2397	66.2397
3912	66.2397	66.2397
3913	66.2397	66.2488
3914	66.2397	66.2413
3915	66.2397	66.2615
3916	66.2397	66.2397
3917	66.2397	66.2448
3918	66.2397	66.2691
3919	66.2397	66.2397
3920	66.2397	66.3548
3921	66.2397	66.3062
3922	66.2397	66.3567
3923	66.2397	66.2621
3924	66.2397	66.2434
3925	66.2397	66.2397
3926	66.2397	66.2397
3927	66.2397	66.2397
3928	66.2397	66.2444
3929	66.2397	66.3579
3930	66.2397	66.2686
3931	66.2397	66.6331
3932	66.2397	66.2966
3933	66.2397	66.2439
3934	66.2397	66.2681
3935	66.2397	66.2684
3936	66.2397	66.4211
3937	66.2397	66.3637
3938	66.2397	66.2397
3939	66.2397	66.2397
3940	66.2397	66.2397
3941	66.2397	66.2399
3942	66.2397	66.2482
3943	66.2397	66.42
3944	66.2397	66.3529
3945	66.2397	66.2673
3946	66.2397	66.2397
3947	66.2397	66.2695
3948	66.2397	66.305
3949	66.2397	66.3196
3950	66.2397	66.5516
3951	66.2397	66.2774
3952	66.2397	66.2397
3953	66.2397	66.2397
3954	66.2397	66.2508
3955	66.2397	66.2397
3956	66.2397	66.2397
3957	66.2397	66.2397
3958	66.2397	66.3148
3959	66.2397	66.3441
3960	66.2397	66.2968
3961	66.2397	66.2832
3962	66.2397	66.3129
3963	66.2397	66.2397
3964	66.2397	66.2434
3965	66.2397	66.4421
3966	66.2397	66.3287
3967	66.2397	66.3189
3968	66.2397	66.312
3969	66.2397	66.2764
3970	66.2397	66.2598
3971	66.2397	66.2919
3972	66.2397	66.2482
3973	66.2397	66.2738
3974	66.2397	66.24
3975	66.2397	66.3302
3976	66.2397	66.4621
3977	66.2397	66.3288
3978	66.2397	66.4327
3979	66.2397	66.2397
3980	66.2397	66.2397
3981	66.2397	66.254
3982	66.2397	66.3748
3983	66.2397	66.3401
3984	66.2397	66.3154
3985	66.2397	66.2844
3986	66.2397	66.2424
3987	66.2397	66.2397
3988	66.2397	66.2399
3989	66.2397	66.4259
3990	66.2397	66.304
3991	66.2397	66.2737
3992	66.2397	66.4583
3993	66.2397	66.309
3994	66.2397	66.3711
3995	66.2397	66.4126
3996	66.2397	66.379
3997	66.2397	66.4895
3998	66.2397	66.2731
3999	66.2397	66.2397
