0	420.972	463.529
1	396.905	439.685
2	391.697	419.117
3	383.342	401.851
4	376.26	391.077
5	370.656	384.377
6	362.718	377.27
7	357.637	370.072
8	341.928	364.089
9	338.276	355.513
10	333.68	347.182
11	327.693	340.589
12	324.992	335.396
13	319.372	331.15
14	313.736	326.934
15	307.668	321.834
16	301.356	316.337
17	293.371	310.103
18	286.33	303.4
19	283.679	296.408
20	276.253	289.329
21	276.253	284.411
22	272.432	279.923
23	271.164	276.207
24	268.112	274.163
25	265.614	271.847
26	264.103	269.514
27	258.215	267.361
28	251.411	264.652
29	248.095	260.085
30	244.444	256.569
31	242.698	251.71
32	237.921	248.419
33	235.692	244.52
34	230.688	239.988
35	227.223	236.808
36	225.583	233.168
37	221.479	229.252
38	220.606	226.428
39	217.292	223.926
40	213.265	220.963
41	211.107	218.41
42	209.142	215.193
43	204.398	212.52
44	204.244	210.213
45	202.463	208.551
46	198.4	206.367
47	195.444	204.553
48	194.472	201.828
49	189.627	198.741
50	187.804	195.138
51	170.846	190.967
52	170.64	183.321
53	165.762	174.959
54	164.334	171.15
55	163.402	167.967
56	162.133	165.9
57	161.366	163.96
58	159.687	163.008
59	158.13	161.59
60	156.8	160.385
61	155.738	159.182
62	155.06	157.978
63	154.677	157.09
64	153.681	156.157
65	152.863	155.475
66	149.093	154.593
67	146.045	153.315
68	144.972	151.274
69	143.447	149.662
70	143.043	146.77
71	141.724	145.293
72	140.163	143.67
73	137.391	142.784
74	136.66	141.152
75	136.464	139.609
76	135.423	138.258
77	135.113	137.759
78	133.3	137.033
79	131.975	136.144
80	131.18	134.303
81	127.669	132.628
82	126.344	131.506
83	125.225	129.371
84	124.795	127.182
85	124.249	125.931
86	123.953	125.239
87	123.331	124.801
88	122.062	124.19
89	121.971	123.605
90	121.038	122.813
91	118.83	122.211
92	116.505	121.711
93	116.505	122.246
94	116.505	121.619
95	115.454	118.74
96	115.266	117.698
97	114.215	116.355
98	113.631	115.506
99	113.631	114.53
100	113.631	114.066
101	113.027	113.805
102	112.506	113.607
103	111.902	113.233
104	111.439	112.799
105	111.439	112.261
106	111.089	111.783
107	110.627	111.615
108	110.367	111.259
109	110.109	111.008
110	109.772	110.789
111	108.792	110.376
112	108.792	109.66
113	108.791	109.214
114	108.745	109.145
115	108.745	108.866
116	108.745	108.802
117	106.818	108.793
118	106.704	108.42
119	106.534	107.734
120	106.33	107.045
121	106.192	106.777
122	106.041	106.681
123	106.041	106.483
124	105.688	106.534
125	105.603	106.608
126	105.485	106.247
127	105.082	106.563
128	103.486	105.944
129	103.372	105.365
130	103.372	104.682
131	102.866	103.967
132	102.387	103.849
133	101.918	104.013
134	101.793	103.234
135	100.979	102.65
136	100.385	102.017
137	99.6483	101.376
138	99.0547	100.798
139	98.3288	100.787
140	97.5833	100.183
141	97.5833	99.4419
142	97.3954	99.0326
143	96.6368	98.2677
144	96.449	97.4982
145	96.449	97.0525
146	96.449	96.6569
147	96.449	96.528
148	96.449	96.5053
149	95.8782	96.5042
150	95.8782	96.3785
151	93.3246	96.8578
152	93.3246	97.6015
153	91.8428	97.1081
154	91.8428	95.8625
155	91.3578	93.6087
156	91.0387	92.3439
157	90.7038	92.2013
158	90.7038	91.4502
159	90.7038	91.1121
160	90.6205	90.9055
161	90.2857	90.7425
162	89.9665	90.5415
163	89.9665	90.3663
164	88.1373	90.0516
165	87.8182	89.8361
166	87.506	89.1211
167	87.3583	89.6067
168	86.821	90.3553
169	86.821	89.4913
170	86.821	89.346
171	86.4852	88.1571
172	86.4852	87.4408
173	86.4852	86.8778
174	85.8358	86.6653
175	85.8358	87.0553
176	85.8358	87.9488
177	85.5207	88.1413
178	85.5207	86.7039
179	85.5207	86.376
180	85.5207	86.0321
181	85.4037	85.8543
182	85.1786	85.8068
183	84.7999	85.4526
184	84.4578	85.3758
185	84.4578	84.9918
186	84.2473	84.7134
187	84.2473	84.5065
188	84.2473	84.4843
189	83.6934	84.348
190	83.6934	84.264
191	83.6934	84.0629
192	83.5301	83.8365
193	83.5301	84.1329
194	83.5301	85.0884
195	83.5301	85.9848
196	83.5301	86.0761
197	83.5301	84.5728
198	83.5301	83.9898
199	83.2949	83.6119
200	83.2949	83.4959
201	83.2949	83.4543
202	83.2179	83.4066
203	83.2179	83.4088
204	83.2179	83.4374
205	83.2179	83.284
206	83.2179	83.2305
207	83.2179	83.2679
208	83.0321	83.293
209	83.0321	83.2895
210	83.0316	83.3355
211	83.0316	83.4219
212	83.0316	83.1648
213	83.0316	83.3783
214	83.0316	83.4724
215	83.0316	83.099
216	82.4789	83.0511
217	82.2301	83.0981
218	82.2301	82.6698
219	82.2301	82.521
220	82.2301	82.5887
221	82.2301	82.6267
222	82.2301	82.3603
223	82.2301	82.2901
224	82.2301	82.3587
225	82.2301	82.2763
226	82.2301	82.34
227	82.2301	82.2301
228	82.2301	82.4061
229	82.2301	82.3251
230	82.2301	82.3192
231	82.0909	82.2297
232	82.0909	82.3444
233	82.0909	82.482
234	82.0909	82.3445
235	82.0909	82.1477
236	82.0909	82.3723
237	82.0909	82.297
238	82.0909	82.1632
239	82.0236	82.3369
240	81.5407	82.6834
241	81.5312	83.5308
242	81.5312	84.4428
243	81.5312	84.5739
244	81.5312	83.9425
245	81.4708	83.1878
246	81.4708	82.3308
247	81.4708	81.9202
248	81.4708	81.7894
249	81.4666	81.666
250	81.4666	81.6012
251	81.3339	82.4899
252	81.3178	83.5449
253	80.0094	83.9383
254	80.0094	83.9448
255	80.0094	81.5838
256	80.0094	81.1404
257	80.0094	80.2912
258	79.9884	80.0551
259	79.9884	80.6758
260	79.9884	82.4281
261	79.9884	82.3917
262	79.9884	81.7791
263	79.9884	80.6444
264	79.9884	80.1022
265	79.9884	80.1535
266	79.9884	80.0366
267	79.9884	79.9971
268	79.9884	80.0008
269	79.9884	79.9884
270	79.9884	80.0321
271	79.9884	80.0614
272	79.9879	79.9884
273	79.9879	80.0134
274	79.9879	80.0011
275	79.9879	79.9914
276	79.9879	80.0218
277	79.9879	80.0617
278	79.9879	80.0039
279	79.9879	80.0449
280	79.9879	79.9879
281	79.9879	79.9886
282	79.9879	80.0002
283	79.9879	79.9879
284	79.9879	80.0262
285	79.9879	80.0541
286	79.9879	80.0951
287	79.9879	80.065
288	79.9879	79.9886
289	79.3296	79.986
290	79.3296	80.2108
291	79.3296	80.7081
292	79.1904	81.2361
293	79.1904	80.5342
294	79.1904	79.9491
295	79.1446	79.2486
296	78.5876	79.6436
297	78.5876	80.7699
298	78.5876	81.754
299	78.316	80.2671
300	78.316	79.8526
301	77.7605	79.7755
302	77.6975	79.6946
303	77.6213	79.4986
304	77.6213	78.888
305	77.6213	78.1341
306	77.3498	77.8765
307	77.3498	77.9828
308	77.3498	78.094
309	77.1217	77.9957
310	77.1217	78.1003
311	77.1217	78.204
312	77.1217	78.2627
313	77.1217	78.1057
314	76.8293	77.774
315	76.8293	77.3626
316	76.8293	77.0471
317	76.8293	76.9029
318	76.8293	76.8723
319	76.8293	76.8344
320	76.8293	76.843
321	76.8293	76.8293
322	76.8293	76.9203
323	76.8293	76.8564
324	76.8293	76.8293
325	76.8293	76.8293
326	76.8288	76.8293
327	76.8288	76.8292
328	76.8288	76.859
329	76.8288	76.8449
330	76.8288	76.8289
331	76.8288	76.8288
332	76.8288	76.8288
333	76.8288	76.8673
334	76.8288	76.9194
335	76.5332	76.8435
336	76.5332	76.9367
337	76.5332	77.2564
338	76.5332	76.9443
339	76.5332	76.7039
340	76.5332	76.5674
341	76.2617	76.5728
342	76.2617	76.702
343	76.2617	77.5693
344	76.2617	77.2964
345	76.2617	76.7979
346	76.2617	76.8179
347	76.2617	76.5005
348	76.2617	76.4964
349	76.2617	76.4715
350	76.2617	76.4444
351	72.9581	76.453
352	72.9581	76.2504
353	72.9581	74.6601
354	72.9581	74.5142
355	72.9581	73.2681
356	72.9581	73.2398
357	72.9581	73.049
358	72.9581	73.0793
359	72.9581	72.9859
360	72.9581	73.0784
361	72.9581	73.0614
362	72.9581	73.1972
363	72.9581	72.9685
364	72.9581	72.9742
365	72.9581	72.9581
366	72.9581	72.9581
367	72.9581	72.9581
368	72.9581	72.9717
369	72.905	73.0325
370	72.905	73.1226
371	72.2429	73.6365
372	72.2429	73.1359
373	72.2429	72.6405
374	72.0533	72.5195
375	72.0533	72.5349
376	72.0533	72.3479
377	72.0269	72.1626
378	72.0269	72.1985
379	72.0269	72.2255
380	72.0269	72.0449
381	72.0269	72.0516
382	72.0269	72.0809
383	72.0269	72.0568
384	72.0269	72.0468
385	72.0269	72.0478
386	72.0269	72.0524
387	72.0269	72.0487
388	72.0269	72.0269
389	72.0269	72.0796
390	72.0269	72.1095
391	72.0269	72.112
392	72.0269	72.0359
393	72.0269	72.0785
394	72.0269	72.0397
395	72.0269	72.0497
396	72.0269	72.0269
397	72.0269	72.0269
398	72.0269	72.0546
399	72.0264	72.0269
400	72.0264	72.0607
401	71.3944	72.1646
402	71.3944	71.9317
403	71.3944	71.8398
404	71.3944	71.663
405	71.3944	71.7164
406	71.3944	71.5264
407	71.3944	71.404
408	71.3944	71.4198
409	71.3944	71.4445
410	71.3944	71.3944
411	71.3944	71.3944
412	71.3944	71.3944
413	71.3944	71.4045
414	71.3944	71.4108
415	71.3944	71.4349
416	71.3944	71.3944
417	71.3944	71.3944
418	71.3944	71.3944
419	71.3944	71.3944
420	71.3944	71.3944
421	71.3944	71.4616
422	71.3944	71.42
423	71.3944	71.4843
424	71.3944	71.4758
425	71.3944	71.3944
426	71.3944	71.4405
427	71.3944	71.3944
428	71.3944	71.4239
429	71.3944	71.4831
430	71.3944	71.5143
431	71.3944	71.4623
432	71.3944	71.4096
433	71.3944	71.4119
434	71.3944	71.4461
435	71.3944	71.3988
436	71.3944	71.4023
437	71.3944	71.3944
438	71.3944	71.4074
439	71.3944	71.5112
440	71.3944	71.435
441	71.3944	71.4866
442	71.3944	71.3944
443	71.3944	71.3944
444	71.3944	71.3944
445	71.3944	71.3944
446	71.3944	71.4131
447	71.3944	71.4322
448	71.3944	71.5218
449	71.3944	71.4168
450	71.3944	71.4346
451	71.3939	71.5382
452	71.3939	71.3942
453	71.3939	71.4089
454	71.3939	71.4049
455	71.3939	71.3939
456	71.3939	71.4406
457	71.3939	71.4002
458	71.3939	71.4817
459	71.3939	71.4782
460	71.3939	71.4641
461	70.9703	71.5413
462	70.9703	71.3331
463	70.9703	71.1936
464	70.9703	71.3182
465	70.9703	70.9939
466	70.9703	70.992
467	70.9703	70.9793
468	70.9503	70.9966
469	70.9503	70.9676
470	70.9503	71.0701
471	70.9503	71.0507
472	70.9503	71.1152
473	70.9503	70.977
474	70.9503	70.999
475	70.9503	70.9564
476	70.9503	71.0175
477	70.9503	70.9707
478	70.9503	70.9843
479	70.9503	70.9765
480	70.9503	70.9503
481	70.9503	70.9561
482	70.9503	70.9503
483	70.9503	70.9503
484	70.9503	70.9503
485	70.9503	70.9503
486	70.9503	70.9503
487	70.9503	70.9503
488	70.9503	70.9503
489	70.9503	70.9614
490	70.9503	70.9503
491	70.9503	71.05
492	70.9503	71.0414
493	70.9503	71.2459
494	70.9503	71.0197
495	70.9503	70.9741
496	70.9503	70.9503
497	70.9503	71.0702
498	70.9503	70.9948
499	70.9503	70.9771
500	70.9503	70.9662
501	70.9503	70.9503
502	70.9503	70.9812
503	70.9503	71.0182
504	70.9503	70.9663
505	70.9503	70.9895
506	70.9503	71.0379
507	70.9503	71.0177
508	70.9503	70.9503
509	70.9503	70.9503
510	70.9503	70.9764
511	70.9503	71.0014
512	70.9503	71.068
513	70.9503	70.9847
514	70.9503	70.9715
515	70.9503	71.1745
516	70.9503	71.1207
517	70.9503	70.9899
518	70.9503	70.9503
519	70.9503	70.9503
520	70.9503	71.4322
521	70.9503	72.1536
522	70.9503	73.9346
523	70.9503	73.3456
524	70.9503	72.8555
525	70.9503	71.6156
526	70.9503	71.0892
527	70.9503	70.9637
528	70.9503	70.9524
529	70.9503	71.0436
530	70.9503	71.0409
531	70.9503	71.0604
532	70.9503	71.0449
533	70.9503	70.9725
534	70.9503	70.9503
535	70.9503	70.9709
536	70.9503	70.9606
537	70.9503	70.9513
538	70.9503	70.9503
539	70.9503	71.0264
540	70.9503	70.9788
541	70.9503	71.0263
542	70.9503	70.9512
543	70.9503	70.9503
544	70.9503	71.039
545	70.9503	71.0006
546	70.9503	70.9686
547	70.9503	71.0911
548	70.9503	71.0396
549	70.9503	70.9908
550	70.9503	70.9827
551	70.3958	71.4995
552	70.3958	72.7668
553	70.3958	74.3655
554	70.3958	73.3379
555	70.3958	71.8706
556	70.3958	70.8519
557	70.3958	70.7809
558	70.3958	70.809
559	70.3958	70.579
560	70.3958	70.3959
561	70.3958	70.4299
562	70.3958	70.3958
563	70.3958	70.4081
564	70.3958	70.6362
565	70.3958	70.4713
566	70.3958	70.4209
567	70.3958	70.3958
568	70.3958	70.4109
569	70.3958	70.3958
570	70.3958	70.3958
571	70.3958	70.4218
572	70.3958	70.4135
573	70.3958	70.4952
574	70.3958	70.4147
575	70.3958	70.3958
576	70.3958	70.3958
577	70.3958	70.4004
578	70.3958	70.4195
579	70.3958	70.9398
580	70.3958	73.0935
581	70.3958	73.1983
582	70.3958	72.1922
583	70.3958	71.0039
584	70.3958	70.6651
585	70.3958	70.3958
586	70.3958	70.3958
587	70.3958	70.3958
588	70.3958	70.3958
589	70.3958	70.3958
590	70.3958	70.5896
591	70.3958	70.5005
592	70.3958	70.445
593	70.3958	70.4622
594	70.3958	70.4538
595	70.3958	70.3958
596	70.3958	70.4337
597	70.3958	70.4748
598	70.3958	70.4879
599	70.3958	70.4726
600	70.3958	70.3999
601	69.8852	71.0498
602	69.8852	72.5587
603	69.8852	72.9328
604	69.8852	72.555
605	69.8852	70.7832
606	69.8852	70.446
607	69.8852	70.2221
608	69.8852	70.1253
609	69.8852	69.994
610	69.8852	70.1151
611	69.8852	70.1188
612	69.8852	69.9075
613	69.8852	69.8852
614	69.8852	69.9666
615	69.8852	69.8852
616	69.8852	69.8852
617	69.8852	69.9657
618	69.8852	69.9017
619	69.8852	69.8852
620	69.8852	69.8973
621	69.8852	69.8852
622	69.8852	69.9168
623	69.8852	69.8967
624	69.8852	69.9056
625	69.8852	69.909
626	69.8852	70.0866
627	69.8852	69.964
628	69.8852	70.0085
629	69.8852	70.0676
630	69.8852	70.1098
631	69.8852	69.9983
632	69.8852	69.922
633	69.8852	69.8852
634	69.8852	69.8852
635	69.8852	69.8908
636	69.8852	69.8852
637	69.8852	70.5439
638	69.8852	72.6252
639	69.8852	73.8088
640	69.8852	72.3212
641	69.8852	71.5745
642	69.8852	70.6271
643	69.8852	70.2721
644	69.8852	70.1541
645	69.8852	69.9001
646	69.8852	69.9237
647	69.8852	70.1488
648	69.8852	70.0339
649	69.8852	69.9698
650	69.8852	70.157
651	69.8852	69.9267
652	69.8852	70.0296
653	69.8852	70.1177
654	69.8852	69.8852
655	69.8852	69.8902
656	69.8852	69.8852
657	69.8852	69.9027
658	69.8852	69.8924
659	69.8852	69.9324
660	69.8852	70.0534
661	69.8852	69.9563
662	69.8852	69.9654
663	69.8852	69.9255
664	69.8852	69.9389
665	69.8852	69.8852
666	69.8852	69.8852
667	69.8852	69.8874
668	69.8852	69.9475
669	69.8852	70.0388
670	69.8852	69.9312
671	69.8852	69.8852
672	69.8852	69.8852
673	69.8852	69.8852
674	69.8852	69.9557
675	69.8852	69.9128
676	69.8852	69.9691
677	69.8852	69.8931
678	69.8852	69.8852
679	69.8852	69.8852
680	69.8852	69.8852
681	69.8852	70.0632
682	69.8852	70.0115
683	69.8852	69.9125
684	69.8852	69.8852
685	69.8852	69.8852
686	69.8852	69.9035
687	69.8852	69.901
688	69.8852	69.9218
689	69.8852	69.9346
690	69.8852	69.9221
691	69.8852	69.9047
692	69.8852	69.9958
693	69.8852	70.1819
694	69.8852	70.0418
695	69.8852	69.8905
696	69.8852	69.8852
697	69.8852	69.9132
698	69.8852	69.8852
699	69.8852	69.9151
700	69.8852	69.9091
701	69.8852	69.9195
702	69.8852	69.9034
703	69.8852	69.8976
704	69.8852	69.9641
705	69.8852	70.0491
706	69.8852	70.0381
707	69.8852	69.9962
708	69.8852	69.9653
709	69.8852	70.1031
710	69.8852	69.9458
711	69.8852	69.8852
712	69.8852	69.8852
713	69.8852	69.9768
714	69.8852	69.9457
715	69.8852	69.9045
716	69.8852	69.8852
717	69.8852	69.8852
718	69.8852	69.9328
719	69.8852	69.9966
720	69.8852	70.0103
721	69.8852	69.9436
722	69.8852	70.0178
723	69.8852	69.9172
724	69.8852	69.9065
725	69.8852	69.9114
726	69.8852	69.8968
727	69.8852	70.2762
728	69.8852	70.2197
729	69.8852	69.9394
730	69.8852	70.0684
731	69.8852	70.0107
732	69.8852	69.9338
733	69.8852	69.9587
734	69.8852	69.956
735	69.8852	70.0556
736	69.8852	70.0235
737	69.8852	69.9352
738	69.8852	69.8863
739	69.8852	69.8852
740	69.8852	69.8852
741	69.8852	69.888
742	69.8852	69.9026
743	69.8852	69.9561
744	69.8852	69.9115
745	69.8852	69.9628
746	69.8852	69.9026
747	69.8852	70.2472
748	69.8852	69.9517
749	69.8852	69.9415
750	69.8852	69.96
751	69.8852	69.942
752	69.8852	69.8859
753	69.8852	70.0043
754	69.8852	69.9848
755	69.8852	70.0974
756	69.8852	69.9421
757	69.8852	69.889
758	69.8852	69.9083
759	69.8852	70.0588
760	69.8852	70.0754
761	69.8852	69.9777
762	69.8852	69.8852
763	69.8852	70.0079
764	69.8852	70.0487
765	69.8852	70.1178
766	69.8852	69.9202
767	69.8852	69.8852
768	69.8852	69.8852
769	69.8852	69.8852
770	69.8852	70.0711
771	69.8852	69.9721
772	69.8852	69.9056
773	69.8852	69.9764
774	69.8852	69.968
775	69.8852	69.9833
776	69.8852	70.0772
777	69.8852	70.1905
778	69.8852	70.2784
779	69.8852	70.0673
780	69.8852	69.9087
781	69.8852	69.9859
782	69.8852	69.9329
783	69.8852	70.0394
784	69.8852	70.0895
785	69.8852	70.0162
786	69.8852	69.8852
787	69.8852	69.892
788	69.8852	69.8852
789	69.8852	69.9095
790	69.8852	69.8852
791	69.8852	69.8852
792	69.8852	69.9075
793	69.8852	70.0876
794	69.8852	70.1096
795	69.8852	69.9186
796	69.8852	69.9018
797	69.8852	69.8852
798	69.8852	69.8852
799	69.8852	69.9288
800	69.8852	70.0201
801	69.8852	70.0123
802	69.8852	69.8913
803	69.8852	69.9128
804	69.8852	69.9828
805	69.8852	69.9425
806	69.8852	69.8852
807	69.7902	69.8849
808	69.7902	69.9084
809	69.7902	70.3219
810	69.7902	70.1987
811	69.7902	70.1354
812	69.7902	69.896
813	69.7902	69.9529
814	69.7902	69.8848
815	69.7902	69.9069
816	69.7902	69.7902
817	69.7902	69.7902
818	69.7902	69.8127
819	69.7902	69.9341
820	69.7902	69.9106
821	69.7902	69.8043
822	69.7902	69.7902
823	69.7902	69.8847
824	69.7902	69.7902
825	69.7902	69.7902
826	69.7902	69.7943
827	69.7902	69.7902
828	69.7902	69.8228
829	69.7902	69.8528
830	69.7902	69.803
831	69.7902	69.8393
832	69.7902	69.909
833	69.7902	69.7968
834	69.7902	69.8126
835	69.7902	69.7904
836	69.7902	69.9303
837	69.7902	69.7902
838	69.7902	69.9363
839	69.7902	69.9188
840	69.7902	69.8251
841	69.7902	69.7902
842	69.7902	69.8186
843	69.7902	69.8686
844	69.7902	69.8692
845	69.7902	69.9856
846	69.7902	69.8298
847	69.7902	69.9451
848	69.7902	69.8417
849	69.7902	69.8922
850	69.7902	70.0699
851	69.7902	69.8027
852	69.7902	69.8605
853	69.7902	69.8315
854	69.7902	69.9687
855	69.7902	69.7902
856	69.7902	69.8304
857	69.7902	69.8396
858	69.7902	69.7902
859	69.7902	69.7902
860	69.7902	69.7902
861	69.7902	69.9829
862	69.7902	69.9829
863	69.7902	69.9906
864	69.7902	69.8262
865	69.7902	69.8431
866	69.7902	69.8469
867	69.7902	69.8748
868	69.7902	69.8357
869	69.7902	69.8798
870	69.7902	69.7902
871	69.7902	69.7936
872	69.7902	69.8291
873	69.7902	69.9739
874	69.7902	69.8347
875	69.7902	69.8343
876	69.7902	69.9758
877	69.7902	69.7913
878	69.7902	69.8692
879	69.7902	69.9402
880	69.7902	69.9904
881	69.7902	69.9246
882	69.7902	69.8331
883	69.7902	69.8125
884	69.7902	69.8104
885	69.7902	69.7902
886	69.7902	69.7902
887	69.7902	69.8464
888	69.7902	69.7902
889	69.7902	69.8047
890	69.7902	69.803
891	69.7902	69.7902
892	69.7902	69.7902
893	69.7902	69.8862
894	69.7902	69.7942
895	69.7902	69.9661
896	69.7902	69.7987
897	69.7902	69.8189
898	69.7902	69.8899
899	69.7902	69.8433
900	69.7902	69.8449
901	69.7902	69.8526
902	69.7902	69.7922
903	69.7902	69.8333
904	69.7902	69.7902
905	69.7902	69.8843
906	69.7902	69.8107
907	69.7902	69.8045
908	69.7902	69.835
909	69.7902	69.8669
910	69.7902	69.8391
911	69.7902	69.8201
912	69.7902	69.8135
913	69.7902	69.7902
914	69.7902	69.9362
915	69.7902	69.7902
916	69.7902	69.7946
917	69.7902	69.7904
918	69.7902	69.8478
919	69.7902	69.8615
920	69.7902	69.7919
921	69.7902	69.7902
922	69.7902	69.7902
923	69.7902	69.7902
924	69.7902	69.828
925	69.7902	69.7902
926	69.7902	69.7902
927	69.7902	69.7902
928	69.7902	69.8273
929	69.7902	69.7902
930	69.7902	69.7902
931	69.7902	69.7902
932	69.7902	69.7993
933	69.7902	70.013
934	69.7902	69.8438
935	69.7902	69.9485
936	69.7902	69.8001
937	69.7902	70.0094
938	69.7902	69.8196
939	69.7902	69.9091
940	69.7902	69.8043
941	69.7902	69.8207
942	69.7902	69.794
943	69.7902	69.967
944	69.7902	70.055
945	69.7902	69.8616
946	69.7902	69.8011
947	69.7902	69.9262
948	69.7902	69.8024
949	69.7902	69.9383
950	69.7902	69.8343
951	69.7902	69.8117
952	69.7902	69.8579
953	69.7902	69.8209
954	69.7902	70.1683
955	69.7902	69.8868
956	69.7902	69.7984
957	69.7902	69.82
958	69.7902	69.7902
959	69.7902	69.7902
960	69.7902	69.7918
961	69.7902	69.7902
962	69.7902	69.7925
963	69.7902	69.7902
964	69.7902	69.7902
965	69.7902	69.8122
966	69.7902	69.7903
967	69.7902	69.7924
968	69.7902	69.888
969	69.7902	69.9904
970	69.7902	69.8136
971	69.7902	69.7902
972	69.7902	69.7902
973	69.7902	69.8547
974	69.7902	69.7902
975	69.7902	69.7902
976	69.7902	69.7902
977	69.7902	69.796
978	69.7902	69.7978
979	69.7902	69.8004
980	69.7902	69.7902
981	69.7902	69.7902
982	69.7902	69.7902
983	69.7902	69.8668
984	69.7902	69.9607
985	69.7902	69.897
986	69.7902	69.879
987	69.7902	69.8105
988	69.7902	69.8343
989	69.7902	69.88
990	69.7902	70.1339
991	69.7902	70.296
992	69.7902	70.1013
993	69.7902	69.8176
994	69.7902	69.7902
995	69.7902	69.8495
996	69.7902	69.8515
997	69.7902	69.7902
998	69.7902	69.8055
999	69.7902	69.9023
1000	69.7902	69.8161
1001	69.7771	70.1369
1002	69.7771	69.8165
1003	69.7771	69.7859
1004	69.7771	69.8159
1005	69.7771	69.7835
1006	69.7771	69.8811
1007	69.7771	69.8023
1008	69.7771	69.7812
1009	69.7771	69.7771
1010	69.7771	69.784
1011	69.7771	69.8548
1012	69.7771	70.0093
1013	69.7771	69.8953
1014	69.7771	69.8313
1015	69.7771	69.7789
1016	69.7771	69.7771
1017	69.7771	69.7771
1018	69.7771	69.8443
1019	69.7771	69.7929
1020	69.7771	69.7914
1021	69.7771	69.7771
1022	69.7771	69.8253
1023	69.7771	70.1088
1024	69.7771	69.9112
1025	69.7771	69.853
1026	69.7771	69.9061
1027	69.7771	69.9946
1028	69.7771	69.8234
1029	69.7771	69.7771
1030	69.7771	69.7771
1031	69.7771	69.7771
1032	69.7771	69.7771
1033	69.7771	69.7797
1034	69.7771	69.7899
1035	69.7771	69.7771
1036	69.7771	69.9784
1037	69.7771	69.9296
1038	69.7771	69.8893
1039	69.7771	69.789
1040	69.7771	69.8053
1041	69.7771	69.7771
1042	69.7771	69.805
1043	69.7771	69.9663
1044	69.7771	69.8582
1045	69.7771	69.8764
1046	69.7771	69.7893
1047	69.7771	69.7771
1048	69.7771	69.7937
1049	69.7771	69.8991
1050	69.7771	69.933
1051	69.7771	69.8809
1052	69.7771	69.8091
1053	69.7771	69.7771
1054	69.7771	69.9904
1055	69.7771	69.9782
1056	69.7771	69.9815
1057	69.7771	69.7947
1058	69.7771	69.7901
1059	69.7771	69.9453
1060	69.7771	69.8398
1061	69.7771	69.7771
1062	69.7771	69.7813
1063	69.7771	69.7771
1064	69.7771	69.7771
1065	69.7771	69.912
1066	69.7771	69.7831
1067	69.7771	69.9487
1068	69.7771	69.7951
1069	69.7771	69.7771
1070	69.7771	69.8328
1071	69.7771	69.809
1072	69.7771	69.9461
1073	69.7771	69.7922
1074	69.7771	69.9731
1075	69.7771	69.8884
1076	69.7771	69.9897
1077	69.7771	70.0644
1078	69.7771	69.917
1079	69.7771	69.8449
1080	69.7771	69.8313
1081	69.7771	69.7967
1082	69.7771	69.7771
1083	69.7771	69.7771
1084	69.7771	69.8029
1085	69.7771	69.7771
1086	69.7771	69.8419
1087	69.7771	69.7771
1088	69.7771	69.8302
1089	69.7771	69.8001
1090	69.7771	69.9706
1091	69.7771	69.7814
1092	69.7771	69.8508
1093	69.7771	69.808
1094	69.7771	69.7826
1095	69.7771	69.8298
1096	69.7771	69.9936
1097	69.7771	69.8189
1098	69.7771	69.7793
1099	69.7771	69.7771
1100	69.7771	69.7771
1101	69.7771	69.8733
1102	69.7771	69.7987
1103	69.7771	69.7771
1104	69.7771	69.7771
1105	69.7771	69.7829
1106	69.7771	69.9086
1107	69.7771	69.8365
1108	69.7771	69.7874
1109	69.7771	69.8785
1110	69.7771	69.8826
1111	69.7771	69.817
1112	69.7771	69.9617
1113	69.7771	70.1119
1114	69.7771	69.9666
1115	69.7771	69.781
1116	69.7771	69.8176
1117	69.7771	69.8187
1118	69.7771	69.8277
1119	69.7771	69.7771
1120	69.7771	70.0506
1121	69.7771	69.7771
1122	69.7771	70.0351
1123	69.7771	69.7849
1124	69.7771	69.7889
1125	69.7771	69.799
1126	69.7771	69.8787
1127	69.7771	69.7818
1128	69.7771	69.8768
1129	69.7771	69.9353
1130	69.7771	69.8629
1131	69.7771	69.7847
1132	69.7771	69.9784
1133	69.7771	69.8151
1134	69.7771	69.8655
1135	69.7771	69.7771
1136	69.7771	69.7965
1137	69.7771	69.7968
1138	69.7771	69.8991
1139	69.7771	69.8328
1140	69.7771	69.7993
1141	69.7771	69.7771
1142	69.7771	69.794
1143	69.7771	69.8148
1144	69.7771	69.8696
1145	69.7771	69.9641
1146	69.7771	69.7968
1147	69.7771	69.8561
1148	69.7771	69.8516
1149	69.7771	69.9988
1150	69.7771	69.9234
1151	69.7771	69.8959
1152	69.7771	69.794
1153	69.7771	69.7958
1154	69.7771	69.8543
1155	69.7771	70.054
1156	69.7771	69.9654
1157	69.7771	69.8468
1158	69.7771	69.8488
1159	69.7771	69.8367
1160	69.7771	69.8024
1161	69.7771	69.7771
1162	69.7771	69.7771
1163	69.7771	69.7837
1164	69.7771	69.78
1165	69.7771	69.7884
1166	69.7771	69.8669
1167	69.7771	69.7906
1168	69.7771	69.7771
1169	69.7771	69.7789
1170	69.7771	69.7771
1171	69.7771	69.7991
1172	69.7771	69.7771
1173	69.7771	69.7876
1174	69.7771	69.8044
1175	69.7771	69.796
1176	69.7771	69.909
1177	69.7771	70.08
1178	69.7771	70.2199
1179	69.7771	69.8078
1180	69.7771	69.7943
1181	69.7771	69.7905
1182	69.7771	69.8233
1183	69.7771	69.9448
1184	69.7771	69.8259
1185	69.7771	69.7796
1186	69.7771	69.7776
1187	69.7771	69.7868
1188	69.7771	69.7771
1189	69.7771	69.7771
1190	69.7771	69.7944
1191	69.7771	69.8103
1192	69.7771	69.8155
1193	69.7771	69.8643
1194	69.7771	69.7786
1195	69.7771	69.7771
1196	69.7771	69.7771
1197	69.7771	69.7807
1198	69.7771	69.7771
1199	69.7771	69.7928
1200	69.7771	69.8738
1201	69.7771	69.8847
1202	69.7771	69.8119
1203	69.7771	69.7771
1204	69.7771	69.7771
1205	69.7771	69.7771
1206	69.7771	69.8072
1207	69.7771	69.8125
1208	69.7771	69.8888
1209	69.7771	69.8132
1210	69.7771	69.7771
1211	69.7771	69.8518
1212	69.7771	69.8134
1213	69.7272	69.7811
1214	69.7272	69.7705
1215	69.7272	69.831
1216	69.7272	69.9204
1217	69.7272	69.7804
1218	69.7272	69.7387
1219	69.7272	69.8125
1220	69.7272	69.7493
1221	69.7272	69.8515
1222	69.7272	69.7272
1223	69.7272	69.7272
1224	69.7272	69.737
1225	69.7272	69.8021
1226	69.7272	69.884
1227	69.7272	69.9741
1228	69.7272	69.9566
1229	69.7272	69.7907
1230	69.7272	69.8061
1231	69.7272	70.0393
1232	69.7272	69.9235
1233	69.7272	69.7971
1234	69.7272	69.7272
1235	69.7272	69.7272
1236	69.7272	69.8285
1237	69.7272	69.8148
1238	69.7272	69.7272
1239	69.7272	69.8114
1240	69.7272	69.8664
1241	69.7272	69.7425
1242	69.7272	69.7272
1243	69.7272	69.7272
1244	69.7272	69.8005
1245	69.7272	69.8442
1246	69.7272	69.9726
1247	69.7272	69.9627
1248	69.7272	69.8565
1249	69.7272	69.8466
1250	69.7272	69.8995
1251	69.7272	69.7272
1252	69.7272	69.7305
1253	69.7272	69.7654
1254	69.7272	69.7562
1255	69.7272	69.8002
1256	69.7272	69.7458
1257	69.7272	69.9633
1258	69.7272	69.9506
1259	69.7272	69.7272
1260	69.7272	69.7364
1261	69.7272	69.7293
1262	69.7272	69.8851
1263	69.7272	70.0204
1264	69.7272	69.8263
1265	69.7272	69.7359
1266	69.7272	69.7272
1267	69.7272	69.7505
1268	69.7272	69.8008
1269	69.7272	69.8176
1270	69.7272	69.739
1271	69.7272	69.9742
1272	69.7272	69.9256
1273	69.7272	69.7879
1274	69.7272	69.7426
1275	69.7272	69.7388
1276	69.7272	69.7272
1277	69.7272	69.7272
1278	69.7272	69.8007
1279	69.7272	69.7423
1280	69.7272	69.7272
1281	69.7272	69.784
1282	69.7272	69.7272
1283	69.7272	69.7272
1284	69.7272	69.7639
1285	69.7272	69.7609
1286	69.7272	69.7357
1287	69.7272	69.7272
1288	69.7272	69.7272
1289	69.7272	69.7272
1290	69.7272	69.9442
1291	69.7272	70.0066
1292	69.7272	69.9403
1293	69.7272	69.8295
1294	69.7272	69.9946
1295	69.7272	69.9365
1296	69.7272	69.9711
1297	69.7272	69.7274
1298	69.7272	69.7288
1299	69.7272	69.7272
1300	69.7272	69.7272
1301	69.7272	69.7272
1302	69.7272	69.7621
1303	69.7272	69.8001
1304	69.7272	69.8674
1305	69.7272	69.7311
1306	69.7272	69.7577
1307	69.7272	69.7735
1308	69.7272	69.7499
1309	69.7272	69.7657
1310	69.7272	69.7299
1311	69.7272	69.7272
1312	69.7272	69.7589
1313	69.7272	69.9351
1314	69.7272	69.9186
1315	69.7272	69.7285
1316	69.7272	69.7306
1317	69.7272	69.7272
1318	69.7272	69.7272
1319	69.7272	69.7712
1320	69.7272	69.7299
1321	69.7272	69.7885
1322	69.7272	69.8298
1323	69.7272	69.7272
1324	69.7272	69.7582
1325	69.7272	69.7518
1326	69.7272	69.7318
1327	69.7272	69.7272
1328	69.7272	69.7272
1329	69.7272	69.7968
1330	69.7272	69.7349
1331	69.7272	69.8992
1332	69.7272	69.8647
1333	69.7272	69.9433
1334	69.7272	69.8605
1335	69.7272	69.7272
1336	69.7272	69.7272
1337	69.7272	69.7925
1338	69.7272	69.7283
1339	69.7272	69.7654
1340	69.7272	69.8265
1341	69.7272	69.7513
1342	69.7272	69.7272
1343	69.7272	69.8112
1344	69.7272	69.8795
1345	69.7272	69.8811
1346	69.7272	69.983
1347	69.7272	69.7672
1348	69.7272	69.7915
1349	69.7272	69.7701
1350	69.7272	69.779
1351	69.7272	69.7709
1352	69.7272	69.7272
1353	69.7272	69.7288
1354	69.7272	69.7272
1355	69.7272	69.7272
1356	69.7272	69.7272
1357	69.7272	69.7272
1358	69.7272	69.8303
1359	69.7272	69.809
1360	69.7272	69.9686
1361	69.7272	69.9036
1362	69.7272	69.761
1363	69.7272	69.7387
1364	69.7272	69.9275
1365	69.7272	69.9232
1366	69.7272	69.7561
1367	69.7272	69.8353
1368	69.7272	69.7806
1369	69.7272	69.7326
1370	69.7272	69.7804
1371	69.7272	69.8241
1372	69.7272	69.7391
1373	69.7272	69.743
1374	69.7272	69.7272
1375	69.7272	69.752
1376	69.7272	69.7272
1377	69.7272	69.8197
1378	69.7272	69.7444
1379	69.7272	69.8054
1380	69.7272	69.7434
1381	69.7272	69.8911
1382	69.7272	69.7676
1383	69.7272	70.0291
1384	69.7272	69.8482
1385	69.7272	69.808
1386	69.7272	69.7396
1387	69.7272	69.7272
1388	69.7272	69.7272
1389	69.7272	69.7721
1390	69.7272	69.8448
1391	69.7272	69.9004
1392	69.7272	69.7892
1393	69.7272	69.8468
1394	69.7272	70.1807
1395	69.7272	69.8042
1396	69.7272	69.7733
1397	69.7272	69.7283
1398	69.7272	69.7985
1399	69.7272	69.9356
1400	69.7272	69.931
1401	69.6203	69.9694
1402	69.6203	70.3289
1403	69.6203	70.1874
1404	69.6203	70.0328
1405	69.6203	69.9003
1406	69.6203	69.8141
1407	69.6203	69.6628
1408	69.6203	69.6889
1409	69.6203	69.6643
1410	69.6203	69.6203
1411	69.6203	69.7304
1412	69.6203	69.6541
1413	69.6203	69.6885
1414	69.6203	69.6236
1415	69.6203	69.6203
1416	69.6203	69.6203
1417	69.6203	69.6203
1418	69.6203	69.6203
1419	69.6203	69.7287
1420	69.6203	69.6386
1421	69.6203	69.9431
1422	69.6203	69.7046
1423	69.6203	69.6442
1424	69.6203	69.6382
1425	69.6203	69.6364
1426	69.6203	69.6216
1427	69.6203	69.7323
1428	69.6203	69.8238
1429	69.6203	69.6203
1430	69.6203	69.6966
1431	69.6203	69.8876
1432	69.6203	69.7355
1433	69.6203	69.6327
1434	69.6203	69.6766
1435	69.6203	69.6203
1436	69.6203	69.7155
1437	69.6203	69.6414
1438	69.6203	69.651
1439	69.6203	69.6925
1440	69.6203	69.7855
1441	69.6203	69.6203
1442	69.6203	69.7085
1443	69.6203	70.1182
1444	69.6203	69.7487
1445	69.6203	69.6203
1446	69.6203	69.6651
1447	69.6203	69.6208
1448	69.6203	69.6903
1449	69.6203	69.817
1450	69.6203	69.644
1451	69.6203	69.7811
1452	69.6203	69.6656
1453	69.6203	69.6203
1454	69.6203	69.6618
1455	69.6203	69.6203
1456	69.6203	69.6714
1457	69.6203	69.6203
1458	69.6203	69.6594
1459	69.6203	69.653
1460	69.6203	69.6464
1461	69.6203	69.6802
1462	69.6203	69.6264
1463	69.6203	69.6203
1464	69.6203	69.6203
1465	69.6203	69.6412
1466	69.6203	69.6612
1467	69.6203	69.6381
1468	69.6203	69.6203
1469	69.6203	69.633
1470	69.6203	69.6887
1471	69.6203	69.7777
1472	69.6203	69.6459
1473	69.6203	69.6669
1474	69.6203	69.6203
1475	69.6203	69.6699
1476	69.6203	69.6234
1477	69.6203	69.6294
1478	69.6203	69.6668
1479	69.6203	69.6203
1480	69.6203	69.8561
1481	69.6203	69.6857
1482	69.6203	69.6683
1483	69.6203	69.806
1484	69.6203	69.7682
1485	69.6203	69.9731
1486	69.6203	69.6898
1487	69.6203	69.7369
1488	69.6203	69.7687
1489	69.6203	69.6685
1490	69.6203	69.6818
1491	69.6203	69.718
1492	69.6203	69.8104
1493	69.6203	69.7624
1494	69.6203	69.7711
1495	69.6203	69.6841
1496	69.6203	69.6373
1497	69.6203	69.6302
1498	69.6203	69.6203
1499	69.6203	69.6203
1500	69.6203	69.6383
1501	69.6094	69.7006
1502	69.6094	69.8609
1503	69.6094	69.6131
1504	69.6094	69.6534
1505	69.6094	69.6797
1506	69.6094	69.6358
1507	69.6094	69.6999
1508	69.6094	69.6797
1509	69.6094	69.6153
1510	69.6094	69.6147
1511	69.6094	69.7432
1512	69.6094	69.8439
1513	69.6094	69.7882
1514	69.6094	69.6925
1515	69.6094	69.6094
1516	69.6094	69.6094
1517	69.6094	69.623
1518	69.6094	69.6675
1519	69.6094	69.6312
1520	69.6094	69.6289
1521	69.6094	69.6108
1522	69.6094	69.8385
1523	69.6094	69.6575
1524	69.6094	69.6807
1525	69.6094	69.6192
1526	69.6094	69.6094
1527	69.6094	69.6094
1528	69.6094	69.6428
1529	69.6094	69.6656
1530	69.6094	69.6218
1531	69.6094	70.1152
1532	69.6094	69.8365
1533	69.6094	69.9161
1534	69.6094	69.9714
1535	69.6094	69.7359
1536	69.6094	69.6474
1537	69.6094	69.6381
1538	69.6094	69.6094
1539	69.6094	69.6227
1540	69.6094	69.6329
1541	69.6094	69.8701
1542	69.6094	69.6519
1543	69.6094	69.6195
1544	69.6094	69.6425
1545	69.6094	69.6094
1546	69.6094	69.6094
1547	69.6094	69.646
1548	69.6094	69.6397
1549	69.6094	69.6575
1550	69.6094	69.6192
1551	69.6094	69.7148
1552	69.6094	69.6816
1553	69.6094	69.7989
1554	69.6094	69.9793
1555	69.6094	69.6302
1556	69.6094	69.6094
1557	69.6094	69.6094
1558	69.6094	69.6094
1559	69.6094	69.6094
1560	69.6094	69.6094
1561	69.6094	69.6399
1562	69.6094	69.6094
1563	69.6094	69.6094
1564	69.6094	69.615
1565	69.6094	69.6351
1566	69.6094	69.671
1567	69.6094	69.6565
1568	69.6094	69.6175
1569	69.6094	69.7574
1570	69.6094	69.8181
1571	69.6094	69.673
1572	69.6094	69.7475
1573	69.6094	69.6313
1574	69.6094	69.6101
1575	69.6094	69.6458
1576	69.6094	69.7179
1577	69.6094	69.6173
1578	69.6094	69.6103
1579	69.6094	69.6094
1580	69.6094	69.6117
1581	69.6094	69.6189
1582	69.6094	69.6094
1583	69.6094	69.6094
1584	69.6094	69.6094
1585	69.6094	69.6094
1586	69.6094	69.624
1587	69.6094	69.6094
1588	69.6094	69.6689
1589	69.6094	69.6485
1590	69.6094	69.6877
1591	69.6094	69.6452
1592	69.6094	69.6094
1593	69.6094	69.6445
1594	69.6094	69.6264
1595	69.6094	69.6094
1596	69.6094	69.739
1597	69.6094	69.6125
1598	69.6094	69.6216
1599	69.6094	69.6698
1600	69.6094	69.8881
1601	69.6094	69.6869
1602	69.6094	69.6234
1603	69.6094	69.6094
1604	69.6094	69.6473
1605	69.6094	69.6135
1606	69.6094	69.643
1607	69.6094	69.6094
1608	69.6094	69.6094
1609	69.6094	69.6094
1610	69.6094	69.8057
1611	69.6094	69.6202
1612	69.6094	69.6515
1613	69.6094	69.6582
1614	69.6094	69.6094
1615	69.6094	69.6094
1616	69.6094	69.6094
1617	69.6094	69.6094
1618	69.6094	69.6094
1619	69.6094	69.6094
1620	69.6094	69.6094
1621	69.6094	69.6094
1622	69.6094	69.6094
1623	69.6094	69.6398
1624	69.6094	69.6115
1625	69.6094	69.7373
1626	69.6094	69.6094
1627	69.6094	69.6094
1628	69.6094	69.7546
1629	69.6094	69.7756
1630	69.6094	69.662
1631	69.6094	69.6907
1632	69.6094	69.7342
1633	69.6094	69.6416
1634	69.6094	69.6414
1635	69.6094	69.9644
1636	69.6094	69.6667
1637	69.6094	69.6143
1638	69.6094	69.6094
1639	69.6094	69.6094
1640	69.6094	69.6098
1641	69.6094	69.6094
1642	69.6094	69.6094
1643	69.6094	69.6094
1644	69.6094	69.6094
1645	69.6094	69.6423
1646	69.6094	69.6419
1647	69.6094	69.6298
1648	69.6094	69.6094
1649	69.6094	69.6094
1650	69.6094	69.6094
1651	69.6094	69.7273
1652	69.6094	69.6205
1653	69.6094	69.668
1654	69.6094	69.6094
1655	69.6094	69.632
1656	69.6094	69.6503
1657	69.6094	69.6094
1658	69.6094	69.6355
1659	69.6094	69.6461
1660	69.6094	69.6124
1661	69.6094	69.6853
1662	69.6094	69.615
1663	69.6094	69.6094
1664	69.6094	69.6502
1665	69.6094	69.675
1666	69.6094	69.7032
1667	69.6094	69.8465
1668	69.6094	69.6836
1669	69.6094	69.6241
1670	69.6094	69.6346
1671	69.6094	69.6347
1672	69.6094	69.6144
1673	69.6094	69.6094
1674	69.6094	69.6094
1675	69.6094	69.6094
1676	69.6094	69.6978
1677	69.6094	69.6891
1678	69.6094	69.6544
1679	69.6094	69.836
1680	69.6094	69.6454
1681	69.6094	69.7519
1682	69.6094	69.7294
1683	69.6094	69.7249
1684	69.6094	69.885
1685	69.6094	69.8455
1686	69.6094	69.6094
1687	69.6094	69.6094
1688	69.6094	69.675
1689	69.6094	69.6809
1690	69.6094	69.7176
1691	69.6094	69.7982
1692	69.6094	69.7858
1693	69.6094	69.7876
1694	69.6094	69.6094
1695	69.6094	69.6707
1696	69.6094	69.6678
1697	69.6094	69.7314
1698	69.6094	69.8434
1699	69.6094	69.731
1700	69.6094	69.6094
1701	69.6094	69.6735
1702	69.6094	69.8156
1703	69.6094	69.6094
1704	69.6094	69.7087
1705	69.6094	69.7684
1706	69.6094	70.0039
1707	69.6094	69.6247
1708	69.6094	69.6141
1709	69.6094	69.6358
1710	69.6094	69.6888
1711	69.6094	69.6677
1712	69.6094	69.7474
1713	69.6094	69.6165
1714	69.6094	69.6094
1715	69.6094	69.6094
1716	69.6094	69.6094
1717	69.6094	69.6094
1718	69.6094	69.6094
1719	69.6094	69.6094
1720	69.6094	69.6125
1721	69.6094	69.6201
1722	69.6094	69.6094
1723	69.6094	69.6094
1724	69.6094	69.6094
1725	69.6094	69.6094
1726	69.6094	69.6094
1727	69.6094	69.6094
1728	69.6094	69.6094
1729	69.6094	69.6094
1730	69.6094	69.6094
1731	69.6094	69.6558
1732	69.6094	69.6578
1733	69.6094	69.6356
1734	69.6094	69.9206
1735	69.6094	69.7155
1736	69.6094	69.8145
1737	69.6094	69.6895
1738	69.6094	69.9225
1739	69.6094	69.6859
1740	69.6094	69.6094
1741	69.6094	69.6094
1742	69.6094	69.6346
1743	69.6094	69.6665
1744	69.6094	69.6815
1745	69.6094	69.6579
1746	69.6094	69.7422
1747	69.6094	69.6434
1748	69.6094	69.6646
1749	69.6094	69.6096
1750	69.6094	69.6388
1751	69.6094	69.6726
1752	69.6094	69.6484
1753	69.6094	69.6197
1754	69.6094	69.6513
1755	69.6094	69.6097
1756	69.6094	69.6094
1757	69.6094	69.6649
1758	69.6094	69.6288
1759	69.6094	69.6727
1760	69.6094	69.6548
1761	69.6094	69.6094
1762	69.6094	69.6094
1763	69.6094	69.6146
1764	69.6094	69.8528
1765	69.6094	69.6602
1766	69.6094	69.6413
1767	69.6094	69.7082
1768	69.6094	69.6461
1769	69.6094	69.6127
1770	69.6094	69.6231
1771	69.6094	69.6094
1772	69.6094	69.6195
1773	69.6094	69.7775
1774	69.6094	69.7759
1775	69.6094	69.762
1776	69.6094	69.618
1777	69.6094	69.669
1778	69.6094	69.6475
1779	69.6094	69.6105
1780	69.6094	69.6846
1781	69.6094	69.6332
1782	69.6094	69.6094
1783	69.6094	69.7242
1784	69.6094	69.7689
1785	69.6094	69.6474
1786	69.6094	69.6094
1787	69.6094	69.6247
1788	69.6094	69.7197
1789	69.6094	69.8488
1790	69.6094	69.7311
1791	69.6094	69.6895
1792	69.6094	69.7207
1793	69.6094	69.6094
1794	69.6094	69.6094
1795	69.6094	69.734
1796	69.6094	69.6707
1797	69.6094	69.7824
1798	69.6094	69.642
1799	69.6094	69.6571
1800	69.6094	69.6109
1801	69.6094	69.7912
1802	69.6094	69.6557
1803	69.6094	69.6094
1804	69.6094	69.7841
1805	69.6094	69.7248
1806	69.6094	69.9325
1807	69.6094	69.6404
1808	69.6094	69.6268
1809	69.6094	69.6372
1810	69.6094	69.6099
1811	69.6094	69.6094
1812	69.6094	69.6384
1813	69.6094	69.7074
1814	69.6094	69.6383
1815	69.6094	69.6094
1816	69.6094	69.8024
1817	69.6094	69.6614
1818	69.6094	69.6392
1819	69.6094	69.6222
1820	69.6094	69.6094
1821	69.6094	69.6263
1822	69.6094	69.6838
1823	69.6094	69.6094
1824	69.6094	69.6255
1825	69.6094	69.7136
1826	69.6094	69.7924
1827	69.6094	69.7415
1828	69.6094	69.8055
1829	69.6094	69.6614
1830	69.6094	69.615
1831	69.6094	69.7682
1832	69.6094	69.6147
1833	69.6094	69.6094
1834	69.6094	69.6094
1835	69.6094	69.6094
1836	69.6094	69.6094
1837	69.6094	69.6094
1838	69.6094	69.6094
1839	69.6094	69.6921
1840	69.6094	69.613
1841	69.6094	69.6309
1842	69.6094	69.6094
1843	69.6094	69.6094
1844	69.6094	69.6094
1845	69.6094	69.6319
1846	69.6094	69.6241
1847	69.6094	69.6583
1848	69.6094	69.745
1849	69.6094	69.6764
1850	69.6094	69.7191
1851	69.6094	69.6094
1852	69.6094	69.6094
1853	69.6094	69.6094
1854	69.6094	69.7867
1855	69.6094	69.6094
1856	69.6094	69.6181
1857	69.6094	69.619
1858	69.6094	69.6094
1859	69.6094	69.6094
1860	69.6094	69.6094
1861	69.6094	69.6101
1862	69.6094	69.6094
1863	69.6094	69.618
1864	69.6094	69.6869
1865	69.6094	69.7753
1866	69.6094	69.6135
1867	69.6094	69.6433
1868	69.6094	69.8404
1869	69.6094	69.9549
1870	69.6094	69.7357
1871	69.6094	69.7027
1872	69.6094	69.6946
1873	69.6094	69.7522
1874	69.6094	69.8334
1875	69.6094	69.8158
1876	69.6094	70.0147
1877	69.6094	69.6094
1878	69.6094	69.6094
1879	69.6094	69.6094
1880	69.6094	69.6094
1881	69.6094	69.61
1882	69.6094	69.6825
1883	69.6094	69.6094
1884	69.6094	69.7414
1885	69.6094	69.74
1886	69.6094	69.6094
1887	69.6094	69.661
1888	69.6094	69.9332
1889	69.6094	69.6994
1890	69.6094	69.6094
1891	69.6094	69.6094
1892	69.6094	69.6201
1893	69.6094	69.6094
1894	69.6094	69.6094
1895	69.6094	69.6094
1896	69.6094	69.6129
1897	69.6094	69.6094
1898	69.6094	69.7167
1899	69.6094	69.7497
1900	69.6094	69.6805
1901	69.6094	69.7308
1902	69.6094	69.8161
1903	69.6094	69.6652
1904	69.6094	69.7682
1905	69.6094	69.6674
1906	69.6094	69.6094
1907	69.6094	69.6673
1908	69.6094	69.6317
1909	69.6094	69.7237
1910	69.6094	69.6842
1911	69.6094	69.7888
1912	69.6094	69.8303
1913	69.6094	69.6463
1914	69.6094	69.6855
1915	69.6094	69.7
1916	69.6094	69.7859
1917	69.6094	69.6138
1918	69.6094	69.7219
1919	69.6094	69.9335
1920	69.6094	69.6094
1921	69.6094	69.6094
1922	69.6094	69.643
1923	69.6094	70.087
1924	69.6094	69.8419
1925	69.6094	69.6365
1926	69.6094	69.7401
1927	69.6094	69.7404
1928	69.6094	69.7526
1929	69.6094	69.664
1930	69.6094	69.6094
1931	69.6094	69.6094
1932	69.6094	69.6098
1933	69.6094	69.6094
1934	69.6094	69.6094
1935	69.6094	69.6559
1936	69.6094	69.611
1937	69.6094	69.6348
1938	69.6094	69.6444
1939	69.6094	69.6176
1940	69.6094	69.6216
1941	69.6094	69.6286
1942	69.6094	69.9003
1943	69.6094	69.6712
1944	69.6094	69.6555
1945	69.6094	69.611
1946	69.6094	69.6094
1947	69.6094	69.7631
1948	69.6094	69.6826
1949	69.6094	69.6095
1950	69.6094	69.611
1951	69.6094	69.617
1952	69.6094	69.6616
1953	69.6094	70.015
1954	69.6094	69.8594
1955	69.6094	69.8121
1956	69.6094	69.6869
1957	69.6094	69.6758
1958	69.6094	69.6224
1959	69.6094	69.7332
1960	69.6094	69.6094
1961	69.6094	69.6139
1962	69.6094	69.6423
1963	69.6094	69.6261
1964	69.6094	69.6568
1965	69.6094	69.7323
1966	69.6094	69.6205
1967	69.6094	69.6094
1968	69.6094	69.6699
1969	69.6094	69.7027
1970	69.6094	69.6094
1971	69.6094	69.6094
1972	69.6094	69.632
1973	69.6094	69.6094
1974	69.6094	69.6094
1975	69.6094	69.6094
1976	69.6094	69.6094
1977	69.6094	69.6094
1978	69.6094	69.6094
1979	69.6094	69.6094
1980	69.6094	69.6094
1981	69.6094	69.6865
1982	69.6094	69.7763
1983	69.6094	69.6168
1984	69.6094	69.6191
1985	69.6094	69.6438
1986	69.6094	69.6217
1987	69.6094	69.6254
1988	69.6094	69.6228
1989	69.6094	69.6195
1990	69.6094	69.6094
1991	69.6094	69.6094
1992	69.6094	69.6094
1993	69.6094	69.611
1994	69.6094	69.6094
1995	69.6094	69.6234
1996	69.6094	69.6334
1997	69.6094	69.6546
1998	69.6094	69.6094
1999	69.6094	69.6094
2000	69.6094	69.6094
2001	69.6094	69.6094
2002	69.6094	69.6976
2003	69.6094	69.6094
2004	69.6094	69.626
2005	69.6094	69.6254
2006	69.6094	69.6157
2007	69.6094	69.6094
2008	69.6094	69.6094
2009	69.6094	69.6094
2010	69.6094	69.7765
2011	69.6094	69.6794
2012	69.6094	69.6217
2013	69.6094	69.6152
2014	69.6094	69.6624
2015	69.6094	69.6411
2016	69.6094	69.709
2017	69.6094	69.6951
2018	69.6094	69.7651
2019	69.6094	69.6136
2020	69.6094	69.6113
2021	69.6094	69.637
2022	69.6094	69.6126
2023	69.6094	69.6478
2024	69.6094	69.6094
2025	69.6094	69.6414
2026	69.6094	69.6094
2027	69.6094	69.6094
2028	69.6094	69.674
2029	69.6094	69.6876
2030	69.6094	69.6269
2031	69.6094	69.6518
2032	69.6094	69.7517
2033	69.6094	69.7739
2034	69.6094	69.8016
2035	69.6094	69.8879
2036	69.6094	69.7088
2037	69.6094	69.68
2038	69.6094	69.7269
2039	69.6094	69.6814
2040	69.6094	69.7897
2041	69.6094	69.7045
2042	69.6094	69.8053
2043	69.6094	69.6746
2044	69.6094	69.6673
2045	69.6094	69.7533
2046	69.6094	69.6117
2047	69.6094	69.6513
2048	69.6094	69.6802
2049	69.6094	69.6496
2050	69.6094	69.7082
2051	69.6094	69.6798
2052	69.6094	69.6691
2053	69.6094	69.6931
2054	69.6094	69.7758
2055	69.6094	69.7158
2056	69.6094	69.6883
2057	69.6094	69.647
2058	69.6094	69.6094
2059	69.6094	69.6237
2060	69.6094	69.72
2061	69.6094	69.6585
2062	69.6094	69.6267
2063	69.6094	69.726
2064	69.6094	69.8621
2065	69.6094	69.6783
2066	69.6094	69.7606
2067	69.6094	69.8185
2068	69.6094	69.6167
2069	69.6094	69.6219
2070	69.6094	69.6196
2071	69.6094	69.7446
2072	69.6094	69.6498
2073	69.6094	69.7455
2074	69.6094	69.7177
2075	69.6094	69.7633
2076	69.6094	69.6973
2077	69.6094	69.8647
2078	69.6094	69.6124
2079	69.6094	69.6191
2080	69.6094	69.6742
2081	69.6094	69.6646
2082	69.6094	69.6137
2083	69.6094	69.8467
2084	69.6094	69.6662
2085	69.6094	69.6148
2086	69.6094	69.6094
2087	69.6094	69.6094
2088	69.6094	69.6126
2089	69.6094	69.6934
2090	69.6094	69.6102
2091	69.6094	69.6483
2092	69.6094	69.627
2093	69.6094	69.6094
2094	69.6094	69.6094
2095	69.6094	69.6094
2096	69.6094	69.711
2097	69.6094	69.6668
2098	69.6094	69.6456
2099	69.6094	69.6094
2100	69.6094	69.6094
2101	69.6094	69.6823
2102	69.6094	69.618
2103	69.6094	69.6464
2104	69.6094	69.6094
2105	69.6094	69.6122
2106	69.6094	69.6145
2107	69.6094	69.6731
2108	69.6094	69.8227
2109	69.6094	69.6094
2110	69.6094	69.6557
2111	69.6094	69.6094
2112	69.6094	69.6264
2113	69.6094	69.7406
2114	69.6094	69.6201
2115	69.6094	69.7055
2116	69.6094	69.6234
2117	69.6094	69.6094
2118	69.6094	69.6104
2119	69.6094	69.6129
2120	69.6094	69.6356
2121	69.6094	69.7088
2122	69.6094	69.6094
2123	69.6094	69.6589
2124	69.6094	69.6805
2125	69.6094	69.6094
2126	69.6094	69.8847
2127	69.6094	69.8548
2128	69.6094	69.6833
2129	69.6094	69.6293
2130	69.6094	69.6135
2131	69.6094	69.6169
2132	69.6094	69.6094
2133	69.6094	69.636
2134	69.6094	69.6587
2135	69.6094	69.7062
2136	69.6094	69.6441
2137	69.6094	69.648
2138	69.6094	69.6524
2139	69.6094	69.7087
2140	69.6094	69.6094
2141	69.6094	69.6105
2142	69.6094	69.6386
2143	69.6094	69.6547
2144	69.6094	69.648
2145	69.6094	69.6916
2146	69.6094	69.6942
2147	69.6094	69.6094
2148	69.6094	69.6094
2149	69.6094	69.6094
2150	69.6094	69.6094
2151	69.6094	69.6094
2152	69.6094	69.6934
2153	69.6094	69.6175
2154	69.6094	69.7003
2155	69.6094	69.6815
2156	69.6094	69.8097
2157	69.6094	69.6692
2158	69.6094	69.6683
2159	69.6094	69.6942
2160	69.6094	69.8139
2161	69.6094	69.7272
2162	69.6094	69.616
2163	69.6094	69.6129
2164	69.6094	69.6141
2165	69.6094	69.6946
2166	69.6094	69.6323
2167	69.6094	69.7078
2168	69.6094	69.6814
2169	69.6094	69.6094
2170	69.6094	69.6148
2171	69.6094	69.6349
2172	69.6094	69.6094
2173	69.6094	69.667
2174	69.6094	69.62
2175	69.6094	69.6243
2176	69.6094	69.6094
2177	69.6094	69.623
2178	69.6094	69.65
2179	69.6094	69.6392
2180	69.6094	69.6606
2181	69.6094	69.6094
2182	69.6094	69.6114
2183	69.6094	69.8443
2184	69.6094	69.6094
2185	69.6094	69.6094
2186	69.6094	69.6891
2187	69.6094	69.6344
2188	69.6094	69.6094
2189	69.6094	69.7467
2190	69.6094	69.6236
2191	69.6094	69.6491
2192	69.6094	69.6373
2193	69.6094	69.6106
2194	69.6094	69.6094
2195	69.6094	69.6191
2196	69.6094	69.6094
2197	69.6094	69.6385
2198	69.6094	69.6403
2199	69.6094	69.6105
2200	69.6094	69.6094
2201	69.6094	69.6094
2202	69.6094	69.6183
2203	69.6094	69.6424
2204	69.6094	69.7552
2205	69.6094	69.6126
2206	69.6094	69.6609
2207	69.6094	69.6198
2208	69.6094	69.6094
2209	69.6094	69.614
2210	69.6094	69.6477
2211	69.6094	69.6121
2212	69.6094	69.6094
2213	69.6094	69.6138
2214	69.6094	69.6152
2215	69.6094	69.6094
2216	69.6094	69.6094
2217	69.6094	69.6094
2218	69.6094	69.6376
2219	69.6094	69.6691
2220	69.6094	69.6573
2221	69.6094	69.6862
2222	69.6094	69.6632
2223	69.6094	69.611
2224	69.6094	69.6094
2225	69.6094	69.7416
2226	69.6094	69.6701
2227	69.6094	69.6481
2228	69.6094	69.695
2229	69.6094	69.8924
2230	69.6094	69.8982
2231	69.6094	69.643
2232	69.6094	69.6312
2233	69.6094	69.6224
2234	69.6094	69.6094
2235	69.6094	69.6094
2236	69.6094	69.6626
2237	69.6094	69.642
2238	69.6094	69.6094
2239	69.6094	69.6132
2240	69.6094	69.741
2241	69.6094	69.935
2242	69.6094	69.993
2243	69.6094	70.2509
2244	69.6094	69.911
2245	69.6094	69.7338
2246	69.6094	69.6094
2247	69.6094	69.6094
2248	69.6094	69.6094
2249	69.6094	69.6998
2250	69.6094	69.645
2251	69.6094	69.8684
2252	69.6094	69.6195
2253	69.6094	69.6094
2254	69.6094	69.7662
2255	69.6094	69.9225
2256	69.6094	69.876
2257	69.6094	69.6521
2258	69.6094	69.6634
2259	69.6094	69.6125
2260	69.6094	69.768
2261	69.6094	69.6429
2262	69.6094	69.6249
2263	69.6094	69.6094
2264	69.6094	69.6094
2265	69.6094	69.6094
2266	69.6094	69.6094
2267	69.6094	69.6412
2268	69.6094	69.6094
2269	69.6094	69.6176
2270	69.6094	69.6094
2271	69.6094	69.6437
2272	69.6094	69.6094
2273	69.6094	69.6094
2274	69.6094	69.6094
2275	69.6094	69.6094
2276	69.6094	69.6094
2277	69.6094	69.6094
2278	69.6094	69.6155
2279	69.6094	69.6617
2280	69.6094	69.6489
2281	69.6094	69.6683
2282	69.6094	69.9599
2283	69.6094	69.7532
2284	69.6094	69.6349
2285	69.6094	69.6094
2286	69.6094	69.6835
2287	69.6094	69.6441
2288	69.6094	69.6135
2289	69.6094	69.6466
2290	69.6094	69.7065
2291	69.6094	69.6094
2292	69.6094	69.6094
2293	69.6094	69.653
2294	69.6094	69.645
2295	69.6094	69.617
2296	69.6094	69.7084
2297	69.6094	69.6756
2298	69.6094	69.6094
2299	69.6094	69.6094
2300	69.6094	69.6793
2301	69.6094	69.6432
2302	69.6094	69.6307
2303	69.6094	69.6099
2304	69.6094	69.6146
2305	69.6094	69.7305
2306	69.6094	69.6567
2307	69.6094	69.7592
2308	69.6094	69.6094
2309	69.6094	69.6094
2310	69.6094	69.6898
2311	69.6094	69.6156
2312	69.6094	69.6107
2313	69.6094	69.6345
2314	69.6094	69.6558
2315	69.6094	69.6094
2316	69.6094	69.6237
2317	69.6094	69.6094
2318	69.6094	69.6094
2319	69.6094	69.7226
2320	69.6094	69.6491
2321	69.6094	69.6142
2322	69.6094	69.7844
2323	69.6094	69.9515
2324	69.6094	69.877
2325	69.6094	69.6144
2326	69.6094	69.615
2327	69.6094	69.7633
2328	69.6094	69.7985
2329	69.6094	69.7051
2330	69.6094	69.681
2331	69.6094	69.6118
2332	69.6094	69.6167
2333	69.6094	69.6114
2334	69.6094	69.6374
2335	69.6094	69.8241
2336	69.6094	69.7376
2337	69.6094	69.6098
2338	69.6094	69.672
2339	69.6094	69.6134
2340	69.6094	69.7357
2341	69.6094	69.6581
2342	69.6094	69.7142
2343	69.6094	69.6464
2344	69.6094	69.7241
2345	69.6094	69.748
2346	69.6094	69.6262
2347	69.6094	69.9213
2348	69.6094	70.066
2349	69.6094	69.6603
2350	69.6094	69.8777
2351	69.6094	69.7993
2352	69.6094	69.8659
2353	69.6094	69.7156
2354	69.6094	69.7214
2355	69.6094	69.6696
2356	69.6094	69.6094
2357	69.6094	69.6508
2358	69.6094	69.7027
2359	69.6094	69.6414
2360	69.6094	69.6751
2361	69.6094	69.7123
2362	69.6094	69.9032
2363	69.6094	69.6267
2364	69.6094	69.6094
2365	69.6094	69.6525
2366	69.6094	69.6674
2367	69.6094	69.6677
2368	69.6094	69.6839
2369	69.6094	69.7789
2370	69.6094	69.6563
2371	69.6094	69.6545
2372	69.6094	69.6451
2373	69.6094	69.7674
2374	69.6094	69.7924
2375	69.6094	69.7762
2376	69.6094	69.6096
2377	69.6094	69.6095
2378	69.6094	69.6094
2379	69.6094	69.6094
2380	69.6094	69.6227
2381	69.6094	69.6732
2382	69.6094	69.6094
2383	69.6094	69.6625
2384	69.6094	69.869
2385	69.6094	69.744
2386	69.6094	69.6331
2387	69.6094	69.679
2388	69.6094	69.7676
2389	69.6094	69.7084
2390	69.6094	69.9722
2391	69.6094	69.9189
2392	69.6094	69.6448
2393	69.6094	69.6094
2394	69.6094	69.6105
2395	69.6094	69.6147
2396	69.6094	69.6713
2397	69.6094	69.6409
2398	69.6094	69.6696
2399	69.6094	69.7553
2400	69.6094	69.715
2401	69.6094	69.6669
2402	69.6094	69.6486
2403	69.6094	69.6109
2404	69.6094	69.6124
2405	69.6094	69.79
2406	69.6094	69.6094
2407	69.6094	69.6153
2408	69.6094	69.6094
2409	69.6094	69.6094
2410	69.6094	69.6332
2411	69.6094	69.7621
2412	69.6094	69.6629
2413	69.6094	69.6205
2414	69.6094	69.6221
2415	69.6094	69.6094
2416	69.6094	69.6094
2417	69.6094	69.6094
2418	69.6094	69.6094
2419	69.6094	69.6205
2420	69.6094	69.7356
2421	69.6094	69.6551
2422	69.6094	69.6245
2423	69.6094	69.6094
2424	69.6094	69.6109
2425	69.6094	69.6094
2426	69.6094	69.6094
2427	69.6094	69.6317
2428	69.6094	69.7011
2429	69.6094	69.6094
2430	69.6094	69.7539
2431	69.6094	69.6854
2432	69.6094	69.611
2433	69.6094	69.6352
2434	69.6094	69.6094
2435	69.6094	69.6129
2436	69.6094	69.6239
2437	69.6094	69.663
2438	69.6094	69.7094
2439	69.6094	69.6363
2440	69.6094	69.6094
2441	69.6094	69.6874
2442	69.6094	69.64
2443	69.6094	69.7069
2444	69.6094	69.7004
2445	69.6094	69.6156
2446	69.6094	69.9363
2447	69.6094	69.6273
2448	69.6094	69.7354
2449	69.6094	69.7779
2450	69.6094	69.7134
2451	69.6094	69.6208
2452	69.6094	69.6094
2453	69.6094	69.6615
2454	69.6094	69.6094
2455	69.6094	69.6094
2456	69.6094	69.6144
2457	69.6094	69.9513
2458	69.6094	69.6113
2459	69.6094	69.6094
2460	69.6094	69.6133
2461	69.6094	69.6843
2462	69.6094	69.7221
2463	69.6094	69.649
2464	69.6094	69.6094
2465	69.6094	69.6113
2466	69.6094	69.6094
2467	69.6094	69.6094
2468	69.6094	69.7616
2469	69.6094	69.6419
2470	69.6094	69.6303
2471	69.6094	69.6736
2472	69.6094	69.7169
2473	69.6094	69.6444
2474	69.6094	69.6094
2475	69.6094	69.6615
2476	69.6094	69.6146
2477	69.6094	69.6256
2478	69.6094	69.6232
2479	69.6094	69.7033
2480	69.6094	69.683
2481	69.6094	69.6094
2482	69.6094	69.6537
2483	69.6094	69.7646
2484	69.6094	69.6763
2485	69.6094	69.6094
2486	69.6094	69.6094
2487	69.6094	69.6094
2488	69.6094	69.6273
2489	69.6094	69.6244
2490	69.6094	69.6957
2491	69.6094	69.6094
2492	69.6094	69.715
2493	69.6094	69.6094
2494	69.6094	69.6838
2495	69.6094	69.6744
2496	69.6094	69.6274
2497	69.6094	69.6483
2498	69.6094	69.6163
2499	69.6094	69.6094
2500	69.6094	69.6094
2501	69.6094	69.6094
2502	69.6094	69.6094
2503	69.6094	69.6094
2504	69.6094	69.6094
2505	69.6094	69.6094
2506	69.6094	69.7
2507	69.6094	69.7341
2508	69.6094	69.6997
2509	69.6094	69.6969
2510	69.6094	69.6295
2511	69.6094	69.6094
2512	69.6094	69.6094
2513	69.6094	69.6094
2514	69.6094	69.6094
2515	69.6094	69.6663
2516	69.6094	69.887
2517	69.6094	69.7413
2518	69.6094	69.7801
2519	69.6094	69.7059
2520	69.6094	69.6698
2521	69.6094	69.6385
2522	69.6094	69.6094
2523	69.6094	69.6128
2524	69.6094	69.6099
2525	69.6094	69.6215
2526	69.6094	69.7078
2527	69.6094	69.7523
2528	69.6094	69.658
2529	69.6094	69.6094
2530	69.6094	69.6493
2531	69.6094	69.9252
2532	69.6094	69.6413
2533	69.6094	69.7638
2534	69.6094	69.657
2535	69.6094	69.7466
2536	69.6094	69.6539
2537	69.6094	69.6094
2538	69.6094	69.6094
2539	69.6094	69.6603
2540	69.6094	69.7557
2541	69.6094	69.8462
2542	69.6094	70.1092
2543	69.6094	70.0066
2544	69.6094	69.6703
2545	69.6094	69.6124
2546	69.6094	69.6094
2547	69.6094	69.7309
2548	69.6094	69.7305
2549	69.6094	69.6094
2550	69.6094	69.6094
2551	69.6094	69.653
2552	69.6094	69.6403
2553	69.6094	69.654
2554	69.6094	69.6896
2555	69.6094	69.6831
2556	69.6094	69.6176
2557	69.6094	69.7613
2558	69.6094	69.7647
2559	69.6094	69.6246
2560	69.6094	69.6675
2561	69.6094	69.6782
2562	69.6094	69.6289
2563	69.6094	69.6199
2564	69.6094	69.6236
2565	69.6094	69.6094
2566	69.6094	69.6094
2567	69.6094	69.6118
2568	69.6094	69.6512
2569	69.6094	69.6415
2570	69.6094	69.616
2571	69.6094	69.7106
2572	69.6094	69.6105
2573	69.6094	69.6872
2574	69.6094	69.6243
2575	69.6094	69.6749
2576	69.6094	69.6591
2577	69.6094	69.767
2578	69.6094	69.6113
2579	69.6094	69.6094
2580	69.6094	69.6094
2581	69.6094	69.8635
2582	69.6094	69.6094
2583	69.6094	69.6204
2584	69.6094	69.6213
2585	69.6094	69.6094
2586	69.6094	69.6094
2587	69.6094	69.6421
2588	69.6094	69.6473
2589	69.6094	69.6094
2590	69.6094	69.6175
2591	69.6094	69.614
2592	69.6094	69.6759
2593	69.6094	69.6094
2594	69.6094	69.6094
2595	69.6094	69.6235
2596	69.6094	69.6106
2597	69.6094	69.6302
2598	69.6094	69.681
2599	69.6094	69.6663
2600	69.6094	69.6094
2601	69.6094	69.6442
2602	69.6094	69.6652
2603	69.6094	69.6504
2604	69.6094	69.6955
2605	69.6094	69.7489
2606	69.6094	69.8609
2607	69.6094	69.6676
2608	69.6094	69.628
2609	69.6094	69.6244
2610	69.6094	69.7659
2611	69.6094	69.8622
2612	69.6094	69.7377
2613	69.6094	69.634
2614	69.6094	69.7559
2615	69.6094	69.6709
2616	69.6094	69.6373
2617	69.6094	69.635
2618	69.6094	69.6094
2619	69.6094	69.6094
2620	69.6094	69.6294
2621	69.6094	69.6094
2622	69.6094	69.6094
2623	69.6094	69.6094
2624	69.6094	69.6094
2625	69.6094	69.6217
2626	69.6094	69.6324
2627	69.6094	69.807
2628	69.6094	69.6304
2629	69.6094	69.6099
2630	69.6094	69.6094
2631	69.6094	69.6094
2632	69.6094	69.6094
2633	69.6094	69.6094
2634	69.6094	69.6554
2635	69.6094	69.6248
2636	69.6094	69.9442
2637	69.6094	69.6713
2638	69.6094	69.6895
2639	69.6094	69.8253
2640	69.6094	69.6201
2641	69.6094	69.6559
2642	69.6094	69.724
2643	69.6094	69.7934
2644	69.6094	70.0771
2645	69.6094	69.8058
2646	69.6094	69.6744
2647	69.6094	69.6265
2648	69.6094	69.6227
2649	69.6094	69.6094
2650	69.6094	69.6094
2651	69.6094	69.6094
2652	69.6094	69.7984
2653	69.6094	69.6154
2654	69.6094	69.6094
2655	69.6094	69.6095
2656	69.6094	69.6094
2657	69.6094	69.6398
2658	69.6094	69.8152
2659	69.6094	69.9241
2660	69.6094	70.0489
2661	69.6094	70.1944
2662	69.6094	69.7166
2663	69.6094	69.6121
2664	69.6094	69.7167
2665	69.6094	69.7488
2666	69.6094	69.6217
2667	69.6094	69.7993
2668	69.6094	69.6517
2669	69.6094	69.6094
2670	69.6094	69.6094
2671	69.6094	69.6939
2672	69.6094	69.6094
2673	69.6094	69.6094
2674	69.6094	69.6094
2675	69.6094	69.6395
2676	69.6094	69.756
2677	69.6094	69.7186
2678	69.6094	69.8759
2679	69.6094	69.6414
2680	69.6094	69.6094
2681	69.6094	69.6094
2682	69.6094	69.6094
2683	69.6094	69.6094
2684	69.6094	69.7933
2685	69.6094	69.9453
2686	69.6094	69.6113
2687	69.6094	69.6094
2688	69.6094	69.6094
2689	69.6094	69.7898
2690	69.6094	69.6702
2691	69.6094	69.6503
2692	69.6094	69.6118
2693	69.6094	69.6457
2694	69.6094	69.6441
2695	69.6094	69.6094
2696	69.6094	69.6094
2697	69.6094	69.6094
2698	69.6094	69.6094
2699	69.6094	69.6094
2700	69.6094	69.6094
2701	69.6094	69.6094
2702	69.6094	69.6165
2703	69.6094	69.6145
2704	69.6094	69.6094
2705	69.6094	69.618
2706	69.6094	69.6094
2707	69.6094	69.6094
2708	69.6094	69.6125
2709	69.6094	69.6212
2710	69.6094	69.6162
2711	69.6094	69.7407
2712	69.6094	69.6161
2713	69.6094	69.6496
2714	69.6094	69.6325
2715	69.6094	69.7493
2716	69.6094	69.8814
2717	69.6094	69.6843
2718	69.6094	69.6364
2719	69.6094	69.6094
2720	69.6094	69.6121
2721	69.6094	69.6094
2722	69.6094	69.7104
2723	69.6094	69.7028
2724	69.6094	69.733
2725	69.6094	69.8061
2726	69.6094	69.7237
2727	69.6094	69.648
2728	69.6094	69.6685
2729	69.6094	69.8242
2730	69.6094	69.701
2731	69.6094	69.7951
2732	69.6094	69.7988
2733	69.6094	69.7054
2734	69.6094	69.8762
2735	69.6094	69.6344
2736	69.6094	69.7624
2737	69.6094	69.6094
2738	69.6094	69.6094
2739	69.6094	69.7813
2740	69.6094	69.6822
2741	69.6094	69.65
2742	69.6094	69.6094
2743	69.6094	69.6186
2744	69.6094	69.6867
2745	69.6094	69.6909
2746	69.6094	69.627
2747	69.6094	69.8612
2748	69.6094	69.7233
2749	69.6094	69.6416
2750	69.6094	69.6094
2751	69.6094	69.6536
2752	69.6094	69.6096
2753	69.6094	69.6094
2754	69.6094	69.6094
2755	69.6094	69.6301
2756	69.6094	69.616
2757	69.6094	69.9901
2758	69.6094	69.7559
2759	69.6094	69.7455
2760	69.6094	69.669
2761	69.6094	69.613
2762	69.6094	69.7024
2763	69.6094	69.6405
2764	69.6094	69.6182
2765	69.6094	69.6704
2766	69.6094	69.6454
2767	69.6094	69.6146
2768	69.6094	69.6107
2769	69.6094	69.6499
2770	69.6094	69.6094
2771	69.6094	69.6337
2772	69.6094	69.8988
2773	69.6094	69.8169
2774	69.6094	69.707
2775	69.6094	69.6503
2776	69.6094	69.6538
2777	69.6094	69.6094
2778	69.6094	69.6094
2779	69.6094	69.6565
2780	69.6094	69.6387
2781	69.6094	69.6312
2782	69.6094	69.8044
2783	69.6094	69.6861
2784	69.6094	69.6094
2785	69.6094	69.6094
2786	69.6094	69.6094
2787	69.6094	69.6094
2788	69.6094	69.6697
2789	69.6094	69.7541
2790	69.6094	69.6316
2791	69.6094	69.6094
2792	69.6094	69.6094
2793	69.6094	69.6502
2794	69.6094	69.6561
2795	69.6094	69.7536
2796	69.6094	69.7413
2797	69.6094	69.7055
2798	69.6094	69.6723
2799	69.6094	69.6338
2800	69.6094	69.6094
2801	69.6094	69.615
2802	69.6094	69.6094
2803	69.6094	69.6199
2804	69.6094	69.6255
2805	69.6094	69.6094
2806	69.6094	69.6459
2807	69.6094	69.8265
2808	69.6094	69.6486
2809	69.6094	69.7316
2810	69.6094	69.6094
2811	69.6094	69.6542
2812	69.6094	69.7435
2813	69.6094	69.7238
2814	69.6094	69.7084
2815	69.6094	69.7565
2816	69.6094	69.6687
2817	69.6094	69.6923
2818	69.6094	70.0462
2819	69.6094	69.6994
2820	69.6094	69.6446
2821	69.6094	69.6597
2822	69.6094	69.6425
2823	69.6094	69.6854
2824	69.6094	69.6136
2825	69.6094	69.6094
2826	69.6094	69.8288
2827	69.6094	69.7256
2828	69.6094	69.6207
2829	69.6094	69.6688
2830	69.6094	69.6545
2831	69.6094	69.6456
2832	69.6094	69.6694
2833	69.6094	69.7292
2834	69.6094	69.8296
2835	69.6094	69.6753
2836	69.6094	69.6439
2837	69.6094	69.7508
2838	69.6094	69.6831
2839	69.6094	69.6428
2840	69.6094	69.6555
2841	69.6094	69.7371
2842	69.6094	69.645
2843	69.6094	69.6979
2844	69.6094	69.6462
2845	69.6094	69.6486
2846	69.6094	69.6094
2847	69.6094	69.7141
2848	69.6094	69.7543
2849	69.6094	69.7528
2850	69.6094	69.6562
2851	69.6094	69.6882
2852	69.6094	69.6241
2853	69.6094	69.6094
2854	69.6094	69.6094
2855	69.6094	69.6094
2856	69.6094	69.6094
2857	69.6094	69.6144
2858	69.6094	69.6603
2859	69.6094	69.6356
2860	69.6094	69.6348
2861	69.6094	69.659
2862	69.6094	69.7905
2863	69.6094	69.6098
2864	69.6094	69.6094
2865	69.6094	69.6465
2866	69.6094	69.614
2867	69.6094	69.6094
2868	69.6094	69.6812
2869	69.6094	69.6356
2870	69.6094	69.6552
2871	69.6094	69.6909
2872	69.6094	69.9398
2873	69.6094	69.7048
2874	69.6094	69.6106
2875	69.6094	69.6272
2876	69.6094	69.6325
2877	69.6094	69.8862
2878	69.6094	69.6781
2879	69.6094	69.7053
2880	69.6094	69.6132
2881	69.6094	69.6094
2882	69.6094	69.6094
2883	69.6094	69.6094
2884	69.6094	69.6575
2885	69.6094	69.6469
2886	69.6094	69.7095
2887	69.6094	69.6792
2888	69.6094	69.6758
2889	69.6094	69.6097
2890	69.6094	69.6747
2891	69.6094	69.8449
2892	69.6094	69.8863
2893	69.6094	69.6112
2894	69.6094	69.7379
2895	69.6094	69.6094
2896	69.6094	69.6094
2897	69.6094	69.6094
2898	69.6094	69.6094
2899	69.6094	69.7386
2900	69.6094	69.8076
2901	69.6094	69.7192
2902	69.6094	69.669
2903	69.6094	69.684
2904	69.6094	69.6986
2905	69.6094	69.6113
2906	69.6094	69.6401
2907	69.6094	69.6094
2908	69.6094	69.6133
2909	69.6094	69.7599
2910	69.6094	69.6993
2911	69.6094	69.6226
2912	69.6094	69.6444
2913	69.6094	69.8351
2914	69.6094	69.8002
2915	69.6094	69.6425
2916	69.6094	69.6117
2917	69.6094	69.6997
2918	69.6094	69.616
2919	69.6094	69.6094
2920	69.6094	69.6094
2921	69.6094	69.6094
2922	69.6094	69.6094
2923	69.6094	69.6094
2924	69.6094	69.6604
2925	69.6094	69.6094
2926	69.6094	69.6557
2927	69.6094	69.6652
2928	69.6094	69.6694
2929	69.6094	69.6167
2930	69.6094	69.6177
2931	69.6094	69.6094
2932	69.6094	69.6126
2933	69.6094	69.6894
2934	69.6094	69.832
2935	69.6094	69.6094
2936	69.6094	69.6094
2937	69.6094	69.6094
2938	69.6094	69.6342
2939	69.6094	69.6094
2940	69.6094	69.6094
2941	69.6094	69.6152
2942	69.6094	69.7833
2943	69.6094	69.7371
2944	69.6094	70.0139
2945	69.6094	69.6154
2946	69.6094	69.6138
2947	69.6094	69.6094
2948	69.6094	69.6094
2949	69.6094	69.6332
2950	69.6094	69.6094
2951	69.6094	69.6094
2952	69.6094	69.6451
2953	69.6094	69.7288
2954	69.6094	69.756
2955	69.6094	69.8513
2956	69.6094	69.6822
2957	69.6094	69.6116
2958	69.6094	69.6116
2959	69.6094	69.6094
2960	69.6094	69.6094
2961	69.6094	69.6562
2962	69.6094	69.6263
2963	69.6094	69.6833
2964	69.6094	69.6315
2965	69.6094	69.7207
2966	69.6094	69.6242
2967	69.6094	69.6398
2968	69.6094	69.6537
2969	69.6094	69.8043
2970	69.6094	69.7393
2971	69.6094	69.6274
2972	69.6094	69.6367
2973	69.6094	69.6111
2974	69.6094	69.7042
2975	69.6094	69.6429
2976	69.6094	69.6094
2977	69.6094	69.6094
2978	69.6094	69.6433
2979	69.6094	69.7942
2980	69.6094	69.7748
2981	69.6094	69.7001
2982	69.6094	69.7649
2983	69.6094	69.713
2984	69.6094	69.7088
2985	69.6094	69.6825
2986	69.6094	69.6206
2987	69.6094	69.6616
2988	69.6094	69.648
2989	69.6094	69.6247
2990	69.6094	69.6359
2991	69.6094	69.6094
2992	69.6094	69.6094
2993	69.6094	69.6094
2994	69.6094	69.682
2995	69.6094	69.6698
2996	69.6094	69.624
2997	69.6094	69.6094
2998	69.6094	69.6623
2999	69.6094	69.7965
3000	69.6094	69.6708
3001	69.6094	69.7247
3002	69.6094	69.6436
3003	69.6094	69.7651
3004	69.6094	69.761
3005	69.6094	69.6637
3006	69.6094	69.6398
3007	69.6094	69.6297
3008	69.6094	69.6377
3009	69.6094	69.6262
3010	69.6094	69.7442
3011	69.6094	69.7114
3012	69.6094	69.707
3013	69.6094	69.6645
3014	69.6094	69.614
3015	69.6094	69.6094
3016	69.6094	69.6148
3017	69.6094	69.6094
3018	69.6094	69.6302
3019	69.6094	69.6318
3020	69.6094	69.6634
3021	69.6094	69.6335
3022	69.6094	69.6484
3023	69.6094	69.8464
3024	69.6094	69.6099
3025	69.6094	69.6331
3026	69.6094	69.6527
3027	69.6094	69.65
3028	69.6094	69.6126
3029	69.6094	69.6658
3030	69.6094	69.7098
3031	69.6094	69.6094
3032	69.6094	69.612
3033	69.6094	69.6149
3034	69.6094	69.6213
3035	69.6094	69.6095
3036	69.6094	69.8251
3037	69.6094	69.9744
3038	69.6094	69.6183
3039	69.6094	69.6728
3040	69.6094	69.6153
3041	69.6094	69.6094
3042	69.6094	69.7055
3043	69.6094	69.7457
3044	69.6094	69.6323
3045	69.6094	69.6094
3046	69.6094	69.6094
3047	69.6094	69.6094
3048	69.6094	69.6122
3049	69.6094	69.6443
3050	69.6094	69.6395
3051	69.6094	69.6324
3052	69.6094	69.649
3053	69.6094	69.6657
3054	69.6094	69.6567
3055	69.6094	69.6094
3056	69.6094	69.6094
3057	69.6094	69.6094
3058	69.6094	69.7389
3059	69.6094	69.7054
3060	69.6094	69.8231
3061	69.6094	69.7135
3062	69.6094	69.6898
3063	69.6094	69.6094
3064	69.6094	69.6726
3065	69.6094	69.6612
3066	69.6094	69.6275
3067	69.6094	69.6329
3068	69.6094	69.6154
3069	69.6094	69.61
3070	69.6094	69.6094
3071	69.6094	69.6232
3072	69.6094	69.6094
3073	69.6094	69.6891
3074	69.6094	69.6094
3075	69.6094	69.6094
3076	69.6094	69.8222
3077	69.6094	69.8098
3078	69.6094	69.8145
3079	69.6094	69.7572
3080	69.6094	69.7511
3081	69.6094	69.7847
3082	69.6094	69.7017
3083	69.6094	69.6615
3084	69.6094	69.8396
3085	69.6094	69.7178
3086	69.6094	69.6094
3087	69.6094	69.6211
3088	69.6094	69.611
3089	69.6094	69.9271
3090	69.6094	69.6372
3091	69.6094	69.7824
3092	69.6094	69.8664
3093	69.6094	69.9377
3094	69.6094	69.8211
3095	69.6094	69.6259
3096	69.6094	69.7391
3097	69.6094	69.9642
3098	69.6094	69.6294
3099	69.6094	69.6361
3100	69.6094	69.6094
3101	69.6094	69.6094
3102	69.6094	69.6257
3103	69.6094	69.7074
3104	69.6094	69.6962
3105	69.6094	69.6542
3106	69.6094	69.7633
3107	69.6094	69.7285
3108	69.6094	69.7686
3109	69.6094	69.9488
3110	69.6094	69.8355
3111	69.6094	69.7363
3112	69.6094	69.8258
3113	69.6094	69.6094
3114	69.6094	69.6094
3115	69.6094	69.7823
3116	69.6094	69.9284
3117	69.6094	69.8305
3118	69.6094	69.6373
3119	69.6094	69.7065
3120	69.6094	69.6518
3121	69.6094	69.6773
3122	69.6094	69.6238
3123	69.6094	69.6098
3124	69.6094	69.6305
3125	69.6094	69.6094
3126	69.6094	69.648
3127	69.6094	69.6094
3128	69.6094	69.7526
3129	69.6094	69.8184
3130	69.6094	69.678
3131	69.6094	69.8662
3132	69.6094	69.6182
3133	69.6094	69.7229
3134	69.6094	69.6094
3135	69.6094	69.6109
3136	69.6094	69.621
3137	69.6094	69.6094
3138	69.6094	69.7016
3139	69.6094	69.6094
3140	69.6094	69.6094
3141	69.6094	69.6372
3142	69.6094	69.8898
3143	69.6094	69.7395
3144	69.6094	69.8119
3145	69.6094	69.8531
3146	69.6094	69.7317
3147	69.6094	70.0312
3148	69.6094	69.7613
3149	69.6094	69.6881
3150	69.6094	69.731
3151	69.6094	69.7224
3152	69.6094	69.7602
3153	69.6094	69.6208
3154	69.6094	69.6657
3155	69.6094	69.7008
3156	69.6094	69.6801
3157	69.6094	69.6094
3158	69.6094	69.6277
3159	69.6094	69.6125
3160	69.6094	69.6241
3161	69.6094	69.6147
3162	69.6094	69.7569
3163	69.6094	69.7005
3164	69.6094	69.7298
3165	69.6094	69.7812
3166	69.6094	69.6919
3167	69.6094	69.6955
3168	69.6094	69.6229
3169	69.6094	69.7138
3170	69.6094	69.9443
3171	69.6094	69.897
3172	69.6094	69.8769
3173	69.6094	69.9101
3174	69.6094	69.8494
3175	69.6094	69.6861
3176	69.6094	69.7051
3177	69.6094	69.6094
3178	69.6094	69.671
3179	69.6094	69.6218
3180	69.6094	69.6547
3181	69.6094	69.611
3182	69.6094	69.7255
3183	69.6094	69.7027
3184	69.6094	69.8538
3185	69.6094	69.8073
3186	69.6094	69.6094
3187	69.6094	69.6197
3188	69.6094	69.6117
3189	69.6094	69.6094
3190	69.6094	69.6374
3191	69.6094	69.636
3192	69.6094	69.6612
3193	69.6094	69.8503
3194	69.6094	69.6858
3195	69.6094	69.6901
3196	69.6094	69.624
3197	69.6094	69.6204
3198	69.6094	69.6094
3199	69.6094	69.7831
3200	69.6094	69.6094
3201	69.6094	69.7211
3202	69.6094	69.6094
3203	69.6094	69.6613
3204	69.6094	69.6094
3205	69.6094	69.8023
3206	69.6094	69.6094
3207	69.6094	69.6727
3208	69.6094	69.6094
3209	69.6094	69.6592
3210	69.6094	69.6094
3211	69.6094	69.6724
3212	69.6094	69.6094
3213	69.6094	69.6183
3214	69.6094	69.6119
3215	69.6094	69.6349
3216	69.6094	69.6094
3217	69.6094	69.7075
3218	69.6094	69.8735
3219	69.6094	69.7758
3220	69.6094	69.6887
3221	69.6094	69.6094
3222	69.6094	69.6094
3223	69.6094	69.6094
3224	69.6094	69.6094
3225	69.6094	69.6658
3226	69.6094	69.6626
3227	69.6094	69.7565
3228	69.6094	69.621
3229	69.6094	69.6094
3230	69.6094	69.6513
3231	69.6094	69.6145
3232	69.6094	69.6411
3233	69.6094	69.6495
3234	69.6094	69.7379
3235	69.6094	69.735
3236	69.6094	69.6182
3237	69.6094	69.6094
3238	69.6094	69.6094
3239	69.6094	69.6125
3240	69.6094	69.694
3241	69.6094	69.6966
3242	69.6094	69.6471
3243	69.6094	69.6229
3244	69.6094	69.7702
3245	69.6094	69.764
3246	69.6094	69.7346
3247	69.6094	69.7674
3248	69.6094	69.7031
3249	69.6094	69.7305
3250	69.6094	69.7257
3251	69.6094	69.6345
3252	69.6094	69.612
3253	69.6094	69.6347
3254	69.6094	69.6094
3255	69.6094	69.6094
3256	69.6094	69.6204
3257	69.6094	69.8329
3258	69.6094	69.6639
3259	69.6094	69.7618
3260	69.6094	69.791
3261	69.6094	69.6682
3262	69.6094	69.6729
3263	69.6094	69.6497
3264	69.6094	69.6745
3265	69.6094	69.6858
3266	69.6094	69.6306
3267	69.6094	69.6833
3268	69.6094	69.6349
3269	69.6094	69.6333
3270	69.6094	69.623
3271	69.6094	69.6163
3272	69.6094	69.8249
3273	69.6094	69.6094
3274	69.6094	69.7236
3275	69.6094	69.6094
3276	69.6094	69.6094
3277	69.6094	69.6094
3278	69.6094	69.6094
3279	69.6094	69.6842
3280	69.6094	69.6756
3281	69.6094	69.6504
3282	69.6094	69.6094
3283	69.6094	69.6215
3284	69.6094	69.611
3285	69.6094	69.6129
3286	69.6094	69.6262
3287	69.6094	69.6094
3288	69.6094	69.6094
3289	69.6094	69.6685
3290	69.6094	70.278
3291	69.6094	70.0545
3292	69.6094	69.6387
3293	69.6094	69.662
3294	69.6094	69.6122
3295	69.6094	69.6094
3296	69.6094	69.6352
3297	69.6094	69.6151
3298	69.6094	69.6374
3299	69.6094	69.663
3300	69.6094	69.6106
3301	69.6094	69.6206
3302	69.6094	69.6151
3303	69.6094	69.6094
3304	69.6094	69.8327
3305	69.6094	69.8684
3306	69.6094	69.6959
3307	69.6094	69.6555
3308	69.6094	69.7852
3309	69.6094	69.7573
3310	69.6094	69.6713
3311	69.6094	69.6246
3312	69.6094	69.6094
3313	69.6094	69.6448
3314	69.6094	69.7662
3315	69.6094	69.656
3316	69.6094	69.6319
3317	69.6094	69.6782
3318	69.6094	69.6952
3319	69.6094	69.6715
3320	69.6094	69.6094
3321	69.6094	69.6249
3322	69.6094	69.7355
3323	69.6094	69.6559
3324	69.6094	69.6269
3325	69.6094	69.7031
3326	69.6094	69.6094
3327	69.6094	69.6299
3328	69.6094	69.6386
3329	69.6094	69.6094
3330	69.6094	69.741
3331	69.6094	69.715
3332	69.6094	69.7009
3333	69.6094	69.6094
3334	69.6094	69.6094
3335	69.6094	69.6094
3336	69.6094	69.8
3337	69.6094	69.6169
3338	69.6094	69.653
3339	69.6094	69.6168
3340	69.6094	69.612
3341	69.6094	69.9144
3342	69.6094	69.6222
3343	69.6094	69.6937
3344	69.6094	69.6249
3345	69.6094	69.6153
3346	69.6094	69.7102
3347	69.6094	69.7753
3348	69.6094	69.6588
3349	69.6094	69.8243
3350	69.6094	69.9216
3351	69.6094	69.6503
3352	69.6094	69.6443
3353	69.6094	69.803
3354	69.6094	69.6568
3355	69.6094	69.6325
3356	69.6094	69.7576
3357	69.6094	69.672
3358	69.6094	69.7905
3359	69.6094	69.7374
3360	69.6094	69.8566
3361	69.6094	69.7138
3362	69.6094	69.6173
3363	69.6094	69.6137
3364	69.6094	69.6094
3365	69.6094	69.6094
3366	69.6094	69.6199
3367	69.6094	69.6094
3368	69.6094	69.6367
3369	69.6094	69.6965
3370	69.6094	69.6729
3371	69.6094	69.6267
3372	69.6094	69.6626
3373	69.6094	69.6422
3374	69.6094	69.6094
3375	69.6094	69.6382
3376	69.6094	69.7791
3377	69.6094	69.7059
3378	69.6094	69.7178
3379	69.6094	69.6497
3380	69.6094	69.6312
3381	69.6094	69.6094
3382	69.6094	69.6104
3383	69.6094	69.6094
3384	69.6094	69.6094
3385	69.6094	69.6315
3386	69.6094	69.6206
3387	69.6094	69.6094
3388	69.6094	69.6509
3389	69.6094	69.726
3390	69.6094	69.656
3391	69.6094	69.6789
3392	69.6094	69.634
3393	69.6094	69.6525
3394	69.6094	69.9679
3395	69.6094	69.7142
3396	69.6094	69.718
3397	69.6094	69.6582
3398	69.6094	69.6219
3399	69.6094	69.7031
3400	69.6094	69.6817
3401	69.6094	69.6886
3402	69.6094	69.6094
3403	69.6094	69.6275
3404	69.6094	69.6493
3405	69.6094	69.689
3406	69.6094	69.6168
3407	69.6094	69.6094
3408	69.6094	69.7942
3409	69.6094	69.6173
3410	69.6094	69.6094
3411	69.6094	69.7146
3412	69.6094	69.8439
3413	69.6094	69.6895
3414	69.6094	69.6094
3415	69.6094	69.6094
3416	69.6094	69.6094
3417	69.6094	69.8699
3418	69.6094	69.6094
3419	69.6094	69.7115
3420	69.6094	69.6094
3421	69.6094	69.6094
3422	69.6094	69.6094
3423	69.6094	69.6094
3424	69.6094	69.7816
3425	69.6094	69.9296
3426	69.6094	69.7313
3427	69.6094	69.8096
3428	69.6094	69.6896
3429	69.6094	69.7241
3430	69.6094	69.624
3431	69.6094	69.6094
3432	69.6094	69.6094
3433	69.6094	69.6094
3434	69.6094	69.6304
3435	69.6094	69.6428
3436	69.6094	69.7013
3437	69.6094	69.7661
3438	69.6094	69.6958
3439	69.6094	69.6094
3440	69.6094	69.6278
3441	69.6094	69.6475
3442	69.6094	69.7105
3443	69.6094	69.6255
3444	69.6094	69.7202
3445	69.6094	69.7021
3446	69.6094	69.6196
3447	69.6094	69.6094
3448	69.6094	69.6111
3449	69.6094	69.6498
3450	69.6094	69.6659
3451	69.6094	69.6105
3452	69.6094	69.7503
3453	69.6094	69.8749
3454	69.6094	69.6543
3455	69.6094	69.784
3456	69.6094	69.7834
3457	69.6094	69.6462
3458	69.6094	69.6802
3459	69.6094	69.6433
3460	69.6094	69.7458
3461	69.6094	69.6297
3462	69.6094	69.6164
3463	69.6094	69.8258
3464	69.6094	69.7226
3465	69.6094	69.719
3466	69.6094	69.6264
3467	69.6094	69.6094
3468	69.6094	69.7093
3469	69.6094	69.8056
3470	69.6094	69.6526
3471	69.6094	69.658
3472	69.6094	69.8052
3473	69.6094	69.678
3474	69.6094	69.9955
3475	69.6094	69.9226
3476	69.6094	69.6666
3477	69.6094	69.9043
3478	69.6094	69.7635
3479	69.6094	69.6769
3480	69.6094	69.6338
3481	69.6094	69.6094
3482	69.6094	69.6114
3483	69.6094	69.6621
3484	69.6094	69.6094
3485	69.6094	69.6595
3486	69.6094	69.746
3487	69.6094	69.675
3488	69.6094	69.6248
3489	69.6094	69.6727
3490	69.6094	69.7445
3491	69.6094	69.7037
3492	69.6094	69.7733
3493	69.6094	69.634
3494	69.6094	69.6379
3495	69.6094	69.7239
3496	69.6094	69.7073
3497	69.6094	69.6971
3498	69.6094	69.7729
3499	69.6094	69.6979
3500	69.6094	69.6937
3501	69.6094	69.614
3502	69.6094	69.6495
3503	69.6094	69.6094
3504	69.6094	69.7378
3505	69.6094	69.8851
3506	69.6094	69.8447
3507	69.6094	69.6094
3508	69.6094	69.6094
3509	69.6094	69.6094
3510	69.6094	69.7951
3511	69.6094	69.6514
3512	69.6094	69.669
3513	69.6094	69.7113
3514	69.6094	69.6194
3515	69.6094	69.6486
3516	69.6094	69.6442
3517	69.6094	69.6094
3518	69.6094	69.6878
3519	69.6094	69.6094
3520	69.6094	69.6094
3521	69.6094	69.6179
3522	69.6094	69.6632
3523	69.6094	69.6094
3524	69.6094	69.6328
3525	69.6094	69.6094
3526	69.6094	69.6316
3527	69.6094	69.6393
3528	69.6094	69.6435
3529	69.6094	69.6849
3530	69.6094	69.7377
3531	69.6094	69.7146
3532	69.6094	69.6276
3533	69.6094	69.8243
3534	69.6094	69.6435
3535	69.6094	69.6094
3536	69.6094	69.6218
3537	69.6094	69.6929
3538	69.6094	69.6892
3539	69.6094	69.6534
3540	69.6094	69.6635
3541	69.6094	69.6094
3542	69.6094	69.64
3543	69.6094	69.697
3544	69.6094	69.8681
3545	69.6094	69.9559
3546	69.6094	69.6234
3547	69.6094	69.6188
3548	69.6094	69.6094
3549	69.6094	69.617
3550	69.6094	69.6094
3551	69.6094	69.6708
3552	69.6094	69.6267
3553	69.6094	69.6094
3554	69.6094	69.6094
3555	69.6094	69.6094
3556	69.6094	69.6227
3557	69.6094	69.7094
3558	69.6094	69.6165
3559	69.6094	69.6361
3560	69.6094	69.6094
3561	69.6094	69.7178
3562	69.6094	69.7359
3563	69.6094	69.6675
3564	69.6094	69.6813
3565	69.6094	69.6307
3566	69.6094	69.6181
3567	69.6094	69.8037
3568	69.6094	69.9387
3569	69.6094	69.6517
3570	69.6094	69.9015
3571	69.6094	69.626
3572	69.6094	69.6577
3573	69.6094	69.689
3574	69.6094	69.82
3575	69.6094	69.6569
3576	69.6094	69.7795
3577	69.6094	69.6101
3578	69.6094	69.6161
3579	69.6094	69.7012
3580	69.6094	69.7097
3581	69.6094	69.671
3582	69.6094	69.6575
3583	69.6094	69.6369
3584	69.6094	69.6346
3585	69.6094	69.6222
3586	69.6094	69.6364
3587	69.6094	69.6337
3588	69.6094	69.7081
3589	69.6094	69.6524
3590	69.6094	69.62
3591	69.6094	69.686
3592	69.6094	69.7918
3593	69.6094	69.8887
3594	69.6094	69.8301
3595	69.6094	69.7142
3596	69.6094	69.6132
3597	69.6094	69.7739
3598	69.6094	69.8181
3599	69.6094	69.6732
3600	69.6094	69.633
3601	69.6094	69.6128
3602	69.6094	69.6722
3603	69.6094	69.6194
3604	69.6094	69.6997
3605	69.6094	69.6809
3606	69.6094	69.6904
3607	69.6094	69.6648
3608	69.6094	69.6288
3609	69.6094	69.6094
3610	69.6094	69.6325
3611	69.6094	69.7604
3612	69.6094	69.7667
3613	69.6094	69.6428
3614	69.6094	69.6761
3615	69.6094	69.6957
3616	69.6094	69.6282
3617	69.6094	69.7171
3618	69.6094	69.6618
3619	69.6094	69.7244
3620	69.6094	69.6094
3621	69.6094	69.6161
3622	69.6094	69.724
3623	69.6094	69.6094
3624	69.6094	69.6094
3625	69.6094	69.6108
3626	69.6094	69.6094
3627	69.6094	69.6094
3628	69.6094	69.6094
3629	69.6094	69.6103
3630	69.6094	69.6094
3631	69.6094	69.6289
3632	69.6094	69.6429
3633	69.6094	69.7218
3634	69.6094	69.7014
3635	69.6094	69.6141
3636	69.6094	69.6155
3637	69.6094	69.6094
3638	69.6094	69.6423
3639	69.6094	69.6824
3640	69.6094	69.8116
3641	69.6094	69.6367
3642	69.6094	69.6132
3643	69.6094	69.6094
3644	69.6094	69.6703
3645	69.6094	69.9911
3646	69.6094	69.6448
3647	69.6094	69.6094
3648	69.6094	69.6094
3649	69.6094	69.6818
3650	69.6094	69.6332
3651	69.6094	69.7663
3652	69.6094	69.6976
3653	69.6094	69.7149
3654	69.6094	69.6094
3655	69.6094	69.6573
3656	69.6094	69.6265
3657	69.6094	69.6642
3658	69.6094	69.6421
3659	69.6094	69.6647
3660	69.6094	69.6342
3661	69.6094	69.6103
3662	69.6094	69.7146
3663	69.6094	69.6594
3664	69.6094	69.6627
3665	69.6094	69.6725
3666	69.6094	69.6094
3667	69.6094	69.6407
3668	69.6094	69.6094
3669	69.6094	69.6094
3670	69.6094	69.7662
3671	69.6094	69.6492
3672	69.6094	69.6199
3673	69.6094	69.8517
3674	69.6094	69.6973
3675	69.6094	69.6356
3676	69.6094	69.6094
3677	69.6094	69.656
3678	69.6094	69.6828
3679	69.6094	69.7906
3680	69.6094	69.6272
3681	69.6094	69.6637
3682	69.6094	69.8183
3683	69.6094	69.7779
3684	69.6094	69.6806
3685	69.6094	69.6329
3686	69.6094	69.6203
3687	69.6094	69.6094
3688	69.6094	69.611
3689	69.6094	69.654
3690	69.6094	69.6692
3691	69.6094	69.6094
3692	69.6094	69.6454
3693	69.6094	69.6094
3694	69.6094	69.6101
3695	69.6094	69.6443
3696	69.6094	69.6872
3697	69.6094	69.6095
3698	69.6094	69.6094
3699	69.6094	69.6542
3700	69.6094	69.6267
3701	69.6094	69.6148
3702	69.6094	69.6094
3703	69.6094	69.6398
3704	69.6094	69.6432
3705	69.6094	69.7301
3706	69.6094	69.7032
3707	69.6094	69.6106
3708	69.6094	69.6645
3709	69.6094	69.7353
3710	69.6094	70.1802
3711	69.6094	70.1861
3712	69.6094	69.7346
3713	69.6094	69.6408
3714	69.6094	69.6094
3715	69.6094	69.6094
3716	69.6094	69.6094
3717	69.6094	69.6264
3718	69.6094	69.6094
3719	69.6094	69.6611
3720	69.6094	69.8412
3721	69.6094	69.6094
3722	69.6094	69.6932
3723	69.6094	69.7104
3724	69.6094	69.7326
3725	69.6094	69.6751
3726	69.6094	69.7919
3727	69.6094	69.6835
3728	69.6094	69.6094
3729	69.6094	69.6386
3730	69.6094	69.6121
3731	69.6094	69.6094
3732	69.6094	69.6297
3733	69.6094	69.622
3734	69.6094	69.623
3735	69.6094	69.6151
3736	69.6094	69.6197
3737	69.6094	69.6094
3738	69.6094	69.6142
3739	69.6094	69.6094
3740	69.6094	69.6094
3741	69.6094	69.6545
3742	69.6094	69.7146
3743	69.6094	69.8917
3744	69.6094	70.0327
3745	69.6094	69.7574
3746	69.6094	69.6147
3747	69.6094	69.626
3748	69.6094	69.6276
3749	69.6094	69.7237
3750	69.6094	69.6637
3751	69.6094	69.6107
3752	69.6094	69.7804
3753	69.6094	69.7718
3754	69.6094	69.6133
3755	69.6094	69.6779
3756	69.6094	69.7167
3757	69.6094	69.6758
3758	69.6094	69.828
3759	69.6094	69.6392
3760	69.6094	69.7434
3761	69.6094	69.6169
3762	69.6094	69.6459
3763	69.6094	69.6094
3764	69.6094	69.6211
3765	69.6094	69.6422
3766	69.6094	69.7479
3767	69.6094	69.7216
3768	69.6094	69.6517
3769	69.6094	69.6173
3770	69.6094	69.6411
3771	69.6094	69.6094
3772	69.6094	69.7091
3773	69.6094	69.6094
3774	69.6094	69.7878
3775	69.6094	69.6094
3776	69.6094	69.6183
3777	69.6094	69.6628
3778	69.6094	69.7272
3779	69.6094	69.648
3780	69.6094	69.6664
3781	69.6094	69.6134
3782	69.6094	69.6094
3783	69.6094	69.7107
3784	69.6094	69.6094
3785	69.6094	69.6427
3786	69.6094	69.6567
3787	69.6094	69.8138
3788	69.6094	69.6094
3789	69.6094	69.9681
3790	69.6094	69.828
3791	69.6094	69.7494
3792	69.6094	69.9193
3793	69.6094	69.6513
3794	69.6094	69.6565
3795	69.6094	69.6132
3796	69.6094	69.6155
3797	69.6094	69.6293
3798	69.6094	69.6214
3799	69.6094	69.6399
3800	69.6094	69.6145
3801	69.6094	69.6094
3802	69.6094	69.6876
3803	69.6094	70.0408
3804	69.6094	70.1027
3805	69.6094	69.7173
3806	69.6094	69.7561
3807	69.6094	69.8353
3808	69.6094	69.6705
3809	69.6094	69.6094
3810	69.6094	69.6511
3811	69.6094	69.7219
3812	69.6094	69.6094
3813	69.6094	69.663
3814	69.6094	69.6694
3815	69.6094	69.662
3816	69.6094	69.6208
3817	69.6094	69.6121
3818	69.6094	69.6836
3819	69.6094	69.623
3820	69.6094	69.8849
3821	69.6094	69.6319
3822	69.6094	69.6432
3823	69.6094	69.6094
3824	69.6094	69.6442
3825	69.6094	69.6612
3826	69.6094	69.6174
3827	69.6094	69.6327
3828	69.6094	69.6094
3829	69.6094	69.6314
3830	69.6094	69.6677
3831	69.6094	69.7221
3832	69.6094	69.618
3833	69.6094	69.6123
3834	69.6094	69.6094
3835	69.6094	69.6249
3836	69.6094	69.6757
3837	69.6094	69.624
3838	69.6094	69.7211
3839	69.6094	69.6139
3840	69.6094	69.6094
3841	69.6094	69.7108
3842	69.6094	69.6127
3843	69.6094	69.6346
3844	69.6094	69.7568
3845	69.6094	69.7547
3846	69.6094	69.621
3847	69.6094	69.8449
3848	69.6094	69.7128
3849	69.6094	69.7971
3850	69.6094	69.6094
3851	69.6094	69.6094
3852	69.6094	69.6094
3853	69.6094	69.6174
3854	69.6094	69.7248
3855	69.6094	69.7926
3856	69.6094	69.6247
3857	69.6094	69.6094
3858	69.6094	69.6094
3859	69.6094	69.6094
3860	69.6094	69.6094
3861	69.6094	69.6094
3862	69.6094	69.6094
3863	69.6094	69.7032
3864	69.6094	69.8466
3865	69.6094	69.6317
3866	69.6094	69.6181
3867	69.6094	69.6844
3868	69.6094	69.8742
3869	69.6094	69.786
3870	69.6094	69.7365
3871	69.6094	69.8105
3872	69.6094	69.6528
3873	69.6094	69.6094
3874	69.6094	69.6094
3875	69.6094	69.6799
3876	69.6094	69.6361
3877	69.6094	69.6186
3878	69.6094	69.6094
3879	69.6094	69.6896
3880	69.6094	69.8469
3881	69.6094	69.7122
3882	69.6094	69.623
3883	69.6094	69.6326
3884	69.6094	69.6246
3885	69.6094	69.7174
3886	69.6094	69.619
3887	69.6094	69.6267
3888	69.6094	69.6289
3889	69.6094	69.6121
3890	69.6094	69.7816
3891	69.6094	69.8304
3892	69.6094	69.6913
3893	69.6094	69.6478
3894	69.6094	69.61
3895	69.6094	69.6094
3896	69.6094	69.6094
3897	69.6094	69.6094
3898	69.6094	69.6094
3899	69.6094	69.6094
3900	69.6094	69.6449
3901	69.6094	69.6407
3902	69.6094	69.6479
3903	69.6094	69.9271
3904	69.6094	69.6603
3905	69.6094	69.6285
3906	69.6094	69.6221
3907	69.6094	69.6345
3908	69.6094	69.6404
3909	69.6094	69.6145
3910	69.6094	69.6304
3911	69.6094	69.6449
3912	69.6094	69.6324
3913	69.6094	69.6368
3914	69.6094	69.6094
3915	69.6094	69.6111
3916	69.6094	69.6962
3917	69.6094	69.6217
3918	69.6094	69.6094
3919	69.6094	69.6675
3920	69.6094	69.893
3921	69.6094	69.6451
3922	69.6094	69.7524
3923	69.6094	69.7753
3924	69.6094	69.7438
3925	69.6094	69.7483
3926	69.6094	69.7467
3927	69.6094	69.6094
3928	69.6094	69.6254
3929	69.6094	69.6094
3930	69.6094	69.6858
3931	69.6094	69.6892
3932	69.6094	69.6834
3933	69.6094	69.6137
3934	69.6094	69.7083
3935	69.6094	69.6619
3936	69.6094	69.7052
3937	69.6094	69.6369
3938	69.6094	69.7006
3939	69.6094	69.6094
3940	69.6094	69.6621
3941	69.6094	69.6556
3942	69.6094	69.6094
3943	69.6094	69.6738
3944	69.6094	69.6289
3945	69.6094	69.6094
3946	69.6094	69.6094
3947	69.6094	69.6655
3948	69.6094	69.6756
3949	69.6094	69.6236
3950	69.6094	69.6408
3951	69.6094	69.7992
3952	69.6094	69.7124
3953	69.6094	69.6094
3954	69.6094	69.6853
3955	69.6094	69.7335
3956	69.6094	69.6515
3957	69.6094	69.6196
3958	69.6094	69.6413
3959	69.6094	69.6118
3960	69.6094	69.714
3961	69.6094	69.6094
3962	69.6094	69.6262
3963	69.6094	69.7109
3964	69.6094	69.6105
3965	69.6094	69.6326
3966	69.6094	69.7837
3967	69.6094	69.75
3968	69.6094	69.7895
3969	69.6094	69.6673
3970	69.6094	69.6094
3971	69.6094	69.6094
3972	69.6094	69.6507
3973	69.6094	69.9525
3974	69.6094	69.6124
3975	69.6094	69.7254
3976	69.6094	69.6757
3977	69.6094	69.7399
3978	69.6094	69.8285
3979	69.6094	69.7166
3980	69.6094	69.6414
3981	69.6094	69.645
3982	69.6094	69.6237
3983	69.6094	69.6772
3984	69.6094	69.6132
3985	69.6094	69.6638
3986	69.6094	69.6215
3987	69.6094	69.6128
3988	69.6094	69.6405
3989	69.6094	69.6119
3990	69.6094	69.637
3991	69.6094	69.6705
3992	69.6094	69.8652
3993	69.6094	69.7179
3994	69.6094	69.6204
3995	69.6094	69.7028
3996	69.6094	69.8071
3997	69.6094	69.6957
3998	69.6094	69.7583
3999	69.6094	69.6322
