0	398.723	463.384
1	392.362	431.907
2	383.4	403.45
3	375.72	390.681
4	367.201	382.908
5	355.258	374.754
6	351.139	366.424
7	344.547	357.809
8	339.857	351.152
9	332.889	345.368
10	322.953	339.075
11	312.388	332.214
12	305.345	322.182
13	296.85	314.495
14	286.548	307.523
15	283.716	299.179
16	279.675	291.474
17	273.894	285.316
18	269.236	281.261
19	263.827	276.237
20	258.154	272.027
21	253.815	266.981
22	247.403	260.431
23	241.977	255.606
24	241.093	249.231
25	234.4	244.594
26	226.424	240.772
27	222.915	234.738
28	221.677	230.069
29	219.167	226.202
30	212.604	223.12
31	210.397	220.06
32	204.474	215.409
33	200.011	210.464
34	197.803	206.474
35	194.061	201.873
36	192.287	199.501
37	191.004	196.561
38	188.792	194.168
39	185.172	192.24
40	182.327	189.559
41	177.101	186.624
42	176.402	183.257
43	173.264	179.682
44	172.372	177.294
45	172.372	175.489
46	169.697	173.775
47	166.14	172.759
48	164.02	171.63
49	161.638	169.344
50	159.142	165.873
51	157.889	163.293
52	156.214	160.687
53	155.118	158.644
54	153.308	157.406
55	151.967	156.121
56	150.611	155.222
57	150.048	153.873
58	147.88	152.343
59	146.964	151.353
60	146.417	149.262
61	142.797	147.95
62	142.797	146.368
63	142.636	144.524
64	138.916	143.347
65	138.369	142.376
66	137.526	140.759
67	137.526	139.101
68	135.944	138.206
69	135.299	137.917
70	134.466	137.015
71	131.841	135.883
72	129.922	135.003
73	129.922	133.67
74	129.21	132.324
75	128.811	131.074
76	128.011	130.032
77	127.26	129.192
78	126.459	128.377
79	126.459	127.652
80	125.754	126.794
81	123.97	126.447
82	122.59	125.836
83	121.77	124.748
84	121.77	123.77
85	121.28	122.749
86	121.103	122.617
87	119.736	121.924
88	119.474	121.176
89	119.417	120.527
90	118.837	120.141
91	118.507	119.677
92	117.869	119.462
93	117.687	118.759
94	116.939	118.342
95	115.95	117.964
96	115.857	117.497
97	114.868	117.16
98	114.868	117.173
99	114.041	116.352
100	113.374	115.393
101	111.666	115.006
102	111.666	115.728
103	111.034	115.706
104	109.264	112.675
105	108.637	111.346
106	108.637	110.045
107	108.046	109.268
108	108.046	108.918
109	107.855	108.6
110	107.593	108.553
111	106.59	108.208
112	106.137	107.748
113	105.721	107.144
114	105.721	106.562
115	104.952	106.07
116	104.02	106.254
117	104.02	105.869
118	104.02	105.743
119	103.33	105.247
120	103.263	104.364
121	102.899	103.898
122	102.472	103.589
123	101.73	103.415
124	101.73	102.859
125	101.73	102.276
126	101.627	102.073
127	100.35	102.034
128	100	101.965
129	99.6088	101.568
130	98.9008	100.613
131	98.1592	100.192
132	97.6683	99.4093
133	96.548	98.9797
134	96.548	98.0096
135	96.548	97.2126
136	96.548	96.9173
137	96.548	96.739
138	95.866	96.5896
139	95.6029	96.5133
140	95.6029	96.4019
141	95.3106	96.159
142	94.4622	95.7479
143	94.4622	95.4586
144	93.6295	95.0042
145	93.6295	94.6978
146	93.6295	94.5139
147	93.2669	93.8408
148	93.2514	93.6838
149	92.868	93.4511
150	92.7434	93.3504
151	92.5756	93.905
152	92.5756	94.4619
153	92.4991	95.3328
154	92.3237	95.3541
155	92.119	94.6781
156	91.4035	94.0268
157	91.4035	93.625
158	90.8415	92.6059
159	90.4614	92.0557
160	90.4614	91.2361
161	90.174	90.7608
162	89.9756	90.6028
163	89.6256	90.4641
164	89.1398	90.1566
165	88.6793	89.8022
166	88.6793	89.5434
167	87.817	89.2035
168	87.817	88.6839
169	87.5672	88.2011
170	87.5672	88.104
171	87.553	88.1455
172	87.3031	87.7984
173	87.0255	87.5528
174	87.0255	87.5653
175	86.8991	88.633
176	86.341	88.6412
177	86.341	88.7839
178	86.0856	88.7657
179	86.0856	88.0282
180	86.0856	87.0112
181	86.0856	86.412
182	86.0856	86.1837
183	85.7504	86.1774
184	85.7504	86.0689
185	85.7504	85.9886
186	85.7504	85.9368
187	85.2512	85.7926
188	85.2512	85.7151
189	84.8399	85.6848
190	84.8399	85.3095
191	84.8399	85.0526
192	84.8399	84.8916
193	84.591	84.8555
194	84.591	84.806
195	84.591	84.7184
196	84.591	84.6292
197	84.591	84.6058
198	84.591	84.591
199	84.591	84.591
200	84.591	84.591
201	80.8518	84.9687
202	80.8518	86.0164
203	80.8518	85.9992
204	80.8518	84.4278
205	80.1506	81.6457
206	80.1506	81.0113
207	79.8968	80.8073
208	79.6152	80.3758
209	78.8356	80.0803
210	78.8356	80.142
211	78.2087	80.2082
212	78.2087	79.8237
213	78.2087	79.1336
214	78.2087	78.3632
215	78.2087	78.2482
216	78.1445	78.3011
217	78.0799	78.2131
218	78.0158	78.2416
219	78.0158	78.181
220	78.0133	78.2442
221	78.0133	78.1371
222	78.0133	78.1926
223	78.0133	78.2022
224	78.0133	78.1215
225	78.0133	78.053
226	77.9085	78.137
227	77.9085	78.0418
228	77.8368	77.9641
229	77.8368	78.1107
230	77.6612	78.0607
231	77.5895	77.855
232	77.5895	77.7478
233	77.4788	77.707
234	77.2316	77.6349
235	77.2316	77.5296
236	77.2316	77.3743
237	77.0462	77.2865
238	76.7273	77.2107
239	76.4403	77.0491
240	76.1214	76.8576
241	76.1214	76.5548
242	75.7405	76.2867
243	75.6688	76.1334
244	75.6688	75.9598
245	75.6688	75.7841
246	75.6688	75.7031
247	75.6688	75.7011
248	75.0426	75.6682
249	75.0426	75.6034
250	75.0426	75.3394
251	74.5613	75.237
252	74.5613	75.0361
253	74.5613	74.8873
254	74.5613	74.6651
255	74.5039	74.61
256	74.5039	74.6284
257	74.5039	74.5375
258	74.5039	74.5424
259	74.5039	74.7874
260	74.5039	74.9636
261	73.2387	74.5123
262	73.2387	74.3958
263	73.2387	73.9356
264	73.2387	73.5019
265	73.2387	73.3729
266	73.2387	73.3599
267	73.2387	73.677
268	72.9579	73.463
269	72.9579	73.3578
270	72.9579	73.2058
271	72.9579	73.1538
272	72.9579	73.0655
273	72.9579	72.9579
274	72.9579	72.9579
275	72.9579	72.9709
276	72.9579	72.994
277	72.9579	72.9888
278	72.9579	73.0125
279	72.9579	72.9694
280	72.9579	72.9579
281	72.3501	72.9561
282	72.3501	72.936
283	72.3501	72.654
284	72.3501	72.7833
285	72.136	72.6369
286	72.136	72.3259
287	72.136	72.2909
288	71.3692	72.2157
289	71.3692	72.0419
290	71.3692	71.9803
291	71.3692	71.6858
292	71.3692	71.5195
293	71.3692	71.5008
294	71.3692	71.4532
295	71.3692	71.3818
296	71.3692	71.3775
297	71.3692	71.3974
298	71.3692	71.5713
299	71.3692	71.52
300	71.3692	71.3865
301	71.3692	71.4053
302	71.3692	71.3692
303	71.3692	71.3692
304	71.3692	71.4714
305	71.3692	71.392
306	71.3692	71.4135
307	71.3692	71.3821
308	71.3692	71.4142
309	71.3692	71.3692
310	71.24	71.3969
311	71.24	71.367
312	71.2144	71.3763
313	71.2144	71.2943
314	71.2144	71.2772
315	71.2144	71.2249
316	71.2144	71.253
317	71.2144	71.2144
318	71.2144	71.2144
319	71.2144	71.2144
320	71.2144	71.3264
321	71.2144	71.4571
322	71.2144	71.2353
323	71.2144	71.2249
324	71.2144	71.2204
325	71.2144	71.2144
326	71.2144	71.3323
327	71.2144	71.3769
328	71.2144	71.4372
329	71.2144	71.2418
330	71.2144	71.3646
331	71.2144	71.2563
332	71.2144	71.3926
333	71.2144	71.3817
334	71.2144	71.4144
335	71.2144	71.2942
336	71.2144	71.2144
337	70.6399	71.2121
338	70.4298	71.1203
339	70.4298	70.8858
340	70.4298	70.6987
341	70.4298	70.6419
342	70.4298	70.5058
343	70.4298	70.4929
344	70.4298	70.4357
345	70.4298	70.5218
346	70.4298	70.6006
347	70.4298	70.8004
348	70.4298	70.4906
349	70.4298	70.4865
350	70.4298	70.4682
351	68.8338	70.4477
352	68.8338	70.0797
353	68.8338	69.5562
354	68.8338	69.4434
355	68.8338	69.0249
356	68.8338	68.9071
357	68.8338	68.8791
358	68.8338	68.9982
359	68.8338	68.8618
360	68.8338	68.8513
361	68.8338	68.9641
362	68.8338	68.8543
363	68.8338	68.8338
364	68.8338	68.8338
365	68.8338	68.8338
366	68.8338	68.8523
367	68.8338	69.0097
368	68.8338	68.9764
369	68.8338	68.9292
370	68.8338	68.843
371	68.8338	68.8338
372	68.8338	68.8732
373	68.8338	68.8954
374	68.8338	68.9695
375	68.8338	68.8421
376	68.8338	68.8338
377	68.8338	68.9355
378	68.7168	68.9014
379	68.7168	68.8156
380	68.7168	68.7642
381	68.3344	68.7306
382	68.3344	68.6748
383	68.3344	68.511
384	68.3344	68.4
385	68.3344	68.373
386	68.3344	68.4505
387	68.3344	68.3548
388	68.3344	68.3451
389	68.3344	68.3703
390	68.3344	68.3413
391	68.3344	68.3344
392	68.3344	68.3344
393	68.3344	68.4663
394	68.3344	68.5433
395	68.3344	68.4207
396	68.3344	68.3412
397	68.3344	68.3344
398	68.3344	68.3344
399	68.3344	68.364
400	68.3344	68.5124
401	68.3344	68.3643
402	68.3344	68.3685
403	68.3344	68.3364
404	68.3344	68.3613
405	68.3267	68.3344
406	68.3267	68.3334
407	68.3267	68.3305
408	68.3267	68.3285
409	68.3267	68.3275
410	68.3267	68.3269
411	68.3267	68.3272
412	68.3267	68.3365
413	68.3267	68.4245
414	68.3267	68.3267
415	68.3267	68.3754
416	68.3267	68.3716
417	68.3267	68.3521
418	68.3267	68.336
419	68.3267	68.3459
420	68.3267	68.3467
421	68.3267	68.3492
422	68.3267	68.4
423	68.3267	68.6387
424	68.3267	68.3391
425	68.3267	68.3383
426	68.0623	68.3782
427	68.0623	68.3482
428	68.0623	68.4293
429	68.0623	68.1985
430	68.0623	68.1498
431	68.0623	68.0623
432	68.0623	68.1514
433	68.0623	68.193
434	68.0623	68.0623
435	68.0623	68.0758
436	68.0623	68.1234
437	68.0623	68.0631
438	68.0623	68.0623
439	68.0623	68.0623
440	68.0623	68.0623
441	68.0623	68.0716
442	68.0623	68.0623
443	68.0442	68.0623
444	68.0442	68.0676
445	68.0442	68.1184
446	68.0442	68.1137
447	68.0442	68.1211
448	68.0442	68.1037
449	68.0442	68.1442
450	68.0442	68.0773
451	68.0442	68.1295
452	68.0442	68.2485
453	68.0442	68.2459
454	68.0279	68.3596
455	68.0279	68.0683
456	68.0279	68.054
457	68.0279	68.0338
458	68.0279	68.0341
459	68.0279	68.1253
460	68.0279	68.0395
461	68.0279	68.153
462	68.0279	68.1578
463	68.0279	68.1709
464	68.0279	68.1145
465	68.0279	68.0793
466	68.0279	68.0443
467	68.0279	68.0279
468	68.0279	68.0677
469	68.0279	68.0657
470	68.0279	68.0279
471	68.0279	68.0279
472	68.0279	68.0279
473	68.0279	68.0401
474	68.0279	68.0751
475	68.0279	68.2086
476	68.0279	68.0279
477	68.0279	68.0279
478	68.0279	68.0591
479	68.0279	68.075
480	68.0279	68.1522
481	68.0279	68.0869
482	68.0279	68.098
483	68.0279	68.1114
484	68.0279	68.0279
485	68.0279	68.0443
486	68.0279	68.0493
487	68.0279	68.0361
488	68.0279	68.0279
489	67.6693	68.029
490	67.6693	67.9764
491	67.6693	67.8425
492	67.6693	67.8606
493	67.6693	67.8239
494	67.6693	67.7829
495	67.6693	67.6693
496	67.6693	67.686
497	67.6693	67.7184
498	67.6693	67.7211
499	67.6693	67.6693
500	67.6693	67.7029
501	67.6693	67.7177
502	67.6693	67.9032
503	67.6693	67.6887
504	67.6693	67.756
505	67.6693	67.6831
506	67.6693	67.6797
507	67.6693	67.6741
508	67.6693	67.7
509	67.6693	67.7268
510	67.6693	67.8323
511	67.6693	67.696
512	67.6693	67.6741
513	67.6693	67.732
514	67.6693	67.7038
515	67.6693	67.8291
516	67.6693	67.8748
517	67.6693	67.7293
518	67.6693	67.7218
519	67.6693	67.6734
520	67.6693	67.8243
521	67.6693	67.7304
522	67.6693	67.7029
523	67.6693	67.6966
524	67.6693	67.6809
525	67.6693	67.6968
526	67.6693	67.7867
527	67.6693	67.7596
528	67.6693	67.7224
529	67.6693	67.6916
530	67.6693	67.6804
531	67.6693	67.6885
532	67.6693	67.6693
533	67.6693	67.6693
534	67.6693	67.6873
535	67.6693	67.6739
536	67.6693	67.6693
537	67.6693	67.7082
538	67.6693	67.7429
539	67.6693	67.6693
540	67.6693	67.6709
541	67.6693	67.6693
542	67.6693	67.6693
543	67.6693	67.695
544	67.6693	67.6693
545	67.6693	67.7079
546	67.6693	67.7
547	67.6693	67.751
548	67.6693	67.7921
549	67.6693	67.7463
550	67.6693	67.719
551	67.6693	67.6715
552	67.6693	67.7275
553	67.6693	67.7665
554	67.6693	67.8181
555	67.6693	67.7675
556	67.6693	67.7171
557	67.6693	67.6892
558	67.6693	67.6745
559	67.6693	67.735
560	67.6693	67.7535
561	67.6693	67.6857
562	67.6693	67.8111
563	67.6693	67.7775
564	67.6693	67.7182
565	67.6693	67.7097
566	67.6693	67.6693
567	67.6693	67.6693
568	67.6693	67.6969
569	67.6693	67.6693
570	67.6693	67.6693
571	67.6693	67.753
572	67.6693	68.0006
573	67.6693	67.6693
574	67.6693	67.7561
575	67.6693	67.6824
576	67.6693	67.7199
577	67.6693	67.803
578	67.6693	67.7322
579	67.6693	67.7563
580	67.6693	67.6934
581	67.6693	67.6693
582	67.6693	67.6865
583	67.6693	67.687
584	67.6693	67.7654
585	67.6693	67.7462
586	67.6693	67.8058
587	67.6693	67.6774
588	67.6693	67.7176
589	67.6693	67.6693
590	67.6693	67.6891
591	67.6693	67.6951
592	67.6693	67.6693
593	67.6693	67.7058
594	67.6693	67.6693
595	67.6693	67.8626
596	67.6693	68.0704
597	67.6693	67.7713
598	67.6693	68.0068
599	67.6693	67.7054
600	67.6693	67.6736
601	67.6693	67.7604
602	67.6693	67.7003
603	67.6693	67.6694
604	67.6693	67.7277
605	67.6693	67.7615
606	67.6693	67.6693
607	67.6693	67.6694
608	67.6693	67.6693
609	67.6693	67.6693
610	67.6693	67.6711
611	67.6693	67.6693
612	67.6693	67.6707
613	67.6693	67.6703
614	67.6693	67.6703
615	67.6693	67.6783
616	67.6693	67.6747
617	67.6693	67.7384
618	67.6693	68.0405
619	67.6693	67.9812
620	67.6693	67.8963
621	67.6693	67.8037
622	67.6693	67.6986
623	67.6693	67.7514
624	67.6693	67.6911
625	67.6693	67.6693
626	67.6693	67.6693
627	67.6693	67.6693
628	67.6693	67.7832
629	67.6693	67.7864
630	67.6693	67.7133
631	67.6693	67.6693
632	67.6693	67.6792
633	67.6693	67.6693
634	67.6693	67.6693
635	67.6693	67.6845
636	67.6693	67.7088
637	67.6693	67.6693
638	67.6693	67.6699
639	67.6693	67.764
640	67.6693	67.6884
641	67.6693	67.6715
642	67.6693	67.6725
643	67.6693	67.6965
644	67.6693	67.7613
645	67.6693	67.6693
646	67.6693	67.9212
647	67.6693	67.7459
648	67.6693	67.7673
649	67.6693	67.6895
650	67.6693	67.6795
651	67.6693	67.6693
652	67.6693	67.7758
653	67.6693	67.6784
654	67.6693	67.7598
655	67.6693	67.6863
656	67.6693	67.6966
657	67.6693	67.6707
658	67.6693	67.6693
659	67.6693	67.7067
660	67.6693	67.6936
661	67.6693	67.7177
662	67.6693	67.6693
663	67.6693	67.7226
664	67.6693	67.6792
665	67.6693	67.6693
666	67.6693	67.6911
667	67.6693	67.6693
668	67.6693	67.711
669	67.6693	67.7033
670	67.6693	67.838
671	67.6693	67.6733
672	67.6693	67.6821
673	67.6693	67.7978
674	67.6693	67.6895
675	67.6693	67.7827
676	67.6693	67.6693
677	67.6693	67.7659
678	67.6693	67.6729
679	67.6693	67.6693
680	67.6693	67.6693
681	67.6693	67.6693
682	67.6693	67.6832
683	67.6693	67.6693
684	67.6693	67.6741
685	67.6693	67.6802
686	67.6693	67.6693
687	67.6693	67.7584
688	67.6693	67.6693
689	67.6693	67.7137
690	67.6693	67.6693
691	67.6693	67.7317
692	67.6693	67.6695
693	67.6693	67.6702
694	67.6693	67.6693
695	67.6693	67.7282
696	67.6693	67.6693
697	67.6693	67.6788
698	67.6693	67.7021
699	67.6693	67.7816
700	67.6693	68.0581
701	67.5526	67.9184
702	67.5526	67.7179
703	67.5526	67.6436
704	67.5526	67.5783
705	67.5526	67.8786
706	67.5526	67.6895
707	67.5526	67.5991
708	67.5526	67.6256
709	67.5526	67.8483
710	67.5526	67.6951
711	67.5526	67.7863
712	67.5526	67.6297
713	67.5526	67.5646
714	67.5526	67.5748
715	67.5526	67.5526
716	67.5526	67.5526
717	67.5526	67.5996
718	67.5526	67.6763
719	67.5526	67.6329
720	67.5526	67.5526
721	67.5526	67.5526
722	67.5526	67.5526
723	67.5526	67.5596
724	67.5526	67.5526
725	67.5526	67.5526
726	67.5526	67.5641
727	67.5526	67.5581
728	67.5526	67.5526
729	67.5526	67.5526
730	67.5526	67.5526
731	67.5526	67.5526
732	67.5526	67.6591
733	67.5526	67.5757
734	67.5526	67.6959
735	67.5526	67.6742
736	67.5526	67.5526
737	67.5526	67.5526
738	67.5526	67.5623
739	67.5526	67.9278
740	67.5526	67.7979
741	67.5526	67.737
742	67.5526	67.5626
743	67.5526	67.5526
744	67.5526	67.5526
745	67.5526	67.5526
746	67.5526	67.5526
747	67.5526	67.5668
748	67.5526	67.554
749	67.5526	67.5526
750	67.5526	67.5526
751	66.9789	67.4805
752	66.9789	67.328
753	66.9789	67.189
754	66.9789	67.2581
755	66.9789	67.0577
756	66.9789	67.09
757	66.9789	67.0654
758	66.9789	67.0489
759	66.9789	66.9945
760	66.9789	66.9789
761	66.9789	66.982
762	66.9789	66.9888
763	66.9789	67.2022
764	66.9789	67.0452
765	66.9789	66.9789
766	66.9789	66.9789
767	66.9789	67.0173
768	66.9789	67.0842
769	66.9789	67.0291
770	66.9789	67.0593
771	66.9789	67.0111
772	66.9789	66.9816
773	66.9789	66.9963
774	66.9789	66.9789
775	66.9789	66.9841
776	66.9789	66.9789
777	66.9789	66.9789
778	66.9789	66.9812
779	66.9789	66.9857
780	66.9789	66.9979
781	66.9789	67.0186
782	66.9789	66.9799
783	66.9789	67.0271
784	66.9789	66.9876
785	66.9789	66.9789
786	66.9789	66.9789
787	66.9789	66.9794
788	66.9789	67.07
789	66.9789	66.9789
790	66.9789	66.9845
791	66.9789	66.9789
792	66.9789	67.0172
793	66.9789	67.1771
794	66.9789	67.2076
795	66.9789	67.0541
796	66.9789	66.9985
797	66.9789	66.9789
798	66.9789	66.9789
799	66.9789	66.9789
800	66.9789	66.9789
801	66.9789	66.9789
802	66.9789	67.0487
803	66.9789	66.9789
804	66.9789	66.9855
805	66.9789	66.9789
806	66.9789	67.3159
807	66.9789	67.2379
808	66.9789	67.3051
809	66.9789	67.057
810	66.9789	67.2081
811	66.9789	66.9987
812	66.9789	67.0196
813	66.9789	67.0089
814	66.9789	66.9799
815	66.9789	67.0548
816	66.9789	67.0609
817	66.9789	66.9789
818	66.9789	66.989
819	66.9789	67.0086
820	66.9789	66.9818
821	66.9789	66.9789
822	66.9789	66.9789
823	66.9789	66.9789
824	66.9789	66.9789
825	66.9789	66.9789
826	66.9789	67.0484
827	66.9789	67.4367
828	66.9789	67.0168
829	66.9789	67.2952
830	66.9789	67.0434
831	66.9789	66.9878
832	66.9789	67.019
833	66.9789	66.9789
834	66.9789	66.9789
835	66.9789	66.9789
836	66.9789	66.9789
837	66.9789	66.9789
838	66.9789	66.9789
839	66.9789	66.9789
840	66.9789	66.9995
841	66.9789	66.9935
842	66.9789	67.0212
843	66.9789	66.9903
844	66.9789	67.1294
845	66.9789	67.009
846	66.9789	67.0592
847	66.9789	66.9865
848	66.9789	66.9789
849	66.9789	67.0035
850	66.9789	67.1916
851	66.9789	66.9891
852	66.9789	66.9821
853	66.9789	67.1008
854	66.9789	66.9977
855	66.9789	67.0797
856	66.9789	66.9799
857	66.9789	67.0198
858	66.9789	66.9789
859	66.9789	67.0793
860	66.9789	67.0343
861	66.9789	66.9789
862	66.9789	66.9839
863	66.9789	67
864	66.9789	67.2202
865	66.9789	67.0296
866	66.9789	67.0631
867	66.9789	67.124
868	66.9789	66.9789
869	66.9789	67.0992
870	66.9789	66.9789
871	66.9789	67.1141
872	66.9789	67.0984
873	66.9789	67.3121
874	66.9789	67.0819
875	66.9789	67.0435
876	66.9789	66.9789
877	66.9789	66.9789
878	66.9789	66.9789
879	66.9789	66.9789
880	66.9789	67.0832
881	66.9789	67.0337
882	66.9789	66.9789
883	66.9789	66.9789
884	66.9789	67.0605
885	66.9789	67.0266
886	66.9789	67.0135
887	66.9789	66.9865
888	66.9789	66.997
889	66.9789	66.9789
890	66.9789	67.0555
891	66.9789	66.9955
892	66.9789	66.9973
893	66.9789	67.0888
894	66.9789	67.1307
895	66.9789	67.1626
896	66.9789	67.0743
897	66.9789	67.0439
898	66.9789	67.011
899	66.9789	66.9789
900	66.9789	66.9845
901	66.8114	66.9867
902	66.8114	67.0411
903	66.8114	66.876
904	66.8114	66.8533
905	66.8114	66.8281
906	66.8114	67.0868
907	66.8114	66.8114
908	66.8114	66.8615
909	66.8114	66.8515
910	66.8114	66.8114
911	66.8114	66.8804
912	66.8114	66.8295
913	66.8114	66.8114
914	66.8114	66.8114
915	66.8114	66.8378
916	66.8114	66.8124
917	66.8114	66.8205
918	66.8114	66.8246
919	66.8114	66.888
920	66.8114	66.8114
921	66.8114	66.8975
922	66.8114	66.9573
923	66.8114	66.8579
924	66.8114	66.8114
925	66.8114	66.8181
926	66.8114	66.8399
927	66.8114	66.8764
928	66.8114	66.9589
929	66.8114	66.8344
930	66.8114	66.8241
931	66.8114	66.8373
932	66.8114	66.9042
933	66.8114	67.1307
934	66.8114	66.8614
935	66.8114	66.8114
936	66.8114	66.8114
937	66.8114	66.8114
938	66.8114	66.8213
939	66.8114	66.8461
940	66.8114	66.8114
941	66.8114	66.8114
942	66.8114	66.8114
943	66.8114	66.8114
944	66.8114	66.8325
945	66.8114	66.8114
946	66.8114	66.8114
947	66.8114	66.8114
948	66.8114	66.8956
949	66.8114	66.8114
950	66.8114	66.8141
951	66.4915	66.7893
952	66.4915	66.647
953	66.4915	66.6224
954	66.4915	66.5933
955	66.4915	66.4915
956	66.4915	66.5037
957	66.4915	66.4915
958	66.4915	66.4915
959	66.4915	66.5885
960	66.4915	66.5377
961	66.4915	66.4915
962	66.4915	66.4915
963	66.4915	66.4915
964	66.4915	66.4915
965	66.4915	66.5243
966	66.4915	66.5609
967	66.4915	66.4945
968	66.4915	66.5058
969	66.4915	66.4915
970	66.4915	66.5904
971	66.4915	66.5721
972	66.4915	66.5176
973	66.4915	66.5411
974	66.4915	66.4915
975	66.4915	66.4915
976	66.4915	66.4915
977	66.4915	66.505
978	66.4915	66.5285
979	66.4915	66.6365
980	66.4915	66.729
981	66.4915	66.9574
982	66.4915	67.1382
983	66.4915	66.6379
984	66.4915	66.4915
985	66.4915	66.4915
986	66.4915	66.4935
987	66.4915	66.537
988	66.4915	66.4915
989	66.4915	66.5119
990	66.4915	66.5421
991	66.4915	66.4986
992	66.4915	66.4915
993	66.4915	66.4915
994	66.4915	66.4915
995	66.4915	66.4915
996	66.4915	66.6513
997	66.4915	66.7804
998	66.4915	66.5812
999	66.4915	66.4915
1000	66.4915	66.4915
1001	66.4915	66.4915
1002	66.4915	66.5667
1003	66.4915	66.7874
1004	66.4915	66.6214
1005	66.4915	66.5004
1006	66.4915	66.4915
1007	66.4915	66.4915
1008	66.4915	66.4915
1009	66.4915	66.4915
1010	66.4915	66.4915
1011	66.4915	66.4916
1012	66.4915	66.5909
1013	66.4915	66.5106
1014	66.4915	66.4925
1015	66.4915	66.5004
1016	66.4915	66.5158
1017	66.4915	66.5805
1018	66.4915	66.5448
1019	66.4915	66.545
1020	66.4915	66.5933
1021	66.4915	66.5375
1022	66.4915	66.4915
1023	66.4915	66.5105
1024	66.4915	66.4915
1025	66.4915	66.4915
1026	66.4915	66.5219
1027	66.4915	66.4915
1028	66.4915	66.4915
1029	66.4915	66.4959
1030	66.4915	66.4915
1031	66.4915	66.6262
1032	66.4915	66.504
1033	66.4915	66.4915
1034	66.4915	66.501
1035	66.4915	66.4915
1036	66.4915	66.5691
1037	66.4915	66.5065
1038	66.4915	66.5658
1039	66.4915	66.5437
1040	66.4915	66.6506
1041	66.4915	66.7873
1042	66.4915	66.6314
1043	66.4915	66.5128
1044	66.4915	66.6415
1045	66.4915	66.6656
1046	66.4915	66.6411
1047	66.4915	66.5695
1048	66.4915	66.4915
1049	66.4915	66.4915
1050	66.4915	66.5034
1051	66.4915	66.5106
1052	66.4915	66.5063
1053	66.4915	66.6615
1054	66.4915	66.4915
1055	66.4915	66.5006
1056	66.4915	66.6039
1057	66.4915	66.4915
1058	66.4915	66.498
1059	66.4915	66.5712
1060	66.4915	66.5634
1061	66.4915	66.4915
1062	66.4915	66.4915
1063	66.4915	66.4915
1064	66.4915	66.4915
1065	66.4915	66.4915
1066	66.4915	66.5581
1067	66.4915	66.5303
1068	66.4915	66.5522
1069	66.4915	66.4915
1070	66.4915	66.4915
1071	66.4915	66.4915
1072	66.4915	66.5417
1073	66.4915	66.5675
1074	66.4915	66.4915
1075	66.4915	66.4951
1076	66.4915	66.5046
1077	66.4915	66.5209
1078	66.4915	66.6124
1079	66.4915	66.5649
1080	66.4915	66.4925
1081	66.4915	66.5187
1082	66.4915	66.4915
1083	66.4915	66.5336
1084	66.4915	66.4915
1085	66.4915	66.5438
1086	66.4915	66.6279
1087	66.4915	66.4915
1088	66.4915	66.4915
1089	66.4915	66.5397
1090	66.4915	66.4915
1091	66.4915	66.5236
1092	66.4915	66.5769
1093	66.4915	66.4915
1094	66.4915	66.4915
1095	66.4915	66.4915
1096	66.4915	66.4915
1097	66.4915	66.5204
1098	66.4915	66.5613
1099	66.4915	66.5917
1100	66.4915	66.5656
1101	66.4915	66.511
1102	66.4915	66.4915
1103	66.4915	66.5861
1104	66.4915	66.53
1105	66.4915	66.594
1106	66.4915	66.5045
1107	66.4915	66.4948
1108	66.4915	66.5293
1109	66.4915	66.5424
1110	66.4915	66.4973
1111	66.4915	66.4915
1112	66.4915	66.4915
1113	66.4915	66.4915
1114	66.4915	66.4915
1115	66.4915	66.5014
1116	66.4915	66.6122
1117	66.4915	66.4915
1118	66.4915	66.5405
1119	66.4915	66.5012
1120	66.4915	66.5228
1121	66.4915	66.4915
1122	66.4915	66.4915
1123	66.4915	66.4915
1124	66.4915	66.504
1125	66.4915	66.4915
1126	66.4915	66.5044
1127	66.4915	66.517
1128	66.4915	66.5598
1129	66.4915	66.4915
1130	66.4915	66.4915
1131	66.4915	66.5112
1132	66.4915	66.5044
1133	66.4915	66.5243
1134	66.4915	66.5522
1135	66.4915	66.5374
1136	66.4915	66.5752
1137	66.4915	66.4992
1138	66.4915	66.4987
1139	66.4915	66.6667
1140	66.4915	66.6953
1141	66.4915	66.568
1142	66.4915	66.5493
1143	66.4915	66.6139
1144	66.4915	66.5927
1145	66.4915	66.5052
1146	66.4915	66.4915
1147	66.4915	66.4915
1148	66.4915	66.4915
1149	66.4915	66.4915
1150	66.4915	66.4915
1151	66.4915	66.4915
1152	66.4915	66.4915
1153	66.4915	66.4915
1154	66.4915	66.6255
1155	66.4915	66.8801
1156	66.4915	66.5438
1157	66.4915	66.5759
1158	66.4915	66.4915
1159	66.4915	66.4915
1160	66.4915	66.5223
1161	66.4915	66.6036
1162	66.4915	66.5203
1163	66.4915	66.5184
1164	66.4915	66.5087
1165	66.4915	66.6568
1166	66.4915	66.6266
1167	66.4915	66.5019
1168	66.4915	66.4915
1169	66.4915	66.4973
1170	66.4915	66.4915
1171	66.4915	66.4915
1172	66.4915	66.493
1173	66.4915	66.6007
1174	66.4915	66.5043
1175	66.4915	66.6983
1176	66.4915	66.5362
1177	66.4915	66.5433
1178	66.4915	66.5445
1179	66.4915	66.4937
1180	66.4915	66.5781
1181	66.4915	66.592
1182	66.4915	66.4915
1183	66.4915	66.681
1184	66.4915	66.5459
1185	66.4915	66.6664
1186	66.4915	66.6962
1187	66.4915	66.4915
1188	66.4915	66.6322
1189	66.4915	66.5242
1190	66.4915	66.5261
1191	66.4915	66.5217
1192	66.4915	66.4915
1193	66.4915	66.5487
1194	66.4915	66.5302
1195	66.4915	66.4953
1196	66.4915	66.4915
1197	66.4915	66.4915
1198	66.4915	66.5406
1199	66.4915	66.4983
1200	66.4915	66.5875
1201	66.4915	66.4915
1202	66.4915	66.5
1203	66.4915	66.4915
1204	66.4915	66.6241
1205	66.4915	66.5261
1206	66.4915	66.4915
1207	66.4915	66.4915
1208	66.4915	66.5932
1209	66.4915	66.7532
1210	66.4915	66.5548
1211	66.4915	66.4915
1212	66.4915	66.5297
1213	66.4915	66.5115
1214	66.4915	66.5318
1215	66.4915	66.5253
1216	66.4915	66.6822
1217	66.4915	66.5671
1218	66.4915	66.6153
1219	66.4915	66.5749
1220	66.4915	66.4915
1221	66.4915	66.5739
1222	66.4915	66.5222
1223	66.4915	66.5957
1224	66.4915	66.5655
1225	66.4915	66.5034
1226	66.4915	66.4915
1227	66.4915	66.5215
1228	66.4915	66.6628
1229	66.4915	66.7297
1230	66.4915	66.4964
1231	66.4915	66.4915
1232	66.4915	66.4915
1233	66.4915	66.517
1234	66.4915	66.4915
1235	66.4915	66.6639
1236	66.4915	66.5507
1237	66.4915	66.5408
1238	66.4915	66.555
1239	66.4915	66.4915
1240	66.4915	66.4915
1241	66.4915	66.512
1242	66.4915	66.6101
1243	66.4915	66.5171
1244	66.4915	66.692
1245	66.4915	66.592
1246	66.4915	66.5309
1247	66.4915	66.506
1248	66.4915	66.5536
1249	66.4915	66.5045
1250	66.4915	66.6805
1251	66.4915	66.9112
1252	66.4915	66.5364
1253	66.4915	66.5002
1254	66.4915	66.4915
1255	66.4915	66.4915
1256	66.4915	66.4915
1257	66.4915	66.4915
1258	66.4915	66.5596
1259	66.4915	66.5558
1260	66.4915	66.4915
1261	66.4915	66.4915
1262	66.4915	66.4915
1263	66.4915	66.5605
1264	66.4915	66.5332
1265	66.4915	66.4915
1266	66.4915	66.4915
1267	66.4915	66.4915
1268	66.4915	66.4915
1269	66.4915	66.4915
1270	66.4915	66.4976
1271	66.4915	66.4969
1272	66.4915	66.4915
1273	66.4915	66.5016
1274	66.4915	66.4915
1275	66.4915	66.5683
1276	66.4915	66.5112
1277	66.4915	66.5529
1278	66.4915	66.5071
1279	66.4915	66.4915
1280	66.4915	66.5518
1281	66.4915	66.4915
1282	66.4915	66.5628
1283	66.4915	66.5446
1284	66.4915	66.5395
1285	66.4915	66.6013
1286	66.4915	66.5582
1287	66.4915	66.5411
1288	66.4915	66.4982
1289	66.4915	66.5658
1290	66.4915	66.4915
1291	66.4915	66.5075
1292	66.4915	66.5221
1293	66.4915	66.495
1294	66.4915	66.4915
1295	66.4915	66.6037
1296	66.4915	66.4915
1297	66.4915	66.7687
1298	66.4915	66.5155
1299	66.4915	66.7619
1300	66.4915	66.5598
1301	66.4915	66.5216
1302	66.4915	66.4915
1303	66.4915	66.4915
1304	66.4915	66.4915
1305	66.4915	66.4915
1306	66.4915	66.509
1307	66.4915	66.5473
1308	66.4915	66.7664
1309	66.4915	66.6991
1310	66.4915	66.5547
1311	66.4915	66.5301
1312	66.4915	66.5724
1313	66.4915	66.5424
1314	66.4915	66.4915
1315	66.4915	66.5758
1316	66.4915	66.4915
1317	66.4915	66.5338
1318	66.4915	66.4915
1319	66.4915	66.5205
1320	66.4915	66.6476
1321	66.4915	66.5496
1322	66.4915	66.4915
1323	66.4915	66.5497
1324	66.4915	66.7297
1325	66.4915	66.5673
1326	66.4915	66.7915
1327	66.4915	66.6622
1328	66.4915	66.5902
1329	66.4915	66.5181
1330	66.4915	66.4915
1331	66.4915	66.4915
1332	66.4915	66.7055
1333	66.4915	66.5937
1334	66.4915	66.6656
1335	66.4915	66.4915
1336	66.4915	66.4946
1337	66.4915	66.4988
1338	66.4915	66.5741
1339	66.4915	66.5999
1340	66.4915	66.578
1341	66.4915	66.5307
1342	66.4915	66.4916
1343	66.4915	66.4915
1344	66.4915	66.4915
1345	66.4915	66.514
1346	66.4915	66.4925
1347	66.4915	66.5235
1348	66.4915	66.4915
1349	66.4915	66.5785
1350	66.4915	66.5636
1351	66.4915	66.4915
1352	66.4915	66.4915
1353	66.4915	66.4915
1354	66.4915	66.5497
1355	66.4915	66.5453
1356	66.4915	66.5919
1357	66.4915	66.7176
1358	66.4915	66.5488
1359	66.4915	66.4915
1360	66.4915	66.4915
1361	66.4915	66.4915
1362	66.4915	66.4985
1363	66.4915	66.4915
1364	66.4915	66.4915
1365	66.4915	66.4915
1366	66.4915	66.4915
1367	66.4915	66.4915
1368	66.4915	66.4915
1369	66.4915	66.5011
1370	66.4915	66.4915
1371	66.4915	66.4915
1372	66.4915	66.496
1373	66.4915	66.4944
1374	66.4915	66.5009
1375	66.4915	66.4915
1376	66.4915	66.4915
1377	66.4915	66.5226
1378	66.4915	66.4915
1379	66.4915	66.5512
1380	66.4915	66.5754
1381	66.4915	66.5038
1382	66.4915	66.4995
1383	66.4915	66.5004
1384	66.4915	66.5028
1385	66.4915	66.6001
1386	66.4915	66.4961
1387	66.4915	66.5889
1388	66.4915	66.4936
1389	66.4915	66.4915
1390	66.4915	66.4915
1391	66.4915	66.4915
1392	66.4915	66.4915
1393	66.4915	66.5538
1394	66.4915	66.5977
1395	66.4915	66.5412
1396	66.4915	66.5128
1397	66.4915	66.522
1398	66.4915	66.4915
1399	66.4915	66.5273
1400	66.4915	66.506
1401	66.4915	66.5057
1402	66.4915	66.4915
1403	66.4915	66.5557
1404	66.4915	66.4915
1405	66.4915	66.4915
1406	66.4915	66.5797
1407	66.4915	66.4915
1408	66.4915	66.5194
1409	66.4915	66.5444
1410	66.4915	66.4915
1411	66.4915	66.4971
1412	66.4915	66.5306
1413	66.4915	66.6383
1414	66.4915	66.5468
1415	66.4915	66.7428
1416	66.4915	66.6343
1417	66.4915	66.6507
1418	66.4915	66.8144
1419	66.4915	66.6026
1420	66.4915	66.4915
1421	66.4915	66.5345
1422	66.4915	66.5815
1423	66.4915	66.5811
1424	66.4915	66.6749
1425	66.4915	66.5012
1426	66.4915	66.537
1427	66.4915	66.5638
1428	66.4915	66.4915
1429	66.4915	66.4915
1430	66.4915	66.4915
1431	66.4915	66.6539
1432	66.4915	66.5561
1433	66.4915	66.6681
1434	66.4915	66.664
1435	66.4915	66.6438
1436	66.4915	66.6306
1437	66.4915	66.6682
1438	66.4915	66.6151
1439	66.4915	66.5186
1440	66.4915	66.4971
1441	66.4915	66.5023
1442	66.4915	66.5745
1443	66.4915	66.6468
1444	66.4915	66.5734
1445	66.4915	66.5382
1446	66.4915	66.6026
1447	66.4915	66.4915
1448	66.4915	66.4915
1449	66.4915	66.5007
1450	66.4915	66.492
1451	66.4915	66.4915
1452	66.4915	66.6094
1453	66.4915	66.4927
1454	66.4915	66.5494
1455	66.4915	66.4915
1456	66.4915	66.58
1457	66.4915	66.6702
1458	66.4915	66.4946
1459	66.4915	66.4915
1460	66.4915	66.5271
1461	66.4915	66.5071
1462	66.4915	66.5192
1463	66.4915	66.58
1464	66.4915	66.4915
1465	66.4915	66.4915
1466	66.4915	66.4915
1467	66.4915	66.4971
1468	66.4915	66.4915
1469	66.4915	66.4915
1470	66.4915	66.4915
1471	66.4915	66.5708
1472	66.4915	66.5336
1473	66.4915	66.5386
1474	66.4915	66.5623
1475	66.4915	66.5475
1476	66.4915	66.5002
1477	66.4915	66.4976
1478	66.4915	66.6566
1479	66.4915	66.5705
1480	66.4915	66.5174
1481	66.4915	66.4915
1482	66.4915	66.5965
1483	66.4915	66.5855
1484	66.4915	66.6133
1485	66.4915	66.5014
1486	66.4915	66.4915
1487	66.4915	66.5418
1488	66.4915	66.5024
1489	66.4915	66.5497
1490	66.4915	66.4976
1491	66.4915	66.5113
1492	66.4915	66.4915
1493	66.4915	66.4915
1494	66.4915	66.4915
1495	66.4915	66.6038
1496	66.4915	66.6205
1497	66.4915	66.499
1498	66.4915	66.5384
1499	66.4915	66.4915
1500	66.4915	66.4915
1501	66.4621	66.5515
1502	66.4621	66.5672
1503	66.4621	66.5137
1504	66.4621	66.4919
1505	66.4621	66.4975
1506	66.4621	66.4683
1507	66.4621	66.4621
1508	66.4621	66.4693
1509	66.4621	66.4621
1510	66.4621	66.4681
1511	66.4621	66.4757
1512	66.4621	66.4813
1513	66.4621	66.4621
1514	66.4621	66.4741
1515	66.4621	66.8449
1516	66.4621	66.7205
1517	66.4621	66.6377
1518	66.4621	66.4642
1519	66.4621	66.4621
1520	66.4621	66.4806
1521	66.4621	66.5658
1522	66.4621	66.5474
1523	66.4621	66.5875
1524	66.4621	66.4621
1525	66.4621	66.5022
1526	66.4621	66.4738
1527	66.4621	66.7139
1528	66.4621	66.5752
1529	66.4621	66.5153
1530	66.4621	66.5032
1531	66.4621	66.4621
1532	66.4621	66.4621
1533	66.4621	66.4621
1534	66.4621	66.4866
1535	66.4621	66.4621
1536	66.4621	66.4867
1537	66.4621	66.4887
1538	66.4621	66.4621
1539	66.4621	66.4621
1540	66.4621	66.4933
1541	66.4621	66.5769
1542	66.4621	66.6675
1543	66.4621	66.4764
1544	66.4621	66.4621
1545	66.4621	66.5948
1546	66.4621	66.6042
1547	66.4621	66.8507
1548	66.4621	66.7558
1549	66.4621	66.5394
1550	66.4621	66.4621
1551	66.4621	66.4621
1552	66.4621	66.4787
1553	66.4621	66.5108
1554	66.4621	66.4828
1555	66.4621	66.5686
1556	66.4621	66.5938
1557	66.4621	66.7326
1558	66.4621	66.5015
1559	66.4621	66.5447
1560	66.4621	66.4621
1561	66.4621	66.4672
1562	66.4621	66.4621
1563	66.4621	66.4659
1564	66.4621	66.4621
1565	66.4621	66.4621
1566	66.4621	66.5164
1567	66.4621	66.4783
1568	66.4621	66.4838
1569	66.4621	66.4625
1570	66.4621	66.4663
1571	66.4621	66.4697
1572	66.4621	66.4621
1573	66.4621	66.4621
1574	66.4621	66.4631
1575	66.4621	66.4621
1576	66.4621	66.4673
1577	66.4621	66.4621
1578	66.4621	66.466
1579	66.4621	66.5448
1580	66.4621	66.4621
1581	66.4621	66.4621
1582	66.4621	66.5191
1583	66.4621	66.4621
1584	66.4621	66.4621
1585	66.4621	66.4621
1586	66.4621	66.4728
1587	66.4621	66.483
1588	66.4621	66.4621
1589	66.4621	66.4621
1590	66.4621	66.4621
1591	66.4621	66.4621
1592	66.4621	66.4785
1593	66.4621	66.5555
1594	66.4621	66.5227
1595	66.4621	66.6315
1596	66.4621	66.5197
1597	66.4621	66.543
1598	66.4621	66.5066
1599	66.4621	66.4909
1600	66.4621	66.4996
1601	66.4621	66.5206
1602	66.4621	66.4791
1603	66.4621	66.6507
1604	66.4621	66.4693
1605	66.4621	66.4621
1606	66.4621	66.489
1607	66.4621	66.4621
1608	66.4621	66.4681
1609	66.4621	66.4621
1610	66.4621	66.4621
1611	66.4621	66.4621
1612	66.4621	66.5003
1613	66.4621	66.5725
1614	66.4621	66.4621
1615	66.4621	66.6661
1616	66.4621	66.5333
1617	66.4621	66.4621
1618	66.4621	66.4707
1619	66.4621	66.4721
1620	66.4621	66.5003
1621	66.4621	66.4863
1622	66.4621	66.4818
1623	66.4621	66.4857
1624	66.4621	66.509
1625	66.4621	66.5749
1626	66.4621	66.4919
1627	66.4621	66.5138
1628	66.4621	66.4682
1629	66.4621	66.4939
1630	66.4621	66.4621
1631	66.4621	66.4662
1632	66.4621	66.509
1633	66.4621	66.5874
1634	66.4621	66.5852
1635	66.4621	66.4787
1636	66.4621	66.4654
1637	66.4621	66.4621
1638	66.4621	66.4621
1639	66.4621	66.4621
1640	66.4621	66.4621
1641	66.4621	66.4622
1642	66.4621	66.4621
1643	66.4621	66.4621
1644	66.4621	66.4621
1645	66.4621	66.4781
1646	66.4621	66.6081
1647	66.4621	66.4899
1648	66.4621	66.5284
1649	66.4621	66.5312
1650	66.4621	66.4742
1651	66.4621	66.4621
1652	66.4621	66.5502
1653	66.4621	66.4884
1654	66.4621	66.491
1655	66.4621	66.4621
1656	66.4621	66.4641
1657	66.4621	66.4621
1658	66.4621	66.4621
1659	66.4621	66.471
1660	66.4621	66.5415
1661	66.4621	66.517
1662	66.4621	66.4621
1663	66.4621	66.4621
1664	66.4621	66.4739
1665	66.4621	66.4621
1666	66.4621	66.5182
1667	66.4621	66.6438
1668	66.4621	66.562
1669	66.4621	66.4703
1670	66.4621	66.4621
1671	66.4621	66.4621
1672	66.4621	66.4621
1673	66.4621	66.4622
1674	66.4621	66.4621
1675	66.4621	66.4835
1676	66.4621	66.6334
1677	66.4621	66.484
1678	66.4621	66.4621
1679	66.4621	66.4621
1680	66.4621	66.4621
1681	66.4621	66.4621
1682	66.4621	66.4621
1683	66.4621	66.4977
1684	66.4621	66.4909
1685	66.4621	66.499
1686	66.4621	66.4857
1687	66.4621	66.4621
1688	66.4621	66.4737
1689	66.4621	66.5097
1690	66.4621	66.5473
1691	66.4621	66.4834
1692	66.4621	66.4621
1693	66.4621	66.5911
1694	66.4621	66.5435
1695	66.4621	66.8171
1696	66.4621	66.7328
1697	66.4621	66.8104
1698	66.4621	66.4929
1699	66.4621	66.5398
1700	66.4621	66.5441
1701	66.4621	66.5868
1702	66.4621	66.5745
1703	66.4621	66.575
1704	66.4621	66.5122
1705	66.4621	66.5112
1706	66.4621	66.4991
1707	66.4621	66.4778
1708	66.4621	66.4942
1709	66.4621	66.4621
1710	66.4621	66.5924
1711	66.4621	66.6426
1712	66.4621	66.6668
1713	66.4621	66.5233
1714	66.4621	66.4723
1715	66.4621	66.5206
1716	66.4621	66.516
1717	66.4621	66.4621
1718	66.4621	66.4621
1719	66.4621	66.4621
1720	66.4621	66.4621
1721	66.4621	66.4621
1722	66.4621	66.769
1723	66.4621	66.4832
1724	66.4621	66.5496
1725	66.4621	66.5768
1726	66.4621	66.6557
1727	66.4621	66.6042
1728	66.4621	66.6494
1729	66.4621	66.4621
1730	66.4621	66.4695
1731	66.4621	66.4621
1732	66.4621	66.4833
1733	66.4621	66.4621
1734	66.4621	66.4683
1735	66.4621	66.5208
1736	66.4621	66.6812
1737	66.4621	66.4621
1738	66.4621	66.4621
1739	66.4621	66.4621
1740	66.4621	66.4621
1741	66.4621	66.4621
1742	66.4621	66.483
1743	66.4621	66.4742
1744	66.4621	66.4682
1745	66.4621	66.4819
1746	66.4621	66.5468
1747	66.4621	66.5083
1748	66.4621	66.4621
1749	66.4621	66.4862
1750	66.4621	66.5683
1751	66.4621	66.4654
1752	66.4621	66.5227
1753	66.4621	66.5409
1754	66.4621	66.5207
1755	66.4621	66.4621
1756	66.4621	66.4625
1757	66.4621	66.4893
1758	66.4621	66.594
1759	66.4621	66.4953
1760	66.4621	66.4621
1761	66.4621	66.4697
1762	66.4621	66.5368
1763	66.4621	66.7389
1764	66.4621	66.54
1765	66.4621	66.6709
1766	66.4621	66.5342
1767	66.4621	66.5289
1768	66.4621	66.5254
1769	66.4621	66.5942
1770	66.4621	66.4994
1771	66.4621	66.5154
1772	66.4621	66.4621
1773	66.4621	66.4739
1774	66.4621	66.5968
1775	66.4621	66.473
1776	66.4621	66.5415
1777	66.4621	66.4821
1778	66.4621	66.4977
1779	66.4621	66.5672
1780	66.4621	66.5488
1781	66.4621	66.4621
1782	66.4621	66.4621
1783	66.4621	66.4621
1784	66.4621	66.4796
1785	66.4621	66.4635
1786	66.4621	66.5479
1787	66.4621	66.565
1788	66.4621	66.561
1789	66.4621	66.4939
1790	66.4621	66.5238
1791	66.4621	66.4621
1792	66.4621	66.4621
1793	66.4621	66.4621
1794	66.4621	66.4621
1795	66.4621	66.4828
1796	66.4621	66.5042
1797	66.4621	66.4806
1798	66.4621	66.5329
1799	66.4621	66.4716
1800	66.4621	66.5633
1801	66.4621	66.4693
1802	66.4621	66.7123
1803	66.4621	66.5259
1804	66.4621	66.5431
1805	66.4621	66.4621
1806	66.4621	66.4997
1807	66.4621	66.4954
1808	66.4621	66.4704
1809	66.4621	66.4656
1810	66.4621	66.5348
1811	66.4621	66.4788
1812	66.4621	66.6031
1813	66.4621	66.5874
1814	66.4621	66.485
1815	66.4621	66.5228
1816	66.4621	66.4621
1817	66.4621	66.4621
1818	66.4621	66.5395
1819	66.4621	66.6964
1820	66.4621	66.5411
1821	66.4621	66.4626
1822	66.4621	66.4867
1823	66.4621	66.4621
1824	66.4621	66.5411
1825	66.4621	66.4916
1826	66.4621	66.4621
1827	66.4621	66.5571
1828	66.4621	66.4708
1829	66.4621	66.5412
1830	66.4621	66.5035
1831	66.4621	66.6349
1832	66.4621	66.516
1833	66.4621	66.4683
1834	66.4621	66.4711
1835	66.4621	66.5932
1836	66.4621	66.4844
1837	66.4621	66.4939
1838	66.4621	66.6208
1839	66.4621	66.5081
1840	66.4621	66.4621
1841	66.4621	66.4621
1842	66.4621	66.4904
1843	66.4621	66.4621
1844	66.4621	66.4693
1845	66.4621	66.4621
1846	66.4621	66.4621
1847	66.4621	66.466
1848	66.4621	66.4909
1849	66.4621	66.5588
1850	66.4621	66.4621
1851	66.4621	66.479
1852	66.4621	66.6648
1853	66.4621	66.6286
1854	66.4621	66.5059
1855	66.4621	66.4621
1856	66.4621	66.4621
1857	66.4621	66.4621
1858	66.4621	66.4621
1859	66.4621	66.4648
1860	66.4621	66.4678
1861	66.4621	66.6593
1862	66.4621	66.4733
1863	66.4621	66.5223
1864	66.4621	66.4621
1865	66.4621	66.4621
1866	66.4621	66.4993
1867	66.4621	66.516
1868	66.4621	66.5327
1869	66.4621	66.5012
1870	66.4621	66.4621
1871	66.4621	66.4621
1872	66.4621	66.4882
1873	66.4621	66.4621
1874	66.4621	66.4766
1875	66.4621	66.4699
1876	66.4621	66.4621
1877	66.4621	66.5019
1878	66.4621	66.5089
1879	66.4621	66.4621
1880	66.4621	66.5009
1881	66.4621	66.4621
1882	66.4621	66.4621
1883	66.4621	66.518
1884	66.4621	66.5396
1885	66.4621	66.4925
1886	66.4621	66.4674
1887	66.4621	66.4769
1888	66.4621	66.527
1889	66.4621	66.538
1890	66.4621	66.6252
1891	66.4621	66.4767
1892	66.4621	66.4723
1893	66.4621	66.4841
1894	66.4621	66.4621
1895	66.4621	66.4854
1896	66.4621	66.5677
1897	66.4621	66.621
1898	66.4621	66.5125
1899	66.4621	66.4819
1900	66.4621	66.547
1901	66.4621	66.5843
1902	66.4621	66.535
1903	66.4621	66.5346
1904	66.4621	66.4621
1905	66.4621	66.4636
1906	66.4621	66.4621
1907	66.4621	66.4717
1908	66.4621	66.5564
1909	66.4621	66.7107
1910	66.4621	66.563
1911	66.4621	66.5696
1912	66.4621	66.584
1913	66.4621	66.689
1914	66.4621	66.7775
1915	66.4621	66.8627
1916	66.4621	66.5509
1917	66.4621	66.5762
1918	66.4621	66.4621
1919	66.4621	66.5043
1920	66.4621	66.5199
1921	66.4621	66.5691
1922	66.4621	66.6628
1923	66.4621	66.7152
1924	66.4621	66.6355
1925	66.4621	66.4918
1926	66.4621	66.4621
1927	66.4621	66.4621
1928	66.4621	66.4621
1929	66.4621	66.4621
1930	66.4621	66.4893
1931	66.4621	66.5056
1932	66.4621	66.4975
1933	66.4621	66.4873
1934	66.4621	66.4621
1935	66.4621	66.4621
1936	66.4621	66.5392
1937	66.4621	66.6661
1938	66.4621	66.6433
1939	66.4621	66.5589
1940	66.4621	66.471
1941	66.4621	66.5708
1942	66.4621	66.6647
1943	66.4621	66.7031
1944	66.4621	66.4831
1945	66.4621	66.4805
1946	66.4621	66.4621
1947	66.4621	66.4713
1948	66.4621	66.4835
1949	66.4621	66.4715
1950	66.4621	66.6586
1951	66.4621	66.5383
1952	66.4621	66.5079
1953	66.4621	66.4622
1954	66.4621	66.4726
1955	66.4621	66.4621
1956	66.4621	66.4814
1957	66.4621	66.4621
1958	66.4621	66.5562
1959	66.4621	66.5571
1960	66.4621	66.4644
1961	66.4621	66.4621
1962	66.4621	66.5399
1963	66.4621	66.528
1964	66.4621	66.4621
1965	66.4621	66.463
1966	66.4621	66.4621
1967	66.4621	66.4621
1968	66.4621	66.4791
1969	66.4621	66.5837
1970	66.4621	66.4931
1971	66.4621	66.515
1972	66.4621	66.4621
1973	66.4621	66.4785
1974	66.4621	66.4621
1975	66.4621	66.5377
1976	66.4621	66.5582
1977	66.4621	66.472
1978	66.4621	66.4621
1979	66.4621	66.4621
1980	66.4621	66.4634
1981	66.4621	66.6055
1982	66.4621	66.4838
1983	66.4621	66.4725
1984	66.4621	66.5127
1985	66.4621	66.514
1986	66.4621	66.5116
1987	66.4621	66.5079
1988	66.4621	66.5027
1989	66.4621	66.492
1990	66.4621	66.4621
1991	66.4621	66.5541
1992	66.4621	66.4621
1993	66.4621	66.627
1994	66.4621	66.4979
1995	66.4621	66.4632
1996	66.4621	66.4724
1997	66.4621	66.6694
1998	66.4621	66.4807
1999	66.4621	66.4621
2000	66.4621	66.4721
2001	66.4621	66.5026
2002	66.4621	66.4763
2003	66.4621	66.5062
2004	66.4621	66.5096
2005	66.4621	66.7295
2006	66.4621	66.6233
2007	66.4621	66.54
2008	66.4621	66.5797
2009	66.4621	66.4691
2010	66.4621	66.4836
2011	66.4621	66.4729
2012	66.4621	66.4938
2013	66.4621	66.4632
2014	66.4621	66.4621
2015	66.4621	66.5278
2016	66.4621	66.5376
2017	66.4621	66.674
2018	66.4621	66.4734
2019	66.4621	66.4638
2020	66.4621	66.6171
2021	66.4621	66.7366
2022	66.4621	66.7293
2023	66.4621	66.6986
2024	66.4621	66.7408
2025	66.4621	66.4846
2026	66.4621	66.4937
2027	66.4621	66.4621
2028	66.4621	66.4896
2029	66.4621	66.4621
2030	66.4621	66.5194
2031	66.4621	66.4621
2032	66.4621	66.4621
2033	66.4621	66.4621
2034	66.4621	66.4621
2035	66.4621	66.4827
2036	66.4621	66.5036
2037	66.4621	66.4905
2038	66.4621	66.5701
2039	66.4621	66.4917
2040	66.4621	66.5338
2041	66.4621	66.5235
2042	66.4621	66.4706
2043	66.4621	66.4621
2044	66.4621	66.5473
2045	66.4621	66.4868
2046	66.4621	66.4621
2047	66.4621	66.4621
2048	66.4621	66.5474
2049	66.4621	66.5044
2050	66.4621	66.5316
2051	66.4621	66.5052
2052	66.4621	66.4621
2053	66.4621	66.4736
2054	66.4621	66.4909
2055	66.4621	66.6035
2056	66.4621	66.6525
2057	66.4621	66.6763
2058	66.4621	66.4709
2059	66.4621	66.4859
2060	66.4621	66.4722
2061	66.4621	66.6662
2062	66.4621	66.5568
2063	66.4621	66.4679
2064	66.4621	66.4621
2065	66.4621	66.4621
2066	66.4621	66.4654
2067	66.4621	66.4621
2068	66.4621	66.4621
2069	66.4621	66.4709
2070	66.4621	66.4661
2071	66.4621	66.4621
2072	66.4621	66.4621
2073	66.4621	66.468
2074	66.4621	66.5156
2075	66.4621	66.4621
2076	66.4621	66.4677
2077	66.4621	66.5437
2078	66.4621	66.5382
2079	66.4621	66.5145
2080	66.4621	66.6821
2081	66.4621	66.7938
2082	66.4621	66.5031
2083	66.4621	66.4621
2084	66.4621	66.4644
2085	66.4621	66.4752
2086	66.4621	66.5772
2087	66.4621	66.5818
2088	66.4621	66.5475
2089	66.4621	66.518
2090	66.4621	66.4904
2091	66.4621	66.4674
2092	66.4621	66.4994
2093	66.4621	66.67
2094	66.4621	66.552
2095	66.4621	66.5107
2096	66.4621	66.473
2097	66.4621	66.609
2098	66.4621	66.4796
2099	66.4621	66.4621
2100	66.4621	66.4699
2101	66.4621	66.4868
2102	66.4621	66.5127
2103	66.4621	66.4728
2104	66.4621	66.4981
2105	66.4621	66.4621
2106	66.4621	66.4621
2107	66.4621	66.5778
2108	66.4621	66.7385
2109	66.4621	66.599
2110	66.4621	66.4806
2111	66.4621	66.6802
2112	66.4621	66.5331
2113	66.4621	66.5721
2114	66.4621	66.757
2115	66.4621	66.6449
2116	66.4621	66.4781
2117	66.4621	66.4621
2118	66.4621	66.4621
2119	66.4621	66.4621
2120	66.4621	66.4621
2121	66.4621	66.4621
2122	66.4621	66.4733
2123	66.4621	66.5711
2124	66.4621	66.5321
2125	66.4621	66.5337
2126	66.4621	66.7929
2127	66.4621	66.4621
2128	66.4621	66.4621
2129	66.4621	66.4705
2130	66.4621	66.4621
2131	66.4621	66.5543
2132	66.4621	66.5756
2133	66.4621	66.5689
2134	66.4621	66.5758
2135	66.4621	66.6629
2136	66.4621	66.6957
2137	66.4621	66.5356
2138	66.4621	66.4621
2139	66.4621	66.5685
2140	66.4621	66.5286
2141	66.4621	66.5683
2142	66.4621	66.5991
2143	66.4621	66.5476
2144	66.4621	66.5903
2145	66.4621	66.4825
2146	66.4621	66.4716
2147	66.4621	66.4701
2148	66.4621	66.4621
2149	66.4621	66.4621
2150	66.4621	66.4845
2151	66.4621	66.5329
2152	66.4621	66.548
2153	66.4621	66.5197
2154	66.4621	66.4642
2155	66.4621	66.4676
2156	66.4621	66.4786
2157	66.4621	66.4621
2158	66.4621	66.4793
2159	66.4621	66.4625
2160	66.4621	66.4621
2161	66.4621	66.4621
2162	66.4621	66.5511
2163	66.4621	66.4621
2164	66.4621	66.4708
2165	66.4621	66.4707
2166	66.4621	66.4995
2167	66.4621	66.5527
2168	66.4621	66.5166
2169	66.4621	66.4621
2170	66.4621	66.5308
2171	66.4621	66.6806
2172	66.4621	66.5106
2173	66.4621	66.5137
2174	66.4621	66.4734
2175	66.4621	66.4912
2176	66.4621	66.4743
2177	66.4621	66.471
2178	66.4621	66.8883
2179	66.4621	66.5064
2180	66.4621	66.543
2181	66.4621	66.534
2182	66.4621	66.549
2183	66.4621	66.4621
2184	66.4621	66.4792
2185	66.4621	66.5142
2186	66.4621	66.5023
2187	66.4621	66.5516
2188	66.4621	66.5076
2189	66.4621	66.4621
2190	66.4621	66.5626
2191	66.4621	66.472
2192	66.4621	66.4621
2193	66.4621	66.4621
2194	66.4621	66.4621
2195	66.4621	66.4621
2196	66.4621	66.4752
2197	66.4621	66.6615
2198	66.4621	66.4621
2199	66.4621	66.4621
2200	66.4621	66.4621
2201	66.4621	66.5121
2202	66.4621	66.5597
2203	66.4621	66.4702
2204	66.4621	66.4766
2205	66.4621	66.5173
2206	66.4621	66.5119
2207	66.4621	66.4621
2208	66.4621	66.4742
2209	66.4621	66.4812
2210	66.4621	66.4799
2211	66.4621	66.4643
2212	66.4621	66.485
2213	66.4621	66.4646
2214	66.4621	66.4629
2215	66.4621	66.4674
2216	66.4621	66.4621
2217	66.4621	66.4656
2218	66.4621	66.4622
2219	66.4621	66.6633
2220	66.4621	66.6397
2221	66.4621	66.5237
2222	66.4621	66.466
2223	66.4621	66.4621
2224	66.4621	66.4638
2225	66.4621	66.536
2226	66.4621	66.6151
2227	66.4621	66.6735
2228	66.4621	66.5373
2229	66.4621	66.4621
2230	66.4621	66.6155
2231	66.4621	66.5464
2232	66.4621	66.4621
2233	66.4621	66.5307
2234	66.4621	66.6627
2235	66.4621	66.5555
2236	66.4621	66.4679
2237	66.4621	66.6425
2238	66.4621	66.4621
2239	66.4621	66.4621
2240	66.4621	66.5275
2241	66.4621	66.625
2242	66.4621	66.4621
2243	66.4621	66.4654
2244	66.4621	66.4621
2245	66.4621	66.4621
2246	66.4621	66.4624
2247	66.4621	66.4621
2248	66.4621	66.4621
2249	66.4621	66.6311
2250	66.4621	66.5442
2251	66.4621	66.8613
2252	66.4621	66.6219
2253	66.4621	66.4621
2254	66.4621	66.4621
2255	66.4621	66.4636
2256	66.4621	66.4978
2257	66.4621	66.4621
2258	66.4621	66.5302
2259	66.4621	66.4692
2260	66.4621	66.465
2261	66.4621	66.4621
2262	66.4621	66.4957
2263	66.4621	66.4621
2264	66.4621	66.4621
2265	66.4621	66.4621
2266	66.4621	66.4621
2267	66.4621	66.4621
2268	66.4621	66.4751
2269	66.4621	66.4621
2270	66.4621	66.5545
2271	66.4621	66.4771
2272	66.4621	66.4621
2273	66.4621	66.5319
2274	66.4621	66.5335
2275	66.4621	66.6289
2276	66.4621	66.5286
2277	66.4621	66.4621
2278	66.4621	66.4621
2279	66.4621	66.5111
2280	66.4621	66.5814
2281	66.4621	66.597
2282	66.4621	66.4633
2283	66.4621	66.4667
2284	66.4621	66.5241
2285	66.4621	66.4629
2286	66.4621	66.4967
2287	66.4621	66.5932
2288	66.4621	66.5493
2289	66.4621	66.5776
2290	66.4621	66.5645
2291	66.4621	66.4621
2292	66.4621	66.4886
2293	66.4621	66.4621
2294	66.4621	66.5496
2295	66.4621	66.4792
2296	66.4621	66.4834
2297	66.4621	66.6547
2298	66.4621	66.5712
2299	66.4621	66.5866
2300	66.4621	66.7447
2301	66.4621	66.5339
2302	66.4621	66.572
2303	66.4621	66.4621
2304	66.4621	66.4636
2305	66.4621	66.4621
2306	66.4621	66.4805
2307	66.4621	66.5312
2308	66.4621	66.6026
2309	66.4621	66.4971
2310	66.4621	66.519
2311	66.4621	66.4648
2312	66.4621	66.4621
2313	66.4621	66.4639
2314	66.4621	66.4745
2315	66.4621	66.5039
2316	66.4621	66.4731
2317	66.4621	66.4764
2318	66.4621	66.4633
2319	66.4621	66.4621
2320	66.4621	66.5039
2321	66.4621	66.4979
2322	66.4621	66.4621
2323	66.4621	66.4621
2324	66.4621	66.4738
2325	66.4621	66.4621
2326	66.4621	66.4621
2327	66.4621	66.4621
2328	66.4621	66.4621
2329	66.4621	66.4866
2330	66.4621	66.4621
2331	66.4621	66.5853
2332	66.4621	66.5103
2333	66.4621	66.6088
2334	66.4621	66.5437
2335	66.4621	66.5985
2336	66.4621	66.5273
2337	66.4621	66.4621
2338	66.4621	66.4647
2339	66.4621	66.4621
2340	66.4621	66.4621
2341	66.4621	66.5102
2342	66.4621	66.5058
2343	66.4621	66.4621
2344	66.4621	66.4622
2345	66.4621	66.4621
2346	66.4621	66.4662
2347	66.4621	66.4718
2348	66.4621	66.5932
2349	66.4621	66.7181
2350	66.4621	66.6784
2351	66.4621	66.6401
2352	66.4621	66.5347
2353	66.4621	66.7201
2354	66.4621	66.4814
2355	66.4621	66.4625
2356	66.4621	66.4621
2357	66.4621	66.4621
2358	66.4621	66.4621
2359	66.4621	66.4702
2360	66.4621	66.4705
2361	66.4621	66.5537
2362	66.4621	66.5219
2363	66.4621	66.4653
2364	66.4621	66.4621
2365	66.4621	66.4621
2366	66.4621	66.4621
2367	66.4621	66.4621
2368	66.4621	66.4646
2369	66.4621	66.5602
2370	66.4621	66.479
2371	66.4621	66.4621
2372	66.4621	66.5033
2373	66.4621	66.5076
2374	66.4621	66.6575
2375	66.4621	66.5899
2376	66.4621	66.4758
2377	66.4621	66.464
2378	66.4621	66.4629
2379	66.4621	66.4879
2380	66.4621	66.4799
2381	66.4621	66.4879
2382	66.4621	66.4635
2383	66.4621	66.6388
2384	66.4621	66.4682
2385	66.4621	66.4931
2386	66.4621	66.4815
2387	66.4621	66.4992
2388	66.4621	66.5387
2389	66.4621	66.5236
2390	66.4621	66.4621
2391	66.4621	66.47
2392	66.4621	66.463
2393	66.4621	66.4621
2394	66.4621	66.4657
2395	66.4621	66.4677
2396	66.4621	66.4621
2397	66.4621	66.4672
2398	66.4621	66.5464
2399	66.4621	66.4621
2400	66.4621	66.4657
2401	66.4621	66.5371
2402	66.4621	66.4709
2403	66.4621	66.4694
2404	66.4621	66.5033
2405	66.4621	66.474
2406	66.4621	66.5718
2407	66.4621	66.5222
2408	66.4621	66.583
2409	66.4621	66.4759
2410	66.4621	66.5156
2411	66.4621	66.4671
2412	66.4621	66.4621
2413	66.4621	66.4621
2414	66.4621	66.4766
2415	66.4621	66.4791
2416	66.4621	66.4631
2417	66.4621	66.4882
2418	66.4621	66.4793
2419	66.4621	66.4962
2420	66.4621	66.4621
2421	66.4621	66.4621
2422	66.4621	66.5374
2423	66.4621	66.4847
2424	66.4621	66.4755
2425	66.4621	66.5561
2426	66.4621	66.5531
2427	66.4621	66.465
2428	66.4621	66.4692
2429	66.4621	66.4621
2430	66.4621	66.4741
2431	66.4621	66.4621
2432	66.4621	66.4621
2433	66.4621	66.4621
2434	66.4621	66.4796
2435	66.4621	66.5057
2436	66.4621	66.4621
2437	66.4621	66.5319
2438	66.4621	66.4621
2439	66.4621	66.5335
2440	66.4621	66.6379
2441	66.4621	66.8231
2442	66.4621	66.6597
2443	66.4621	66.4847
2444	66.4621	66.7287
2445	66.4621	66.8189
2446	66.4621	66.599
2447	66.4621	66.4684
2448	66.4621	66.468
2449	66.4621	66.5198
2450	66.4621	66.4942
2451	66.4621	66.4979
2452	66.4621	66.4621
2453	66.4621	66.4621
2454	66.4621	66.4621
2455	66.4621	66.4643
2456	66.4621	66.4621
2457	66.4621	66.4621
2458	66.4621	66.4635
2459	66.4621	66.4621
2460	66.4621	66.4659
2461	66.4621	66.5035
2462	66.4621	66.4654
2463	66.4621	66.4621
2464	66.4621	66.4621
2465	66.4621	66.4795
2466	66.4621	66.4656
2467	66.4621	66.4849
2468	66.4621	66.4656
2469	66.4621	66.4621
2470	66.4621	66.5583
2471	66.4621	66.7752
2472	66.4621	66.7103
2473	66.4621	66.5322
2474	66.4621	66.4621
2475	66.4621	66.4943
2476	66.4621	66.4621
2477	66.4621	66.4621
2478	66.4621	66.4621
2479	66.4621	66.4621
2480	66.4621	66.4679
2481	66.4621	66.4621
2482	66.4621	66.5019
2483	66.4621	66.4621
2484	66.4621	66.4621
2485	66.4621	66.4621
2486	66.4621	66.4621
2487	66.4621	66.4621
2488	66.4621	66.5233
2489	66.4621	66.5477
2490	66.4621	66.4989
2491	66.4621	66.7402
2492	66.4621	66.834
2493	66.4621	66.5007
2494	66.4621	66.4666
2495	66.4621	66.464
2496	66.4621	66.4762
2497	66.4621	66.5534
2498	66.4621	66.6892
2499	66.4621	66.5031
2500	66.4621	66.4621
2501	66.4621	66.4664
2502	66.4621	66.4621
2503	66.4621	66.9246
2504	66.4621	66.5753
2505	66.4621	66.5554
2506	66.4621	66.5559
2507	66.4621	66.4649
2508	66.4621	66.4703
2509	66.4621	66.4705
2510	66.4621	66.5923
2511	66.4621	66.4829
2512	66.4621	66.5026
2513	66.4621	66.4802
2514	66.4621	66.4967
2515	66.4621	66.4621
2516	66.4621	66.5212
2517	66.4621	66.6144
2518	66.4621	66.5243
2519	66.4621	66.661
2520	66.4621	66.5259
2521	66.4621	66.4621
2522	66.4621	66.4621
2523	66.4621	66.5553
2524	66.4621	66.5802
2525	66.4621	66.6699
2526	66.4621	66.5125
2527	66.4621	66.4621
2528	66.4621	66.4621
2529	66.4621	66.5687
2530	66.4621	66.5352
2531	66.4621	66.4908
2532	66.4621	66.475
2533	66.4621	66.4625
2534	66.4621	66.4621
2535	66.4621	66.5133
2536	66.4621	66.4689
2537	66.4621	66.4622
2538	66.4621	66.4621
2539	66.4621	66.4621
2540	66.4621	66.4621
2541	66.4621	66.4644
2542	66.4621	66.4621
2543	66.4621	66.4622
2544	66.4621	66.4621
2545	66.4621	66.4621
2546	66.4621	66.4621
2547	66.4621	66.5237
2548	66.4621	66.4621
2549	66.4621	66.4621
2550	66.4621	66.4621
2551	66.4621	66.4919
2552	66.4621	66.5884
2553	66.4621	66.8842
2554	66.4621	66.4903
2555	66.4621	66.4713
2556	66.4621	66.8823
2557	66.4621	66.521
2558	66.4621	66.5244
2559	66.4621	66.6951
2560	66.4621	66.6172
2561	66.4621	66.6009
2562	66.4621	66.473
2563	66.4621	66.4759
2564	66.4621	66.5877
2565	66.4621	66.5325
2566	66.4621	66.4861
2567	66.4621	66.5193
2568	66.4621	66.5683
2569	66.4621	66.507
2570	66.4621	66.5535
2571	66.4621	66.5295
2572	66.4621	66.5335
2573	66.4621	66.4621
2574	66.4621	66.4728
2575	66.4621	66.4642
2576	66.4621	66.4621
2577	66.4621	66.4621
2578	66.4621	66.5267
2579	66.4621	66.501
2580	66.4621	66.5239
2581	66.4621	66.4959
2582	66.4621	66.641
2583	66.4621	66.4743
2584	66.4621	66.5159
2585	66.4621	66.4978
2586	66.4621	66.5082
2587	66.4621	66.5323
2588	66.4621	66.4621
2589	66.4621	66.7025
2590	66.4621	66.5342
2591	66.4621	66.5894
2592	66.4621	66.5372
2593	66.4621	66.6196
2594	66.4621	66.4732
2595	66.4621	66.4738
2596	66.4621	66.5987
2597	66.4621	66.4923
2598	66.4621	66.6193
2599	66.4621	66.513
2600	66.4621	66.5052
2601	66.4621	66.4625
2602	66.4621	66.5158
2603	66.4621	66.4706
2604	66.4621	66.4621
2605	66.4621	66.4621
2606	66.4621	66.4621
2607	66.4621	66.5119
2608	66.4621	66.4621
2609	66.4621	66.4659
2610	66.4621	66.4621
2611	66.4621	66.4794
2612	66.4621	66.4621
2613	66.4621	66.4719
2614	66.4621	66.4621
2615	66.4621	66.4621
2616	66.4621	66.4786
2617	66.4621	66.552
2618	66.4621	66.5002
2619	66.4621	66.5214
2620	66.4621	66.4868
2621	66.4621	66.513
2622	66.4621	66.6365
2623	66.4621	66.5531
2624	66.4621	66.5376
2625	66.4621	66.4896
2626	66.4621	66.4621
2627	66.4621	66.4818
2628	66.4621	66.4678
2629	66.4621	66.4857
2630	66.4621	66.4621
2631	66.4621	66.4722
2632	66.4621	66.7675
2633	66.4621	66.5517
2634	66.4621	66.4621
2635	66.4621	66.4621
2636	66.4621	66.4621
2637	66.4621	66.4621
2638	66.4621	66.4905
2639	66.4621	66.4687
2640	66.4621	66.488
2641	66.4621	66.5301
2642	66.4621	66.5682
2643	66.4621	66.47
2644	66.4621	66.5074
2645	66.4621	66.4649
2646	66.4621	66.4917
2647	66.4621	66.483
2648	66.4621	66.5016
2649	66.4621	66.4714
2650	66.4621	66.4905
2651	66.4621	66.6739
2652	66.4621	66.5723
2653	66.4621	66.5283
2654	66.4621	66.5217
2655	66.4621	66.475
2656	66.4621	66.5146
2657	66.4621	66.4621
2658	66.4621	66.7161
2659	66.4621	66.4856
2660	66.4621	66.4708
2661	66.4621	66.4621
2662	66.4621	66.5683
2663	66.4621	66.4798
2664	66.4621	66.4642
2665	66.4621	66.4621
2666	66.4621	66.5058
2667	66.4621	66.4851
2668	66.4621	66.4661
2669	66.4621	66.4719
2670	66.4621	66.4621
2671	66.4621	66.4718
2672	66.4621	66.6098
2673	66.4621	66.5154
2674	66.4621	66.6544
2675	66.4621	66.516
2676	66.4621	66.5028
2677	66.4621	66.4621
2678	66.4621	66.4796
2679	66.4621	66.4774
2680	66.4621	66.5752
2681	66.4621	66.4758
2682	66.4621	66.4717
2683	66.4621	66.5174
2684	66.4621	66.4621
2685	66.4621	66.4792
2686	66.4621	66.4709
2687	66.4621	66.471
2688	66.4621	66.4621
2689	66.4621	66.4716
2690	66.4621	66.57
2691	66.4621	66.4871
2692	66.4621	66.4621
2693	66.4621	66.4679
2694	66.4621	66.5456
2695	66.4621	66.5449
2696	66.4621	66.4621
2697	66.4621	66.4621
2698	66.4621	66.6685
2699	66.4621	66.5692
2700	66.4621	66.4685
2701	66.4621	66.4621
2702	66.4621	66.5103
2703	66.4621	66.608
2704	66.4621	66.6124
2705	66.4621	66.589
2706	66.4621	66.4822
2707	66.4621	66.5033
2708	66.4621	66.7076
2709	66.4621	66.5693
2710	66.4621	66.4737
2711	66.4621	66.4621
2712	66.4621	66.4621
2713	66.4621	66.475
2714	66.4621	66.4847
2715	66.4621	66.4621
2716	66.4621	66.5277
2717	66.4621	66.4621
2718	66.4621	66.4932
2719	66.4621	66.4621
2720	66.4621	66.4621
2721	66.4621	66.5513
2722	66.4621	66.4621
2723	66.4621	66.4621
2724	66.4621	66.4621
2725	66.4621	66.5721
2726	66.4621	66.5324
2727	66.4621	66.4624
2728	66.4621	66.4621
2729	66.4621	66.4669
2730	66.4621	66.4621
2731	66.4621	66.4621
2732	66.4621	66.5026
2733	66.4621	66.4923
2734	66.4621	66.4938
2735	66.4621	66.5801
2736	66.4621	66.6833
2737	66.4621	66.6487
2738	66.4621	66.4994
2739	66.4621	66.4847
2740	66.4621	66.4868
2741	66.4621	66.4667
2742	66.4621	66.6266
2743	66.4621	66.6795
2744	66.4621	66.8564
2745	66.4621	66.5971
2746	66.4621	66.6072
2747	66.4621	66.4695
2748	66.4621	66.4621
2749	66.4621	66.4698
2750	66.4621	66.5318
2751	66.4621	66.5203
2752	66.4621	66.5835
2753	66.4621	66.5725
2754	66.4621	66.484
2755	66.4621	66.6108
2756	66.4621	66.5462
2757	66.4621	66.5077
2758	66.4621	66.491
2759	66.4621	66.4621
2760	66.4621	66.4621
2761	66.4621	66.5654
2762	66.4621	66.8129
2763	66.4621	66.7593
2764	66.4621	66.5095
2765	66.4621	66.5009
2766	66.4621	66.4867
2767	66.4621	66.6049
2768	66.4621	66.7896
2769	66.4621	66.8276
2770	66.4621	66.52
2771	66.4621	66.4843
2772	66.4621	66.4621
2773	66.4621	66.4621
2774	66.4621	66.4633
2775	66.4621	66.4621
2776	66.4621	66.5158
2777	66.4621	66.4765
2778	66.4621	66.4983
2779	66.4621	66.5315
2780	66.4621	66.5186
2781	66.4621	66.4669
2782	66.4621	66.483
2783	66.4621	66.4621
2784	66.4621	66.5225
2785	66.4621	66.4688
2786	66.4621	66.4621
2787	66.4621	66.4762
2788	66.4621	66.5392
2789	66.4621	66.4699
2790	66.4621	66.5046
2791	66.4621	66.4883
2792	66.4621	66.4621
2793	66.4621	66.5409
2794	66.4621	66.4793
2795	66.4621	66.5739
2796	66.4621	66.4621
2797	66.4621	66.4621
2798	66.4621	66.4621
2799	66.4621	66.4622
2800	66.4621	66.4621
2801	66.4621	66.6063
2802	66.4621	66.4634
2803	66.4621	66.4654
2804	66.4621	66.4621
2805	66.4621	66.5109
2806	66.4621	66.5347
2807	66.4621	66.8122
2808	66.4621	66.6148
2809	66.4621	66.4729
2810	66.4621	66.4621
2811	66.4621	66.4731
2812	66.4621	66.4621
2813	66.4621	66.5287
2814	66.4621	66.5507
2815	66.4621	66.5095
2816	66.4621	66.4621
2817	66.4621	66.4725
2818	66.4621	66.4778
2819	66.4621	66.4957
2820	66.4621	66.4846
2821	66.4621	66.727
2822	66.4621	66.5955
2823	66.4621	66.5097
2824	66.4621	66.4863
2825	66.4621	66.5819
2826	66.4621	66.4919
2827	66.4621	66.7994
2828	66.4621	66.6844
2829	66.4621	66.528
2830	66.4621	66.5237
2831	66.4621	66.4956
2832	66.4621	66.4621
2833	66.4621	66.4653
2834	66.4621	66.4621
2835	66.4621	66.5091
2836	66.4621	66.5703
2837	66.4621	66.5928
2838	66.4621	66.4708
2839	66.4621	66.4841
2840	66.4621	66.5708
2841	66.4621	66.5347
2842	66.4621	66.4863
2843	66.4621	66.4621
2844	66.4621	66.4621
2845	66.4621	66.488
2846	66.4621	66.4621
2847	66.4621	66.4621
2848	66.4621	66.4815
2849	66.4621	66.6161
2850	66.4621	66.5213
2851	66.4621	66.523
2852	66.4621	66.5902
2853	66.4621	66.5062
2854	66.4621	66.5193
2855	66.4621	66.4644
2856	66.4621	66.4833
2857	66.4621	66.4647
2858	66.4621	66.5046
2859	66.4621	66.5843
2860	66.4621	66.7109
2861	66.4621	66.5135
2862	66.4621	66.4668
2863	66.4621	66.4621
2864	66.4621	66.48
2865	66.4621	66.5865
2866	66.4621	66.4621
2867	66.4621	66.4621
2868	66.4621	66.4621
2869	66.4621	66.5572
2870	66.4621	66.4621
2871	66.4621	66.4959
2872	66.4621	66.4831
2873	66.4621	66.6817
2874	66.4621	66.6907
2875	66.4621	66.5359
2876	66.4621	66.5016
2877	66.4621	66.4665
2878	66.4621	66.4997
2879	66.4621	66.4632
2880	66.4621	66.5284
2881	66.4621	66.5103
2882	66.4621	66.4621
2883	66.4621	66.5209
2884	66.4621	66.4621
2885	66.4621	66.4785
2886	66.4621	66.5051
2887	66.4621	66.4885
2888	66.4621	66.6071
2889	66.4621	66.5966
2890	66.4621	66.4964
2891	66.4621	66.4738
2892	66.4621	66.5569
2893	66.4621	66.4681
2894	66.4621	66.4621
2895	66.4621	66.4809
2896	66.4621	66.5054
2897	66.4621	66.465
2898	66.4621	66.535
2899	66.4621	66.4641
2900	66.4621	66.5732
2901	66.4621	66.5456
2902	66.4621	66.4683
2903	66.4621	66.5434
2904	66.4621	66.4887
2905	66.4621	66.4636
2906	66.4621	66.4621
2907	66.4621	66.5883
2908	66.4621	66.4808
2909	66.4621	66.5211
2910	66.4621	66.463
2911	66.4621	66.4621
2912	66.4621	66.4621
2913	66.4621	66.4621
2914	66.4621	66.4869
2915	66.4621	66.4699
2916	66.4621	66.4621
2917	66.4621	66.4621
2918	66.4621	66.4621
2919	66.4621	66.4621
2920	66.4621	66.4762
2921	66.4621	66.5529
2922	66.4621	66.5475
2923	66.4621	66.4621
2924	66.4621	66.4621
2925	66.4621	66.4813
2926	66.4621	66.5666
2927	66.4621	66.4621
2928	66.4621	66.4676
2929	66.4621	66.4621
2930	66.4621	66.4934
2931	66.4621	66.4636
2932	66.4621	66.4883
2933	66.4621	66.4621
2934	66.4621	66.4621
2935	66.4621	66.5008
2936	66.4621	66.4753
2937	66.4621	66.4621
2938	66.4621	66.4621
2939	66.4621	66.5454
2940	66.4621	66.4621
2941	66.4621	66.4621
2942	66.4621	66.4621
2943	66.4621	66.4621
2944	66.4621	66.5245
2945	66.4621	66.495
2946	66.4621	66.579
2947	66.4621	66.7432
2948	66.4621	66.4894
2949	66.4621	66.5212
2950	66.4621	66.4797
2951	66.4621	66.5532
2952	66.4621	66.573
2953	66.4621	66.5584
2954	66.4621	66.595
2955	66.4621	66.5082
2956	66.4621	66.5634
2957	66.4621	66.4621
2958	66.4621	66.4621
2959	66.4621	66.523
2960	66.4621	66.5506
2961	66.4621	66.4621
2962	66.4621	66.4838
2963	66.4621	66.4621
2964	66.4621	66.4621
2965	66.4621	66.4851
2966	66.4621	66.4621
2967	66.4621	66.4621
2968	66.4621	66.4621
2969	66.4621	66.8378
2970	66.4621	66.6797
2971	66.4621	66.5413
2972	66.4621	66.6034
2973	66.4621	66.5397
2974	66.4621	66.5141
2975	66.4621	66.4967
2976	66.4621	66.4925
2977	66.4621	66.675
2978	66.4621	66.4985
2979	66.4621	66.4748
2980	66.4621	66.5066
2981	66.4621	66.4884
2982	66.4621	66.5896
2983	66.4621	66.4621
2984	66.4621	66.4621
2985	66.4621	66.5611
2986	66.4621	66.7302
2987	66.4621	66.5643
2988	66.4621	66.6465
2989	66.4621	66.6149
2990	66.4621	66.6581
2991	66.4621	66.4621
2992	66.4621	66.4621
2993	66.4621	66.4621
2994	66.4621	66.493
2995	66.4621	66.6698
2996	66.4621	66.5322
2997	66.4621	66.6792
2998	66.4621	66.6019
2999	66.4621	66.4693
3000	66.4621	66.4658
3001	66.4621	66.4621
3002	66.4621	66.4621
3003	66.4621	66.4853
3004	66.4621	66.4621
3005	66.4621	66.5208
3006	66.4621	66.4692
3007	66.4621	66.651
3008	66.4621	66.4682
3009	66.4621	66.4621
3010	66.4621	66.4621
3011	66.4621	66.4635
3012	66.4621	66.4621
3013	66.4621	66.4739
3014	66.4621	66.5077
3015	66.4621	66.4664
3016	66.4621	66.4621
3017	66.4621	66.4621
3018	66.4621	66.5474
3019	66.4621	66.4935
3020	66.4621	66.4621
3021	66.4621	66.514
3022	66.4621	66.4621
3023	66.4621	66.4621
3024	66.4621	66.4621
3025	66.4621	66.5642
3026	66.4621	66.5028
3027	66.4621	66.4621
3028	66.4621	66.4621
3029	66.4621	66.525
3030	66.4621	66.5219
3031	66.4621	66.6135
3032	66.4621	66.4824
3033	66.4621	66.4621
3034	66.4621	66.481
3035	66.4621	66.5243
3036	66.4621	66.4973
3037	66.4621	66.4631
3038	66.4621	66.4779
3039	66.4621	66.5627
3040	66.4621	66.5415
3041	66.4621	66.4809
3042	66.4621	66.5778
3043	66.4621	66.6803
3044	66.4621	66.5798
3045	66.4621	66.465
3046	66.4111	66.4619
3047	66.4111	66.4557
3048	66.4111	66.4944
3049	66.4111	66.4401
3050	66.4111	66.4592
3051	66.4111	66.4582
3052	66.4111	66.4213
3053	66.4111	66.4283
3054	66.4111	66.4158
3055	66.4111	66.4197
3056	66.4111	66.4391
3057	66.4111	66.4983
3058	66.4111	66.5658
3059	66.4111	66.4265
3060	66.4111	66.4111
3061	66.4111	66.4111
3062	66.2397	66.4489
3063	66.2397	66.4032
3064	66.2397	66.4162
3065	66.2397	66.3303
3066	66.2397	66.2771
3067	66.2397	66.3068
3068	66.2397	66.2738
3069	66.2397	66.2397
3070	66.2397	66.2397
3071	66.2397	66.2397
3072	66.2397	66.3097
3073	66.2397	66.2397
3074	66.2397	66.2397
3075	66.2397	66.2397
3076	66.2397	66.2776
3077	66.2397	66.4224
3078	66.2397	66.3051
3079	66.2397	66.4263
3080	66.2397	66.2484
3081	66.2397	66.2497
3082	66.2397	66.3898
3083	66.2397	66.2825
3084	66.2397	66.2397
3085	66.2397	66.2397
3086	66.2397	66.2397
3087	66.2397	66.3248
3088	66.2397	66.532
3089	66.2397	66.2681
3090	66.2397	66.3525
3091	66.2397	66.2668
3092	66.2397	66.3754
3093	66.2397	66.3344
3094	66.2397	66.2629
3095	66.2397	66.2974
3096	66.2397	66.3764
3097	66.2397	66.4082
3098	66.2397	66.2883
3099	66.2397	66.2397
3100	66.2397	66.2397
3101	66.2397	66.3059
3102	66.2397	66.4009
3103	66.2397	66.2455
3104	66.2397	66.2793
3105	66.2397	66.2525
3106	66.2397	66.3334
3107	66.2397	66.3562
3108	66.2397	66.2397
3109	66.2397	66.2397
3110	66.2397	66.2754
3111	66.2397	66.2397
3112	66.2397	66.2397
3113	66.2397	66.3121
3114	66.2397	66.2397
3115	66.2397	66.2614
3116	66.2397	66.2397
3117	66.2397	66.2397
3118	66.2397	66.2397
3119	66.2397	66.3057
3120	66.2397	66.2397
3121	66.2397	66.2397
3122	66.2397	66.2397
3123	66.2397	66.2397
3124	66.2397	66.2397
3125	66.2397	66.2583
3126	66.2397	66.242
3127	66.2397	66.2397
3128	66.2397	66.2439
3129	66.2397	66.2397
3130	66.2397	66.3021
3131	66.2397	66.2681
3132	66.2397	66.2451
3133	66.2397	66.2397
3134	66.2397	66.3261
3135	66.2397	66.3575
3136	66.2397	66.291
3137	66.2397	66.2671
3138	66.2397	66.2778
3139	66.2397	66.2508
3140	66.2397	66.361
3141	66.2397	66.2397
3142	66.2397	66.2397
3143	66.2397	66.2397
3144	66.2397	66.2397
3145	66.2397	66.2397
3146	66.2397	66.2397
3147	66.2397	66.2412
3148	66.2397	66.4132
3149	66.2397	66.4133
3150	66.2397	66.4577
3151	66.2397	66.3789
3152	66.2397	66.2977
3153	66.2397	66.2397
3154	66.2397	66.3468
3155	66.2397	66.5641
3156	66.2397	66.355
3157	66.2397	66.4709
3158	66.2397	66.2425
3159	66.2397	66.4796
3160	66.2397	66.3369
3161	66.2397	66.251
3162	66.2397	66.2438
3163	66.2397	66.3966
3164	66.2397	66.2752
3165	66.2397	66.2545
3166	66.2397	66.3199
3167	66.2397	66.2535
3168	66.2397	66.2397
3169	66.2397	66.2814
3170	66.2397	66.2473
3171	66.2397	66.2592
3172	66.2397	66.2397
3173	66.2397	66.3792
3174	66.2397	66.513
3175	66.2397	66.2451
3176	66.2397	66.3087
3177	66.2397	66.3026
3178	66.2397	66.2864
3179	66.2397	66.2397
3180	66.2397	66.2418
3181	66.2397	66.2493
3182	66.2397	66.2584
3183	66.2397	66.2407
3184	66.2397	66.3115
3185	66.2397	66.2397
3186	66.2397	66.2397
3187	66.2397	66.2551
3188	66.2397	66.2771
3189	66.2397	66.2448
3190	66.2397	66.2397
3191	66.2397	66.2824
3192	66.2397	66.2397
3193	66.2397	66.349
3194	66.2397	66.3383
3195	66.2397	66.2397
3196	66.2397	66.2425
3197	66.2397	66.2432
3198	66.2397	66.2588
3199	66.2397	66.2868
3200	66.2397	66.2922
3201	66.2397	66.2967
3202	66.2397	66.2941
3203	66.2397	66.2638
3204	66.2397	66.2732
3205	66.2397	66.2397
3206	66.2397	66.2731
3207	66.2397	66.2397
3208	66.2397	66.4122
3209	66.2397	66.5102
3210	66.2397	66.2562
3211	66.2397	66.4449
3212	66.2397	66.302
3213	66.2397	66.3045
3214	66.2397	66.3424
3215	66.2397	66.3247
3216	66.2397	66.3175
3217	66.2397	66.4263
3218	66.2397	66.3923
3219	66.2397	66.4976
3220	66.2397	66.279
3221	66.2397	66.2655
3222	66.2397	66.2773
3223	66.2397	66.3277
3224	66.2397	66.3178
3225	66.2397	66.2585
3226	66.2397	66.395
3227	66.2397	66.2592
3228	66.2397	66.4987
3229	66.2397	66.2397
3230	66.2397	66.2651
3231	66.2397	66.3102
3232	66.2397	66.276
3233	66.2397	66.3223
3234	66.2397	66.2942
3235	66.2397	66.3506
3236	66.2397	66.242
3237	66.2397	66.2397
3238	66.2397	66.2397
3239	66.2397	66.3799
3240	66.2397	66.4032
3241	66.2397	66.2669
3242	66.2397	66.287
3243	66.2397	66.2445
3244	66.2397	66.2924
3245	66.2397	66.3778
3246	66.2397	66.4371
3247	66.2397	66.4293
3248	66.2397	66.287
3249	66.2397	66.2595
3250	66.2397	66.2397
3251	66.2397	66.2397
3252	66.2397	66.2514
3253	66.2397	66.2625
3254	66.2397	66.2397
3255	66.2397	66.2405
3256	66.2397	66.4807
3257	66.2397	66.5118
3258	66.2397	66.3691
3259	66.2397	66.2784
3260	66.2397	66.2567
3261	66.2397	66.2616
3262	66.2397	66.2397
3263	66.2397	66.2407
3264	66.2397	66.2596
3265	66.2397	66.251
3266	66.2397	66.2828
3267	66.2397	66.3192
3268	66.2397	66.2594
3269	66.2397	66.3149
3270	66.2397	66.2699
3271	66.2397	66.3393
3272	66.2397	66.2571
3273	66.2397	66.2686
3274	66.2397	66.2558
3275	66.2397	66.2903
3276	66.2397	66.2397
3277	66.2397	66.2616
3278	66.2397	66.2397
3279	66.2397	66.263
3280	66.2397	66.3789
3281	66.2397	66.2919
3282	66.2397	66.4694
3283	66.2397	66.2775
3284	66.2397	66.2453
3285	66.2397	66.3205
3286	66.2397	66.331
3287	66.2397	66.2544
3288	66.2397	66.243
3289	66.2397	66.3123
3290	66.2397	66.2397
3291	66.2397	66.2643
3292	66.2397	66.3717
3293	66.2397	66.3114
3294	66.2397	66.3246
3295	66.2397	66.2999
3296	66.2397	66.2772
3297	66.2397	66.244
3298	66.2397	66.2397
3299	66.2397	66.2894
3300	66.2397	66.2397
3301	66.2397	66.2397
3302	66.2397	66.2397
3303	66.2397	66.2997
3304	66.2397	66.2627
3305	66.2397	66.3138
3306	66.2397	66.2514
3307	66.2397	66.3588
3308	66.2397	66.335
3309	66.2397	66.6063
3310	66.2397	66.3134
3311	66.2397	66.2832
3312	66.2397	66.2704
3313	66.2397	66.3398
3314	66.2397	66.2397
3315	66.2397	66.2449
3316	66.2397	66.2931
3317	66.2397	66.6476
3318	66.2397	66.2943
3319	66.2397	66.2397
3320	66.2397	66.2531
3321	66.2397	66.4706
3322	66.2397	66.2483
3323	66.2397	66.2691
3324	66.2397	66.5208
3325	66.2397	66.4626
3326	66.2397	66.2417
3327	66.2397	66.2397
3328	66.2397	66.2477
3329	66.2397	66.259
3330	66.2397	66.286
3331	66.2397	66.318
3332	66.2397	66.3324
3333	66.2397	66.2532
3334	66.2397	66.2397
3335	66.2397	66.2649
3336	66.2397	66.2844
3337	66.2397	66.3272
3338	66.2397	66.3647
3339	66.2397	66.2632
3340	66.2397	66.3459
3341	66.2397	66.284
3342	66.2397	66.3444
3343	66.2397	66.5819
3344	66.2397	66.3155
3345	66.2397	66.2892
3346	66.2397	66.268
3347	66.2397	66.273
3348	66.2397	66.2397
3349	66.2397	66.2932
3350	66.2397	66.3086
3351	66.2397	66.27
3352	66.2397	66.2821
3353	66.2397	66.2848
3354	66.2397	66.2679
3355	66.2397	66.2489
3356	66.2397	66.2838
3357	66.2397	66.3913
3358	66.2397	66.3096
3359	66.2397	66.4674
3360	66.2397	66.2397
3361	66.2397	66.2398
3362	66.2397	66.2467
3363	66.2397	66.2397
3364	66.2397	66.2397
3365	66.2397	66.2397
3366	66.2397	66.2397
3367	66.2397	66.2397
3368	66.2397	66.2402
3369	66.2397	66.2397
3370	66.2397	66.2518
3371	66.2397	66.2397
3372	66.2397	66.2658
3373	66.2397	66.2397
3374	66.2397	66.2397
3375	66.2397	66.4345
3376	66.2397	66.2397
3377	66.2397	66.2397
3378	66.2397	66.2478
3379	66.2397	66.2757
3380	66.2397	66.3975
3381	66.2397	66.3418
3382	66.2397	66.2397
3383	66.2397	66.2558
3384	66.2397	66.2861
3385	66.2397	66.2755
3386	66.2397	66.3736
3387	66.2397	66.241
3388	66.2397	66.2648
3389	66.2397	66.2447
3390	66.2397	66.3149
3391	66.2397	66.2776
3392	66.2397	66.376
3393	66.2397	66.3232
3394	66.2397	66.397
3395	66.2397	66.6507
3396	66.2397	66.2442
3397	66.2397	66.2617
3398	66.2397	66.2445
3399	66.2397	66.3186
3400	66.2397	66.262
3401	66.2397	66.5911
3402	66.2397	66.4417
3403	66.2397	66.2474
3404	66.2397	66.2711
3405	66.2397	66.38
3406	66.2397	66.4843
3407	66.2397	66.2772
3408	66.2397	66.3162
3409	66.2397	66.2397
3410	66.2397	66.2397
3411	66.2397	66.2861
3412	66.2397	66.2444
3413	66.2397	66.3208
3414	66.2397	66.5117
3415	66.2397	66.3635
3416	66.2397	66.3803
3417	66.2397	66.2922
3418	66.2397	66.3101
3419	66.2397	66.2397
3420	66.2397	66.3468
3421	66.2397	66.2648
3422	66.2397	66.2397
3423	66.2397	66.4946
3424	66.2397	66.4412
3425	66.2397	66.2449
3426	66.2397	66.2436
3427	66.2397	66.2401
3428	66.2397	66.2397
3429	66.2397	66.2397
3430	66.2397	66.2951
3431	66.2397	66.2543
3432	66.2397	66.2617
3433	66.2397	66.5267
3434	66.2397	66.2473
3435	66.2397	66.3094
3436	66.2397	66.3232
3437	66.2397	66.2482
3438	66.2397	66.2625
3439	66.2397	66.2543
3440	66.2397	66.2397
3441	66.2397	66.2616
3442	66.2397	66.3475
3443	66.2397	66.4124
3444	66.2397	66.4197
3445	66.2397	66.3517
3446	66.2397	66.2761
3447	66.2397	66.2867
3448	66.2397	66.3594
3449	66.2397	66.3063
3450	66.2397	66.251
3451	66.2397	66.2697
3452	66.2397	66.2397
3453	66.2397	66.3352
3454	66.2397	66.2397
3455	66.2397	66.2522
3456	66.2397	66.2649
3457	66.2397	66.2901
3458	66.2397	66.3505
3459	66.2397	66.2598
3460	66.2397	66.4134
3461	66.2397	66.2651
3462	66.2397	66.2491
3463	66.2397	66.4099
3464	66.2397	66.2558
3465	66.2397	66.2926
3466	66.2397	66.2397
3467	66.2397	66.2468
3468	66.2397	66.2885
3469	66.2397	66.2786
3470	66.2397	66.2407
3471	66.2397	66.329
3472	66.2397	66.2936
3473	66.2397	66.2701
3474	66.2397	66.2706
3475	66.2397	66.3381
3476	66.2397	66.2903
3477	66.2397	66.2423
3478	66.2397	66.2397
3479	66.2397	66.3012
3480	66.2397	66.2633
3481	66.2397	66.2397
3482	66.2397	66.2397
3483	66.2397	66.2823
3484	66.2397	66.2402
3485	66.2397	66.2397
3486	66.2397	66.2701
3487	66.2397	66.2547
3488	66.2397	66.261
3489	66.2397	66.2545
3490	66.2397	66.2397
3491	66.2397	66.2397
3492	66.2397	66.3545
3493	66.2397	66.2397
3494	66.2397	66.2397
3495	66.2397	66.343
3496	66.2397	66.2397
3497	66.2397	66.2468
3498	66.2397	66.2397
3499	66.2397	66.2397
3500	66.2397	66.3208
3501	66.2397	66.2397
3502	66.2397	66.2646
3503	66.2397	66.3287
3504	66.2397	66.3118
3505	66.2397	66.3111
3506	66.2397	66.3616
3507	66.2397	66.3147
3508	66.2397	66.3348
3509	66.2397	66.2397
3510	66.2397	66.5064
3511	66.2397	66.5696
3512	66.2397	66.334
3513	66.2397	66.4131
3514	66.2397	66.2411
3515	66.2397	66.2397
3516	66.2397	66.2397
3517	66.2397	66.3521
3518	66.2397	66.2397
3519	66.2397	66.3224
3520	66.2397	66.2599
3521	66.2397	66.3911
3522	66.2397	66.2583
3523	66.2397	66.3482
3524	66.2397	66.3081
3525	66.2397	66.4392
3526	66.2397	66.3296
3527	66.2397	66.2906
3528	66.2397	66.2397
3529	66.2397	66.2992
3530	66.2397	66.2899
3531	66.2397	66.2397
3532	66.2397	66.2624
3533	66.2397	66.2555
3534	66.2397	66.2497
3535	66.2397	66.3057
3536	66.2397	66.2397
3537	66.2397	66.2397
3538	66.2397	66.4143
3539	66.2397	66.3141
3540	66.2397	66.2553
3541	66.2397	66.2618
3542	66.2397	66.3802
3543	66.2397	66.2987
3544	66.2397	66.2397
3545	66.2397	66.2858
3546	66.2397	66.2817
3547	66.2397	66.2397
3548	66.2397	66.4405
3549	66.2397	66.3461
3550	66.2397	66.3259
3551	66.2397	66.3603
3552	66.2397	66.2441
3553	66.2397	66.2774
3554	66.2397	66.2445
3555	66.2397	66.2397
3556	66.2397	66.3383
3557	66.2397	66.2506
3558	66.2397	66.2397
3559	66.2397	66.2728
3560	66.2397	66.2397
3561	66.2397	66.2543
3562	66.2397	66.2412
3563	66.2397	66.2397
3564	66.2397	66.3136
3565	66.2397	66.3397
3566	66.2397	66.2756
3567	66.2397	66.3356
3568	66.2397	66.2836
3569	66.2397	66.3988
3570	66.2397	66.261
3571	66.2397	66.258
3572	66.2397	66.2835
3573	66.2397	66.2434
3574	66.2397	66.2397
3575	66.2397	66.2397
3576	66.2397	66.2397
3577	66.2397	66.2397
3578	66.2397	66.2397
3579	66.2397	66.2397
3580	66.2397	66.2672
3581	66.2397	66.2495
3582	66.2397	66.2397
3583	66.2397	66.2514
3584	66.2397	66.2503
3585	66.2397	66.2472
3586	66.2397	66.2397
3587	66.2397	66.2397
3588	66.2397	66.2483
3589	66.2397	66.2795
3590	66.2397	66.2624
3591	66.2397	66.2397
3592	66.2397	66.2821
3593	66.2397	66.2511
3594	66.2397	66.2397
3595	66.2397	66.2426
3596	66.2397	66.3103
3597	66.2397	66.2397
3598	66.2397	66.2397
3599	66.2397	66.2397
3600	66.2397	66.2397
3601	66.2397	66.353
3602	66.2397	66.3163
3603	66.2397	66.3341
3604	66.2397	66.3733
3605	66.2397	66.2507
3606	66.2397	66.3381
3607	66.2397	66.3832
3608	66.2397	66.2734
3609	66.2397	66.2397
3610	66.2397	66.2524
3611	66.2397	66.2405
3612	66.2397	66.2397
3613	66.2397	66.2397
3614	66.2397	66.2397
3615	66.2397	66.2397
3616	66.2397	66.2667
3617	66.2397	66.2777
3618	66.2397	66.2867
3619	66.2397	66.2397
3620	66.2397	66.2397
3621	66.2397	66.2434
3622	66.2397	66.2945
3623	66.2397	66.2527
3624	66.2397	66.256
3625	66.2397	66.2397
3626	66.2397	66.2397
3627	66.2397	66.404
3628	66.2397	66.2397
3629	66.2397	66.2516
3630	66.2397	66.2688
3631	66.2397	66.2913
3632	66.2397	66.3169
3633	66.2397	66.2872
3634	66.2397	66.3206
3635	66.2397	66.2397
3636	66.2397	66.252
3637	66.2397	66.258
3638	66.2397	66.28
3639	66.2397	66.2798
3640	66.2397	66.2472
3641	66.2397	66.2397
3642	66.2397	66.2397
3643	66.2397	66.2455
3644	66.2397	66.2397
3645	66.2397	66.2397
3646	66.2397	66.2397
3647	66.2397	66.2397
3648	66.2397	66.2429
3649	66.2397	66.3258
3650	66.2397	66.2845
3651	66.2397	66.3138
3652	66.2397	66.5272
3653	66.2397	66.5046
3654	66.2397	66.6086
3655	66.2397	66.3925
3656	66.2397	66.2612
3657	66.2397	66.2397
3658	66.2397	66.2704
3659	66.2397	66.2424
3660	66.2397	66.2397
3661	66.2397	66.2397
3662	66.2397	66.2798
3663	66.2397	66.2397
3664	66.2397	66.2504
3665	66.2397	66.374
3666	66.2397	66.2535
3667	66.2397	66.2397
3668	66.2397	66.3411
3669	66.2397	66.2397
3670	66.2397	66.2488
3671	66.2397	66.2397
3672	66.2397	66.2411
3673	66.2397	66.2653
3674	66.2397	66.3458
3675	66.2397	66.3231
3676	66.2397	66.3845
3677	66.2397	66.3374
3678	66.2397	66.2407
3679	66.2397	66.3894
3680	66.2397	66.3185
3681	66.2397	66.2397
3682	66.2397	66.2397
3683	66.2397	66.2397
3684	66.2397	66.2397
3685	66.2397	66.2397
3686	66.2397	66.2397
3687	66.2397	66.2397
3688	66.2397	66.2443
3689	66.2397	66.2474
3690	66.2397	66.2724
3691	66.2397	66.2762
3692	66.2397	66.3134
3693	66.2397	66.4983
3694	66.2397	66.2592
3695	66.2397	66.2397
3696	66.2397	66.2397
3697	66.2397	66.2397
3698	66.2397	66.3461
3699	66.2397	66.2397
3700	66.2397	66.2397
3701	66.2397	66.2397
3702	66.2397	66.2397
3703	66.2397	66.2426
3704	66.2397	66.2443
3705	66.2397	66.265
3706	66.2397	66.2813
3707	66.2397	66.2729
3708	66.2397	66.251
3709	66.2397	66.2397
3710	66.2397	66.2397
3711	66.2397	66.2397
3712	66.2397	66.2397
3713	66.2397	66.2397
3714	66.2397	66.2905
3715	66.2397	66.3576
3716	66.2397	66.3059
3717	66.2397	66.2666
3718	66.2397	66.2397
3719	66.2397	66.2397
3720	66.2397	66.2517
3721	66.2397	66.2671
3722	66.2397	66.481
3723	66.2397	66.2922
3724	66.2397	66.2397
3725	66.2397	66.2397
3726	66.2397	66.3195
3727	66.2397	66.2461
3728	66.2397	66.2747
3729	66.2397	66.2502
3730	66.2397	66.2397
3731	66.2397	66.2397
3732	66.2397	66.2413
3733	66.2397	66.2397
3734	66.2397	66.2397
3735	66.2397	66.2813
3736	66.2397	66.4395
3737	66.2397	66.2942
3738	66.2397	66.3279
3739	66.2397	66.275
3740	66.2397	66.2397
3741	66.2397	66.2787
3742	66.2397	66.2437
3743	66.2397	66.2914
3744	66.2397	66.4601
3745	66.2397	66.2595
3746	66.2397	66.4267
3747	66.2397	66.3444
3748	66.2397	66.5467
3749	66.2397	66.7348
3750	66.2397	66.3688
3751	66.2397	66.2397
3752	66.2397	66.2402
3753	66.2397	66.2798
3754	66.2397	66.2824
3755	66.2397	66.2802
3756	66.2397	66.4351
3757	66.2397	66.3069
3758	66.2397	66.2979
3759	66.2397	66.2599
3760	66.2397	66.2983
3761	66.2397	66.2397
3762	66.2397	66.3
3763	66.2397	66.2397
3764	66.2397	66.2397
3765	66.2397	66.2397
3766	66.2397	66.2397
3767	66.2397	66.2397
3768	66.2397	66.3322
3769	66.2397	66.3047
3770	66.2397	66.2553
3771	66.2397	66.2416
3772	66.2397	66.2397
3773	66.2397	66.253
3774	66.2397	66.2397
3775	66.2397	66.2534
3776	66.2397	66.2397
3777	66.2397	66.245
3778	66.2397	66.2397
3779	66.2397	66.3263
3780	66.2397	66.3569
3781	66.2397	66.532
3782	66.2397	66.4129
3783	66.2397	66.3142
3784	66.2397	66.2792
3785	66.2397	66.2397
3786	66.2397	66.2397
3787	66.2397	66.2507
3788	66.2397	66.254
3789	66.2397	66.2525
3790	66.2397	66.2796
3791	66.2397	66.2397
3792	66.2397	66.2622
3793	66.2397	66.2602
3794	66.2397	66.2557
3795	66.2397	66.2616
3796	66.2397	66.245
3797	66.2397	66.2397
3798	66.2397	66.2501
3799	66.2397	66.3923
3800	66.2397	66.2722
3801	66.2397	66.2942
3802	66.2397	66.2523
3803	66.2397	66.2397
3804	66.2397	66.2436
3805	66.2397	66.4899
3806	66.2397	66.3823
3807	66.2397	66.253
3808	66.2397	66.2489
3809	66.2397	66.2397
3810	66.2397	66.2397
3811	66.2397	66.2397
3812	66.2397	66.4049
3813	66.2397	66.2445
3814	66.2397	66.2397
3815	66.2397	66.2397
3816	66.2397	66.313
3817	66.2397	66.4826
3818	66.2397	66.2756
3819	66.2397	66.315
3820	66.2397	66.2565
3821	66.2397	66.334
3822	66.2397	66.6921
3823	66.2397	66.456
3824	66.2397	66.2397
3825	66.2397	66.2576
3826	66.2397	66.2462
3827	66.2397	66.2397
3828	66.2397	66.2397
3829	66.2397	66.2696
3830	66.2397	66.2695
3831	66.2397	66.2405
3832	66.2397	66.2752
3833	66.2397	66.3413
3834	66.2397	66.2585
3835	66.2397	66.2619
3836	66.2397	66.3098
3837	66.2397	66.256
3838	66.2397	66.2397
3839	66.2397	66.2397
3840	66.2397	66.2401
3841	66.2397	66.2397
3842	66.2397	66.2397
3843	66.2397	66.2837
3844	66.2397	66.2397
3845	66.2397	66.2397
3846	66.2397	66.2397
3847	66.2397	66.2419
3848	66.2397	66.252
3849	66.2397	66.4799
3850	66.2397	66.3748
3851	66.2397	66.2443
3852	66.2397	66.2397
3853	66.2397	66.2397
3854	66.2397	66.2397
3855	66.2397	66.2397
3856	66.2397	66.2397
3857	66.2397	66.3134
3858	66.2397	66.4521
3859	66.2397	66.424
3860	66.2397	66.4849
3861	66.2397	66.4777
3862	66.2397	66.2929
3863	66.2397	66.2397
3864	66.2397	66.2397
3865	66.2397	66.2397
3866	66.2397	66.2397
3867	66.2397	66.3768
3868	66.2397	66.2635
3869	66.2397	66.2428
3870	66.2397	66.2397
3871	66.2397	66.2397
3872	66.2397	66.2397
3873	66.2397	66.2397
3874	66.2397	66.2397
3875	66.2397	66.2397
3876	66.2397	66.2397
3877	66.2397	66.3878
3878	66.2397	66.2397
3879	66.2397	66.2451
3880	66.2397	66.2557
3881	66.2397	66.3384
3882	66.2397	66.2811
3883	66.2397	66.2982
3884	66.2397	66.3221
3885	66.2397	66.2768
3886	66.2397	66.3332
3887	66.2397	66.2517
3888	66.2397	66.2397
3889	66.2397	66.2397
3890	66.2397	66.2561
3891	66.2397	66.2397
3892	66.2397	66.5463
3893	66.2397	66.2966
3894	66.2397	66.2397
3895	66.2397	66.2397
3896	66.2397	66.2397
3897	66.2397	66.2546
3898	66.2397	66.2584
3899	66.2397	66.3846
3900	66.2397	66.3105
3901	66.2397	66.2556
3902	66.2397	66.2454
3903	66.2397	66.2397
3904	66.2397	66.251
3905	66.2397	66.242
3906	66.2397	66.2456
3907	66.2397	66.2397
3908	66.2397	66.2939
3909	66.2397	66.2397
3910	66.2397	66.2397
3911	66.2397	66.2397
3912	66.2397	66.2397
3913	66.2397	66.2397
3914	66.2397	66.2397
3915	66.2397	66.2397
3916	66.2397	66.2483
3917	66.2397	66.2719
3918	66.2397	66.2871
3919	66.2397	66.2924
3920	66.2397	66.2606
3921	66.2397	66.2632
3922	66.2397	66.265
3923	66.2397	66.3387
3924	66.2397	66.2397
3925	66.2397	66.305
3926	66.2397	66.2397
3927	66.2397	66.3642
3928	66.2397	66.2737
3929	66.2397	66.2598
3930	66.2397	66.396
3931	66.2397	66.3321
3932	66.2397	66.3302
3933	66.2397	66.2397
3934	66.2397	66.2397
3935	66.2397	66.2397
3936	66.2397	66.4064
3937	66.2397	66.291
3938	66.2397	66.3702
3939	66.2397	66.3403
3940	66.2397	66.4342
3941	66.2397	66.427
3942	66.2397	66.5111
3943	66.2397	66.3647
3944	66.2397	66.2641
3945	66.2397	66.3296
3946	66.2397	66.2894
3947	66.2397	66.5422
3948	66.2397	66.3878
3949	66.2397	66.4291
3950	66.2397	66.4532
3951	66.2397	66.2397
3952	66.2397	66.3267
3953	66.2397	66.3506
3954	66.2397	66.3434
3955	66.2397	66.2397
3956	66.2397	66.2399
3957	66.2397	66.2917
3958	66.2397	66.2397
3959	66.2397	66.2397
3960	66.2397	66.2397
3961	66.2397	66.2397
3962	66.2397	66.2936
3963	66.2397	66.2512
3964	66.2397	66.2956
3965	66.2397	66.3007
3966	66.2397	66.2657
3967	66.2397	66.3019
3968	66.2397	66.2397
3969	66.2397	66.2413
3970	66.2397	66.2397
3971	66.2397	66.2397
3972	66.2397	66.2785
3973	66.2397	66.4738
3974	66.2397	66.3858
3975	66.2397	66.249
3976	66.2397	66.2397
3977	66.2397	66.2418
3978	66.2397	66.3463
3979	66.2397	66.3712
3980	66.2397	66.299
3981	66.2397	66.3171
3982	66.2397	66.2511
3983	66.2397	66.3392
3984	66.2397	66.2397
3985	66.2397	66.273
3986	66.2397	66.2732
3987	66.2397	66.2789
3988	66.2397	66.4144
3989	66.2397	66.2416
3990	66.2397	66.2477
3991	66.2397	66.2623
3992	66.2397	66.2871
3993	66.2397	66.2397
3994	66.2397	66.2397
3995	66.2397	66.2643
3996	66.2397	66.3217
3997	66.2397	66.2645
3998	66.2397	66.2397
3999	66.2397	66.2508
