0	424.848	465.047
1	416.465	444.849
2	396.854	429.774
3	384.407	412.954
4	364.742	397.519
5	350.556	382.538
6	343.331	368.011
7	340.77	354.204
8	330.38	345.955
9	320.904	339.081
10	313.276	330.87
11	307.898	323.688
12	297.591	315.342
13	291.715	306.481
14	288.946	298.679
15	284.912	294.658
16	282.424	290.784
17	275.723	286.403
18	270.547	282.453
19	267.397	277.776
20	256.334	271.986
21	252.527	266.984
22	248.938	261.36
23	243.45	254.837
24	238.428	249.891
25	227.835	244.499
26	225.677	237.749
27	221.571	231.797
28	220.295	226.78
29	215.832	224.155
30	215.832	221.998
31	213.825	219.09
32	210.718	216.735
33	207.713	214.824
34	202.672	211.565
35	201.939	207.999
36	199.859	204.446
37	197.488	202.529
38	191.208	200.551
39	190.129	198.082
40	187.105	194.373
41	184.678	190.856
42	184.06	188.642
43	181.03	186.739
44	177.324	184.506
45	176.409	182.177
46	174.325	179.314
47	171.89	177.479
48	171.096	175.826
49	169.566	173.756
50	167.605	171.87
51	163.925	170.747
52	163.925	170.267
53	161.716	169.54
54	161.224	166.851
55	159.449	164.47
56	158.173	163.104
57	157.36	161.412
58	156.22	159.939
59	155.367	158.295
60	154.755	157.573
61	153.73	156.764
62	152.845	155.763
63	151.097	154.464
64	150.196	153.702
65	149.289	152.235
66	149.289	151.102
67	148.595	150.277
68	147.37	149.73
69	146.255	148.771
70	145.031	147.894
71	142.533	146.844
72	141.921	145.389
73	140.452	143.903
74	139.747	142.567
75	138.772	141.417
76	137.666	140.481
77	134.983	139.389
78	134.983	138.076
79	132.696	136.777
80	132.696	135.365
81	130.053	134.057
82	130.053	132.879
83	130.053	132.126
84	129.234	131.042
85	129.182	130.496
86	128.568	130.287
87	124.833	129.747
88	123.543	128.41
89	123.491	126.507
90	123.491	125.231
91	122.416	124.237
92	121.946	123.607
93	121.829	122.954
94	121.366	122.643
95	121.249	121.903
96	120.582	121.535
97	120.565	121.274
98	120.299	120.953
99	119.147	120.683
100	118.296	120.6
101	113.738	120.569
102	113.738	121.326
103	112.65	120.609
104	112.328	118.733
105	112.328	116.195
106	111.482	114.279
107	110.214	113.429
108	108.962	112.663
109	108.803	111.382
110	107.551	110.47
111	107.551	109.727
112	106.416	108.702
113	106.416	107.789
114	105.99	107.199
115	105.944	106.733
116	105.518	106.273
117	105.035	106.213
118	105.035	106.275
119	103.264	105.72
120	103.264	105.114
121	103.264	104.284
122	103.264	103.805
123	103.264	103.664
124	103.264	103.424
125	103.023	103.348
126	103.023	103.257
127	102.087	103.28
128	102.087	102.945
129	101.339	102.495
130	101.339	102.163
131	101.153	101.765
132	101.153	101.569
133	101.024	101.465
134	100.419	101.201
135	100.29	101.057
136	100.034	100.753
137	99.8389	100.567
138	99.7707	100.34
139	99.5758	100.218
140	99.3197	100.463
141	99.3197	100.374
142	99.3197	99.6903
143	99.3197	99.6791
144	98.7847	99.4788
145	98.3227	99.4093
146	98.3214	99.0234
147	98.2078	98.9008
148	98.2078	98.8126
149	98.0425	98.9128
150	97.7053	98.6738
151	92.799	97.9418
152	92.7459	97.6791
153	91.8627	96.2886
154	91.8096	94.237
155	91.8096	92.6342
156	91.8096	92.2697
157	91.6045	91.9644
158	91.1376	92.075
159	91.0173	91.7452
160	90.8941	91.5722
161	90.8255	91.459
162	89.7627	91.064
163	89.4071	90.835
164	89.4071	90.5117
165	89.3385	90.3532
166	89.187	89.8452
167	88.7437	90.0967
168	88.7437	90.1308
169	88.3226	89.861
170	87.5078	89.8086
171	87.4391	89.2274
172	86.7254	88.4239
173	86.7254	87.7396
174	86.7254	87.4102
175	86.7254	86.9661
176	86.7254	86.7571
177	86.5904	86.7421
178	86.5198	86.7282
179	86.3848	86.6518
180	86.3454	86.5489
181	86.2104	86.4706
182	85.9812	86.3479
183	85.7229	86.3113
184	84.9828	86.3552
185	84.9828	87.2031
186	84.207	87.5174
187	84.207	87.4558
188	84.207	88.1903
189	84.207	86.7896
190	84.207	85.5333
191	83.969	84.5345
192	83.969	84.3983
193	83.7117	84.3794
194	83.4787	84.063
195	83.2192	84.0454
196	83.1773	83.6613
197	83.1083	83.7622
198	83.1083	84.2859
199	82.4458	84.1349
200	82.0753	83.6743
201	81.1216	83.7042
202	81.1216	85.5709
203	81.1216	84.384
204	81.1216	82.6515
205	81.1216	81.942
206	80.9543	81.516
207	80.057	81.4144
208	79.9417	81.0627
209	78.5466	80.9014
210	78.5466	80.2323
211	78.5466	79.2131
212	78.0671	78.8438
213	78.0671	78.9123
214	78.0671	79.7868
215	78.0671	79.5756
216	78.0671	78.9646
217	78.0671	78.24
218	78.0671	78.1412
219	78.0671	78.0789
220	78.0671	78.1605
221	77.6814	78.1902
222	77.6814	78.0862
223	77.6814	77.9116
224	77.6814	77.7639
225	77.6814	77.7408
226	77.4286	77.6944
227	77.3963	77.6455
228	77.3963	77.5987
229	77.3963	77.7297
230	76.8279	77.7846
231	76.8279	78.3751
232	76.6732	78.9267
233	76.6732	78.4775
234	76.6732	77.6543
235	76.6732	77.1058
236	76.6631	77.1567
237	76.299	76.6698
238	76.1526	76.6107
239	76.1526	76.4706
240	76.1526	76.4367
241	76.1526	76.3309
242	76.1526	76.1886
243	76.1526	76.2811
244	76.1526	76.3319
245	76.1526	76.342
246	76.1526	76.3216
247	75.929	76.2768
248	75.929	76.2052
249	75.929	76.0955
250	75.929	75.9801
251	75.929	75.9442
252	75.929	76.0485
253	75.929	75.977
254	75.8092	76.1625
255	75.8092	76.3892
256	75.7909	76.6271
257	75.7909	76.8328
258	75.6785	77.1468
259	75.6785	76.507
260	75.4395	76.0935
261	75.4395	75.7459
262	75.4395	75.7875
263	73.8815	75.6356
264	73.8815	75.6622
265	73.707	76.1077
266	73.707	75.4511
267	73.4348	74.7145
268	73.4348	74.2612
269	73.4348	73.8455
270	73.4348	73.6783
271	73.4348	73.516
272	73.4348	73.6295
273	73.4348	73.4348
274	73.1108	73.4598
275	73.1108	73.5789
276	73.1108	73.892
277	73.1108	73.8235
278	73.1108	73.7852
279	73.1108	73.4832
280	73.1108	73.1373
281	73.1108	73.1108
282	73.1108	73.1108
283	73.1108	73.1512
284	73.1108	73.1108
285	73.1108	73.1233
286	73.1108	73.1758
287	73.1108	73.3012
288	73.1108	73.1615
289	72.9167	73.2246
290	72.9167	73.0786
291	72.8694	73.0053
292	72.8694	73.014
293	72.8694	73.0651
294	72.8694	72.9482
295	72.8077	72.9091
296	72.8077	72.8877
297	72.8077	72.8377
298	72.8077	72.8733
299	72.8077	72.8536
300	72.8077	72.8112
301	72.8077	72.8094
302	72.8077	72.8077
303	72.8077	72.8078
304	72.8077	72.8077
305	72.8077	73.0429
306	72.7229	72.967
307	72.2745	72.8362
308	71.3205	72.8623
309	71.3205	72.3261
310	71.3205	71.8884
311	71.3205	71.3918
312	71.3205	71.3363
313	71.3205	71.3205
314	71.3205	71.3335
315	71.3205	71.3255
316	71.3205	71.3205
317	71.3205	71.3935
318	71.3205	71.4069
319	71.3205	71.5851
320	71.3205	71.5877
321	71.3205	71.4813
322	71.3205	71.4171
323	71.3205	71.341
324	71.3205	71.3411
325	71.3205	71.3205
326	71.3205	71.5162
327	71.3205	71.4565
328	71.3205	71.407
329	71.3205	71.3205
330	71.3205	71.3205
331	71.3205	71.3678
332	71.3205	71.3205
333	71.3205	71.4313
334	71.3205	71.4867
335	71.3205	71.3408
336	71.3205	71.4572
337	71.3205	71.507
338	71.3205	71.3941
339	71.3205	71.3798
340	71.3205	71.4017
341	71.3205	71.3744
342	71.3205	71.3713
343	71.3205	71.3205
344	71.3205	71.3216
345	71.3205	71.3231
346	71.3205	71.3205
347	71.3205	71.3271
348	71.3205	71.3205
349	71.3205	71.3205
350	71.3205	71.3444
351	69.2603	71.7804
352	69.2603	72.1099
353	69.2603	72.4844
354	69.2603	71.8701
355	69.2603	69.9263
356	69.2603	69.4766
357	69.2603	69.3356
358	69.2603	69.3653
359	69.2603	69.2652
360	69.2552	69.2721
361	69.2552	69.3366
362	69.2552	69.6113
363	69.2552	69.5196
364	69.2552	69.4648
365	69.2552	69.3386
366	68.6187	69.4017
367	68.6187	69.3046
368	68.6187	69.1299
369	68.6187	68.9475
370	68.6187	68.7269
371	68.6187	68.6187
372	68.6187	68.6187
373	68.6187	68.6187
374	68.6187	68.6187
375	68.6187	68.635
376	68.6187	68.6718
377	68.6187	68.6487
378	68.6187	68.8136
379	68.6187	68.9409
380	68.6187	68.8542
381	68.6187	68.7444
382	68.6187	68.6492
383	68.6187	68.6813
384	68.6187	68.6187
385	68.6187	68.6187
386	68.6187	68.6231
387	68.6187	68.7169
388	68.6187	68.632
389	68.6187	68.6293
390	68.6187	68.6382
391	68.6187	68.6226
392	68.6187	68.6565
393	68.6187	68.6207
394	68.6187	68.7396
395	68.5826	68.7541
396	68.5826	68.843
397	68.5826	68.7482
398	68.5826	68.6343
399	68.5826	68.626
400	68.5826	68.6499
401	68.5826	68.7049
402	68.5826	68.6302
403	68.5826	68.5826
404	68.5826	68.6599
405	68.5826	68.5851
406	68.5826	68.5826
407	68.5826	68.5826
408	68.5826	68.5826
409	68.5826	68.6028
410	68.5826	68.6165
411	68.5826	68.5826
412	68.5826	68.7682
413	68.5826	68.62
414	68.5826	68.8604
415	68.5826	68.5826
416	68.5826	68.5839
417	68.5826	68.6545
418	68.5826	68.954
419	68.5826	68.9443
420	68.5826	68.8269
421	68.5826	68.7028
422	68.5826	68.893
423	68.5826	68.8241
424	68.5826	68.5826
425	68.5826	68.5909
426	68.5826	68.5826
427	68.5826	68.6227
428	68.5826	68.7389
429	68.5826	68.5984
430	68.5826	68.6069
431	68.5826	68.6756
432	68.5826	68.6286
433	68.5826	68.5826
434	68.5826	68.6173
435	68.5826	68.591
436	68.5826	68.5982
437	68.5826	68.5917
438	68.5826	68.624
439	68.5826	68.8701
440	68.5826	68.6991
441	68.5826	68.6715
442	68.5826	68.6661
443	68.5826	68.6256
444	68.5826	68.6835
445	68.5826	68.6066
446	68.5826	68.6163
447	68.5826	68.6632
448	68.5826	68.7255
449	68.5826	69.0025
450	68.5826	68.6011
451	68.0081	68.5218
452	68.0081	68.4439
453	68.0081	68.1815
454	68.0081	68.0891
455	68.0081	68.028
456	68.0081	68.0357
457	68.0081	68.0121
458	68.0081	68.113
459	68.0081	68.1057
460	68.0081	68.088
461	68.0081	68.1489
462	68.0081	68.0763
463	68.0081	68.0337
464	68.0081	68.0785
465	68.0081	68.0255
466	68.0081	68.0081
467	68.0081	68.0081
468	68.0081	68.1833
469	68.0081	68.0127
470	68.0081	68.0081
471	68.0081	68.013
472	68.0081	68.0081
473	68.0081	68.0603
474	68.0081	68.0619
475	68.0081	68.1306
476	68.0081	68.0081
477	68.0081	68.0081
478	68.0081	68.0081
479	68.0081	68.0733
480	68.0081	68.1773
481	68.0081	68.0081
482	68.0081	68.1317
483	68.0081	68.0778
484	68.0081	68.2666
485	68.0081	68.0745
486	68.0081	68.0236
487	68.0081	68.0947
488	68.0081	68.0136
489	68.0081	68.0247
490	68.0081	68.0579
491	68.0081	68.1411
492	68.0081	68.1558
493	68.0081	68.0915
494	68.0081	68.0081
495	68.0081	68.0081
496	68.0081	68.1061
497	68.0081	68.2543
498	68.0081	68.111
499	68.0081	68.0081
500	68.0081	68.0133
501	68.0081	68.0081
502	68.0081	68.0103
503	68.0081	68.0081
504	68.0081	68.0081
505	68.0081	68.0081
506	68.0081	68.0633
507	68.0081	68.0081
508	68.0081	68.0285
509	68.0081	68.1383
510	68.0081	68.0081
511	68.0081	68.0489
512	68.0081	68.0975
513	68.0081	68.0123
514	68.0081	68.0242
515	68.0081	68.0582
516	68.0081	68.0133
517	68.0081	68.2725
518	68.0081	68.5771
519	68.0081	68.3571
520	68.0081	68.0788
521	68.0081	68.0534
522	68.0081	68.0081
523	68.0081	68.0313
524	68.0081	68.3862
525	68.0081	68.2181
526	68.0081	68.0844
527	68.0081	68.026
528	68.0081	68.0306
529	68.0081	68.0937
530	68.0081	68.0081
531	68.0081	68.0184
532	68.0081	68.0138
533	68.0081	68.3521
534	68.0081	68.0338
535	68.0081	68.0105
536	68.0081	68.0899
537	68.0081	68.0272
538	68.0081	68.0874
539	68.0081	68.2164
540	68.0081	68.114
541	68.0081	68.0394
542	68.0081	68.0551
543	68.0081	68.0217
544	68.0081	68.0081
545	68.0081	68.0411
546	68.0081	68.0311
547	68.0081	68.0081
548	68.0081	68.0455
549	68.0081	68.0767
550	68.0081	68.0649
551	67.6495	67.9912
552	67.6495	67.829
553	67.6495	67.7359
554	67.6495	67.792
555	67.6495	67.6618
556	67.6495	67.6495
557	67.6495	67.6495
558	67.6495	67.6495
559	67.6495	67.6495
560	67.6495	67.6528
561	67.6495	67.6495
562	67.6495	67.6986
563	67.6495	67.9102
564	67.6495	67.8005
565	67.6495	67.6495
566	67.6495	67.6495
567	67.6495	67.7354
568	67.6495	67.6594
569	67.6495	67.6495
570	67.6495	67.659
571	67.6495	67.6495
572	67.6495	67.6495
573	67.6495	67.6653
574	67.6495	67.6495
575	67.6495	67.6495
576	67.6495	67.6495
577	67.6495	67.6495
578	67.6495	67.6695
579	67.6495	67.6495
580	67.6495	67.6495
581	67.6495	67.7096
582	67.6495	67.7053
583	67.6495	67.695
584	67.6495	67.6651
585	67.6495	67.6495
586	67.6495	67.6577
587	67.6495	67.6843
588	67.6495	67.6502
589	67.6495	67.7494
590	67.6495	67.6495
591	67.6495	67.6606
592	67.6495	67.6495
593	67.6495	67.6495
594	67.6495	67.6495
595	67.6495	67.6793
596	67.6495	67.6495
597	67.6495	67.7331
598	67.6495	67.6502
599	67.6495	67.6495
600	67.6495	67.6495
601	67.6495	67.6757
602	67.6495	67.6709
603	67.6495	67.7267
604	67.6495	67.9469
605	67.6495	67.9349
606	67.6495	67.8016
607	67.6495	67.6549
608	67.0352	67.6624
609	67.0352	67.5753
610	67.0352	67.3151
611	67.0352	67.2214
612	67.0352	67.1829
613	67.0352	67.0588
614	67.0352	67.0801
615	67.0352	67.285
616	67.0352	67.1476
617	67.0352	67.1351
618	67.0352	67.1562
619	67.0352	67.2435
620	67.0352	67.2853
621	67.0352	67.3715
622	67.0352	67.1506
623	67.0352	67.1564
624	67.0352	67.1033
625	67.0352	67.0744
626	67.0352	67.2235
627	67.0352	67.0857
628	67.0352	67.1
629	67.0352	67.0466
630	67.0352	67.0534
631	67.0352	67.0776
632	67.0352	67.0382
633	67.0352	67.0352
634	67.0352	67.0354
635	67.0352	67.0352
636	67.0352	67.0352
637	67.0352	67.079
638	67.0352	67.0357
639	67.0352	67.0995
640	67.0352	67.1603
641	67.0352	67.477
642	67.0352	67.4116
643	67.0352	67.274
644	67.0352	67.1132
645	67.0352	67.0901
646	67.0352	67.0688
647	67.0352	67.0352
648	67.0352	67.0352
649	67.0352	67.0352
650	67.0352	67.0352
651	67.0352	67.0352
652	67.0352	67.0718
653	67.0352	67.1802
654	67.0352	67.0532
655	67.0352	67.0389
656	67.0352	67.0352
657	67.0352	67.0422
658	67.0352	67.057
659	67.0352	67.15
660	67.0352	67.1973
661	67.0352	67.1158
662	67.0352	67.0952
663	67.0352	67.0352
664	67.0352	67.0352
665	67.0352	67.1467
666	67.0352	67.1378
667	67.0352	67.0424
668	67.0352	67.0702
669	67.0352	67.1126
670	67.0352	67.0466
671	67.0352	67.0604
672	67.0352	67.0352
673	67.0352	67.0534
674	67.0352	67.0821
675	67.0352	67.105
676	67.0352	67.0352
677	67.0352	67.0646
678	67.0352	67.0352
679	67.0352	67.0363
680	67.0352	67.0484
681	67.0352	67.305
682	67.0352	67.152
683	67.0352	67.0859
684	67.0352	67.4053
685	67.0352	67.3877
686	67.0352	67.2803
687	67.0352	67.2299
688	67.0352	67.2657
689	67.0352	67.2256
690	67.0352	67.0473
691	67.0352	67.0781
692	67.0352	67.0352
693	67.0352	67.0352
694	67.0352	67.0352
695	67.0352	67.0352
696	67.0352	67.0352
697	67.0352	67.0352
698	67.0352	67.0547
699	67.0352	67.1465
700	67.0352	67.0413
701	67.0352	67.0352
702	67.0352	67.0712
703	67.0352	67.0488
704	67.0352	67.2476
705	67.0352	67.0352
706	67.0352	67.0352
707	67.0352	67.0501
708	67.0352	67.0986
709	67.0352	67.0658
710	67.0352	67.0522
711	67.0352	67.0696
712	67.0352	67.0588
713	67.0352	67.0496
714	67.0352	67.1173
715	67.0352	67.0719
716	67.0352	67.0352
717	67.0352	67.0352
718	67.0352	67.0352
719	67.0352	67.0578
720	67.0352	67.0739
721	67.0352	67.0352
722	67.0352	67.0443
723	67.0352	67.0643
724	67.0352	67.1769
725	67.0352	67.0373
726	67.0352	67.0587
727	67.0352	67.0489
728	67.0352	67.0803
729	67.0352	67.0524
730	67.0352	67.1582
731	67.0352	67.1174
732	67.0352	67.1447
733	67.0352	67.0423
734	67.0352	67.0865
735	67.0352	67.2947
736	67.0352	67.2445
737	67.0352	67.2967
738	67.0352	67.1428
739	67.0352	67.2268
740	67.0352	67.0731
741	67.0352	67.051
742	67.0352	67.0363
743	67.0352	67.0524
744	67.0352	67.16
745	67.0352	67.0352
746	67.0352	67.0352
747	67.0352	67.0352
748	67.0352	67.0436
749	67.0352	67.0359
750	67.0352	67.046
751	67.0352	67.0352
752	67.0352	67.0385
753	67.0352	67.0352
754	67.0352	67.0612
755	67.0352	67.0523
756	67.0352	67.0352
757	67.0352	67.0352
758	67.0352	67.0352
759	67.0352	67.0352
760	67.0352	67.0999
761	67.0352	67.0629
762	67.0352	67.0352
763	67.0352	67.0574
764	66.887	67.117
765	66.887	67.232
766	66.887	67.2417
767	66.887	67.5459
768	66.887	67.1445
769	66.887	67.0023
770	66.887	66.9108
771	66.887	66.8875
772	66.887	66.8879
773	66.887	67.0368
774	66.887	66.9111
775	66.887	67.031
776	66.887	66.9628
777	66.887	67.0777
778	66.887	66.8926
779	66.887	66.887
780	66.887	66.9711
781	66.887	67.0418
782	66.887	67.0716
783	66.887	66.9777
784	66.887	66.887
785	66.887	66.9539
786	66.887	66.9005
787	66.887	66.9127
788	66.887	66.9276
789	66.887	66.929
790	66.887	67.0886
791	66.887	66.9088
792	66.887	66.9476
793	66.887	66.9838
794	66.887	66.9876
795	66.887	66.887
796	66.8678	66.887
797	66.8678	66.9429
798	66.8678	67.0874
799	66.8678	66.9077
800	66.8678	66.9132
801	66.6589	67.0983
802	66.4915	66.9455
803	66.4915	66.7647
804	66.4915	66.7141
805	66.4915	66.6418
806	66.4915	66.6184
807	66.4915	66.7053
808	66.4915	66.4915
809	66.4915	66.4915
810	66.4915	66.4915
811	66.4915	66.4915
812	66.4915	66.4915
813	66.4915	66.4915
814	66.4915	66.5505
815	66.4915	66.5021
816	66.4915	66.6351
817	66.4915	66.7657
818	66.4915	66.613
819	66.4915	66.5307
820	66.4915	66.493
821	66.4915	66.4915
822	66.4915	66.5019
823	66.4915	66.4915
824	66.4915	66.4915
825	66.4915	66.4915
826	66.4915	66.4915
827	66.4915	66.4915
828	66.4915	66.5592
829	66.4915	66.6947
830	66.4915	66.6699
831	66.4915	66.5488
832	66.4915	66.529
833	66.4915	66.606
834	66.4915	66.5022
835	66.4915	66.5347
836	66.4915	66.5014
837	66.4915	66.5107
838	66.4915	66.4939
839	66.4915	66.4978
840	66.4915	66.5436
841	66.4915	66.5153
842	66.4915	66.4915
843	66.4915	66.4915
844	66.4915	66.5208
845	66.4915	66.544
846	66.4915	66.6189
847	66.4915	66.5039
848	66.4915	66.4915
849	66.4915	66.5075
850	66.4915	66.4989
851	66.4915	66.4915
852	66.4915	66.4993
853	66.4915	66.5054
854	66.4915	66.5191
855	66.4915	66.5917
856	66.4915	66.4969
857	66.4915	66.5062
858	66.4915	66.4915
859	66.4915	66.5865
860	66.4915	66.4941
861	66.4915	66.4915
862	66.4915	66.4919
863	66.4915	66.5324
864	66.4915	66.4919
865	66.4915	66.5248
866	66.4915	66.8703
867	66.4915	66.7901
868	66.4915	66.6857
869	66.4915	66.6913
870	66.4915	66.5416
871	66.4915	66.5448
872	66.4915	66.525
873	66.4915	66.5187
874	66.4915	66.5026
875	66.4915	66.6083
876	66.4915	66.6183
877	66.4915	66.5004
878	66.4915	66.5025
879	66.4915	66.5163
880	66.4915	66.4915
881	66.4915	66.6345
882	66.4915	66.5593
883	66.4915	66.4953
884	66.4915	66.5256
885	66.4915	66.56
886	66.4915	66.5115
887	66.4915	66.5302
888	66.4915	66.8124
889	66.4915	66.5452
890	66.4915	66.5411
891	66.4915	66.5265
892	66.4915	66.6098
893	66.4915	66.5243
894	66.4915	66.4915
895	66.4915	66.4915
896	66.4915	66.4915
897	66.4915	66.4915
898	66.4915	66.522
899	66.4915	66.5594
900	66.4915	66.5284
901	66.4915	66.4915
902	66.4915	66.5125
903	66.4915	66.5133
904	66.4915	66.5343
905	66.4915	66.495
906	66.4915	66.4915
907	66.4915	66.4915
908	66.4915	66.4915
909	66.4915	66.4915
910	66.4915	66.5008
911	66.4915	66.6029
912	66.4915	66.6146
913	66.4915	66.5257
914	66.4915	66.5495
915	66.4915	66.4934
916	66.4915	66.4915
917	66.4915	66.6011
918	66.4915	66.5731
919	66.4915	66.4915
920	66.4915	66.4915
921	66.4915	66.4915
922	66.4915	66.6077
923	66.4915	66.5062
924	66.4915	66.4982
925	66.4915	66.4946
926	66.4915	66.5268
927	66.4915	66.4915
928	66.4915	66.5247
929	66.4915	66.5351
930	66.4915	66.6004
931	66.4915	66.6375
932	66.4915	66.4915
933	66.4915	66.4915
934	66.4915	66.4915
935	66.4915	66.4915
936	66.4915	66.6913
937	66.4915	66.7162
938	66.4915	66.4949
939	66.4915	66.4915
940	66.4915	66.5155
941	66.4915	66.4915
942	66.4915	66.5087
943	66.4915	66.4946
944	66.4915	66.6996
945	66.4915	66.8484
946	66.4915	66.547
947	66.4915	66.4915
948	66.4915	66.4921
949	66.4915	66.4915
950	66.4915	66.4928
951	66.4915	66.4915
952	66.4915	66.5069
953	66.4915	66.5666
954	66.4915	66.5635
955	66.4915	66.4994
956	66.4915	66.5344
957	66.4915	66.5641
958	66.4915	66.5008
959	66.4915	66.6666
960	66.4915	66.6449
961	66.4915	66.6934
962	66.4915	66.5685
963	66.4915	66.4994
964	66.4915	66.4967
965	66.4915	66.4915
966	66.4915	66.4915
967	66.4915	66.5123
968	66.4915	66.4915
969	66.4915	66.5632
970	66.4915	66.7601
971	66.4915	66.6086
972	66.4915	66.5349
973	66.4915	66.4915
974	66.4915	66.5153
975	66.4915	66.4986
976	66.4915	66.4915
977	66.4915	66.4915
978	66.4915	66.4915
979	66.4915	66.531
980	66.4915	66.6172
981	66.4915	66.5335
982	66.4915	66.5425
983	66.4915	66.57
984	66.4915	66.5121
985	66.4915	66.5221
986	66.4915	66.5047
987	66.4915	66.5508
988	66.4915	66.4915
989	66.4915	66.4915
990	66.4915	66.4915
991	66.4915	66.4946
992	66.4915	66.5005
993	66.4915	66.4917
994	66.4915	66.5023
995	66.4915	66.562
996	66.4915	66.6686
997	66.4915	66.7044
998	66.4915	66.5281
999	66.4915	66.6785
1000	66.4915	66.5168
1001	66.4915	66.5254
1002	66.4915	66.4915
1003	66.4915	66.4915
1004	66.4915	66.4915
1005	66.4915	66.588
1006	66.4915	66.4915
1007	66.4915	66.5055
1008	66.4915	66.5099
1009	66.4915	66.5296
1010	66.4915	66.5802
1011	66.4915	66.5592
1012	66.4915	66.4972
1013	66.4915	66.6329
1014	66.4915	66.5708
1015	66.4915	66.5412
1016	66.4915	66.66
1017	66.4915	66.7488
1018	66.4915	66.5824
1019	66.4915	66.4932
1020	66.4915	66.4915
1021	66.4915	66.509
1022	66.4915	66.5541
1023	66.4915	66.5163
1024	66.4915	66.4944
1025	66.4915	66.4915
1026	66.4915	66.4915
1027	66.4915	66.6545
1028	66.4915	66.4915
1029	66.4915	66.5599
1030	66.4915	66.5066
1031	66.4915	66.4915
1032	66.4915	66.5046
1033	66.4915	66.4972
1034	66.4915	66.5568
1035	66.4915	66.4915
1036	66.4915	66.5019
1037	66.4915	66.6162
1038	66.4915	66.5316
1039	66.4915	66.5296
1040	66.4915	66.4915
1041	66.4915	66.4986
1042	66.4915	66.6105
1043	66.4915	66.4938
1044	66.4915	66.5706
1045	66.4915	66.4915
1046	66.4915	66.4915
1047	66.4915	66.5715
1048	66.4915	66.5237
1049	66.4915	66.5359
1050	66.4915	66.4983
1051	66.4915	66.4967
1052	66.4915	66.4915
1053	66.4915	66.4915
1054	66.4915	66.5908
1055	66.4915	66.4915
1056	66.4915	66.5009
1057	66.4915	66.5005
1058	66.4915	66.4915
1059	66.4915	66.595
1060	66.4915	66.6006
1061	66.4915	66.5359
1062	66.4915	66.5018
1063	66.4915	66.5761
1064	66.4915	66.4935
1065	66.4915	66.4959
1066	66.4915	66.4986
1067	66.4915	66.493
1068	66.4915	66.5109
1069	66.4915	66.5118
1070	66.4915	66.4915
1071	66.4915	66.5482
1072	66.4915	66.7498
1073	66.4915	66.5425
1074	66.4915	66.5033
1075	66.4915	66.5123
1076	66.4915	66.6035
1077	66.4915	66.7235
1078	66.4915	66.5191
1079	66.4915	66.5266
1080	66.4915	66.4915
1081	66.4915	66.4915
1082	66.4915	66.5403
1083	66.4915	66.5125
1084	66.4915	66.7159
1085	66.4915	66.4933
1086	66.4915	66.4915
1087	66.4915	66.5138
1088	66.4915	66.4915
1089	66.4915	66.5067
1090	66.4915	66.6148
1091	66.4915	66.6844
1092	66.4915	66.6277
1093	66.4915	66.535
1094	66.4915	66.5025
1095	66.4915	66.5437
1096	66.4915	66.6149
1097	66.4915	66.5288
1098	66.4915	66.6053
1099	66.4915	66.4963
1100	66.4915	66.4938
1101	66.4915	66.5078
1102	66.4915	66.5352
1103	66.4915	66.5307
1104	66.4915	66.4915
1105	66.4915	66.4915
1106	66.4915	66.4915
1107	66.4915	66.4945
1108	66.4915	66.4915
1109	66.4915	66.5084
1110	66.4915	66.4935
1111	66.4915	66.4915
1112	66.4915	66.4915
1113	66.4915	66.4915
1114	66.4915	66.5298
1115	66.4915	66.4915
1116	66.4915	66.4915
1117	66.4915	66.4915
1118	66.4915	66.5403
1119	66.4915	66.4915
1120	66.4915	66.5324
1121	66.4915	66.4915
1122	66.4915	66.5041
1123	66.4915	66.5381
1124	66.4915	66.5537
1125	66.4915	66.8557
1126	66.4915	66.545
1127	66.4915	66.6524
1128	66.4915	66.6694
1129	66.4915	66.5282
1130	66.4915	66.5435
1131	66.4915	66.5127
1132	66.4915	66.5524
1133	66.4915	66.7109
1134	66.4915	66.721
1135	66.4915	66.4978
1136	66.4915	66.5081
1137	66.4915	66.4915
1138	66.4915	66.4915
1139	66.4915	66.5909
1140	66.4915	66.5659
1141	66.4915	66.4915
1142	66.4915	66.5643
1143	66.4915	66.7671
1144	66.4915	66.6192
1145	66.4915	66.5499
1146	66.4915	66.5199
1147	66.4915	66.4955
1148	66.4915	66.4915
1149	66.4915	66.5968
1150	66.4915	66.4915
1151	66.4915	66.7271
1152	66.4915	66.7536
1153	66.4915	66.7547
1154	66.4915	66.4953
1155	66.4915	66.5306
1156	66.4915	66.5198
1157	66.4915	66.5192
1158	66.4915	66.6318
1159	66.4915	66.5662
1160	66.4915	66.5154
1161	66.4915	66.4915
1162	66.4915	66.5607
1163	66.4915	66.5051
1164	66.4915	66.5187
1165	66.4915	66.4915
1166	66.4915	66.4915
1167	66.4915	66.5174
1168	66.4915	66.8044
1169	66.4915	66.6076
1170	66.4915	66.5221
1171	66.4915	66.5096
1172	66.4915	66.5634
1173	66.4915	66.5416
1174	66.4915	66.4915
1175	66.4915	66.4915
1176	66.4915	66.4915
1177	66.4915	66.5044
1178	66.4915	66.512
1179	66.4915	66.4989
1180	66.4915	66.5542
1181	66.4915	66.4915
1182	66.4915	66.5046
1183	66.4915	66.5169
1184	66.4915	66.62
1185	66.4915	66.5672
1186	66.4915	66.4927
1187	66.4915	66.4915
1188	66.4915	66.555
1189	66.4915	66.6038
1190	66.4915	66.5065
1191	66.4915	66.5754
1192	66.4915	66.5941
1193	66.4915	66.5398
1194	66.4915	66.4915
1195	66.4915	66.4915
1196	66.4915	66.515
1197	66.4915	66.6078
1198	66.4915	66.5297
1199	66.4915	66.5163
1200	66.4915	66.5175
1201	66.4915	66.4965
1202	66.4915	66.5538
1203	66.4915	66.6041
1204	66.4915	66.5069
1205	66.4915	66.4915
1206	66.4915	66.4915
1207	66.4915	66.5921
1208	66.4915	66.4968
1209	66.4915	66.5504
1210	66.4915	66.5405
1211	66.4915	66.4915
1212	66.4915	66.4915
1213	66.4915	66.4915
1214	66.4915	66.5693
1215	66.4915	66.5305
1216	66.4915	66.5661
1217	66.4915	66.5119
1218	66.4915	66.4915
1219	66.4915	66.528
1220	66.4915	66.629
1221	66.4915	66.4915
1222	66.4915	66.4954
1223	66.4915	66.5554
1224	66.4915	66.7351
1225	66.4915	66.5945
1226	66.4915	66.6796
1227	66.4915	66.504
1228	66.4915	66.5066
1229	66.4915	66.4915
1230	66.4915	66.531
1231	66.4915	66.5195
1232	66.4915	66.5214
1233	66.4915	66.4915
1234	66.4915	66.497
1235	66.4915	66.4936
1236	66.4915	66.4915
1237	66.4915	66.5682
1238	66.4915	66.5236
1239	66.4915	66.4946
1240	66.4915	66.5281
1241	66.4915	66.4971
1242	66.4915	66.4915
1243	66.4915	66.4925
1244	66.4915	66.5021
1245	66.4915	66.4915
1246	66.4915	66.4915
1247	66.4915	66.5594
1248	66.4915	66.5412
1249	66.4915	66.5739
1250	66.4915	66.496
1251	66.4915	66.4915
1252	66.4915	66.4915
1253	66.4915	66.4915
1254	66.4915	66.4915
1255	66.4915	66.4915
1256	66.4915	66.5425
1257	66.4915	66.5448
1258	66.4915	66.5451
1259	66.4915	66.5984
1260	66.4915	66.4915
1261	66.4915	66.4948
1262	66.4915	66.5361
1263	66.4915	66.4915
1264	66.4915	66.4915
1265	66.4915	66.5284
1266	66.4915	66.4915
1267	66.4915	66.4915
1268	66.4915	66.5304
1269	66.4915	66.5519
1270	66.4915	66.4954
1271	66.4915	66.6308
1272	66.4915	66.5885
1273	66.4915	66.4993
1274	66.4915	66.5026
1275	66.4915	66.5804
1276	66.4915	66.5755
1277	66.4915	66.7231
1278	66.4915	66.5433
1279	66.4915	66.5265
1280	66.4915	66.5816
1281	66.4915	66.4915
1282	66.4915	66.4986
1283	66.4915	66.585
1284	66.4915	66.4999
1285	66.4915	66.4995
1286	66.4915	66.4915
1287	66.4915	66.4952
1288	66.4915	66.4915
1289	66.4915	66.6702
1290	66.4915	66.5521
1291	66.4915	66.499
1292	66.4915	66.4933
1293	66.4915	66.4921
1294	66.4915	66.4995
1295	66.4915	66.6184
1296	66.4915	66.4915
1297	66.4915	66.4915
1298	66.4915	66.4915
1299	66.4915	66.4915
1300	66.4915	66.4915
1301	66.4915	66.5062
1302	66.4915	66.4965
1303	66.4915	66.4915
1304	66.4915	66.5018
1305	66.4915	66.5509
1306	66.4915	66.6019
1307	66.4915	66.7357
1308	66.4915	66.6152
1309	66.4915	66.5718
1310	66.4915	66.5462
1311	66.4915	66.5359
1312	66.4915	66.7844
1313	66.4915	66.5069
1314	66.4915	66.4915
1315	66.4915	66.4915
1316	66.4915	66.5631
1317	66.4915	66.5857
1318	66.4915	66.5392
1319	66.4915	66.5846
1320	66.4915	66.4977
1321	66.4915	66.6753
1322	66.4915	66.4915
1323	66.4915	66.4915
1324	66.4915	66.5639
1325	66.4915	66.4915
1326	66.4915	66.5078
1327	66.4915	66.4925
1328	66.4915	66.5298
1329	66.4915	66.674
1330	66.4915	66.673
1331	66.4915	66.5109
1332	66.4915	66.5261
1333	66.4915	66.4915
1334	66.4915	66.4969
1335	66.4915	66.6029
1336	66.4915	66.6114
1337	66.4915	66.5036
1338	66.4915	66.4947
1339	66.4915	66.5658
1340	66.4915	66.7231
1341	66.4915	66.6216
1342	66.4915	66.7818
1343	66.4915	66.6947
1344	66.4915	66.5423
1345	66.4915	66.512
1346	66.4915	66.5053
1347	66.4915	66.5093
1348	66.4915	66.5301
1349	66.4915	66.5236
1350	66.4915	66.4942
1351	66.4621	66.5282
1352	66.4621	66.6493
1353	66.4621	66.6218
1354	66.4621	66.6199
1355	66.4621	66.7138
1356	66.4621	66.5713
1357	66.4621	66.4621
1358	66.4621	66.4621
1359	66.4621	66.4621
1360	66.4621	66.4621
1361	66.4621	66.4742
1362	66.4621	66.5256
1363	66.4621	66.6888
1364	66.4621	66.4755
1365	66.4621	66.5547
1366	66.4621	66.5096
1367	66.4621	66.5035
1368	66.4621	66.4621
1369	66.4621	66.4706
1370	66.4621	66.6247
1371	66.4621	66.5177
1372	66.4621	66.4621
1373	66.4621	66.6336
1374	66.4621	66.4621
1375	66.4621	66.5201
1376	66.4621	66.8391
1377	66.4621	66.6267
1378	66.4621	66.4967
1379	66.4621	66.4629
1380	66.4621	66.5055
1381	66.4621	66.5487
1382	66.4621	66.6554
1383	66.4621	66.6518
1384	66.4621	66.5119
1385	66.4621	66.4621
1386	66.4621	66.5345
1387	66.4621	66.5141
1388	66.4621	66.5038
1389	66.4621	66.5842
1390	66.4621	66.479
1391	66.4621	66.6746
1392	66.4621	66.4621
1393	66.4621	66.4621
1394	66.4621	66.4621
1395	66.4621	66.4642
1396	66.4621	66.4621
1397	66.4621	66.4621
1398	66.4621	66.4621
1399	66.4621	66.4621
1400	66.4621	66.4621
1401	66.4621	66.4621
1402	66.4621	66.4621
1403	66.4621	66.4621
1404	66.4621	66.4621
1405	66.4621	66.5673
1406	66.4621	66.545
1407	66.4621	66.4621
1408	66.4621	66.642
1409	66.4621	66.6895
1410	66.4621	66.4621
1411	66.4621	66.4697
1412	66.4621	66.4621
1413	66.4621	66.4621
1414	66.4621	66.5114
1415	66.4621	66.478
1416	66.4621	66.4676
1417	66.4621	66.4621
1418	66.4621	66.4747
1419	66.4621	66.4781
1420	66.4621	66.4621
1421	66.4621	66.5252
1422	66.4621	66.5969
1423	66.4621	66.4621
1424	66.4621	66.4754
1425	66.4621	66.5008
1426	66.4621	66.472
1427	66.4621	66.5363
1428	66.4621	66.4845
1429	66.4621	66.4655
1430	66.4621	66.4748
1431	66.4621	66.5063
1432	66.4621	66.6312
1433	66.4621	66.466
1434	66.4621	66.639
1435	66.4621	66.6436
1436	66.4621	66.5661
1437	66.4621	66.4623
1438	66.4621	66.5158
1439	66.4621	66.4711
1440	66.4621	66.4685
1441	66.4621	66.5211
1442	66.4621	66.6121
1443	66.4621	66.4822
1444	66.4621	66.4621
1445	66.4621	66.4703
1446	66.4621	66.4621
1447	66.4621	66.4621
1448	66.4621	66.4727
1449	66.4621	66.4621
1450	66.4621	66.4621
1451	66.4621	66.4621
1452	66.4621	66.5369
1453	66.4621	66.5992
1454	66.4621	66.4621
1455	66.4621	66.4621
1456	66.4621	66.4723
1457	66.4621	66.4621
1458	66.4621	66.4621
1459	66.4621	66.4621
1460	66.4621	66.4621
1461	66.4621	66.4621
1462	66.4621	66.4815
1463	66.4621	66.4709
1464	66.4621	66.5701
1465	66.4621	66.4621
1466	66.4621	66.4621
1467	66.4621	66.4621
1468	66.4621	66.4715
1469	66.4621	66.4941
1470	66.4621	66.5834
1471	66.4621	66.5281
1472	66.4621	66.5028
1473	66.4621	66.728
1474	66.4621	66.5671
1475	66.4621	66.5581
1476	66.4621	66.5263
1477	66.4621	66.6316
1478	66.4621	66.6663
1479	66.4621	66.6568
1480	66.4621	66.621
1481	66.4621	66.4642
1482	66.4621	66.5003
1483	66.4621	66.5518
1484	66.4621	66.5513
1485	66.4621	66.4621
1486	66.4621	66.4621
1487	66.4621	66.4621
1488	66.4621	66.4621
1489	66.4621	66.4702
1490	66.4621	66.4753
1491	66.4621	66.4694
1492	66.4621	66.5308
1493	66.4621	66.59
1494	66.4621	66.5912
1495	66.4621	66.5424
1496	66.4621	66.6917
1497	66.4621	66.4844
1498	66.4621	66.514
1499	66.4621	66.464
1500	66.4621	66.4663
1501	66.4621	66.4629
1502	66.4621	66.5246
1503	66.4621	66.4621
1504	66.4621	66.4671
1505	66.4621	66.4621
1506	66.4621	66.4634
1507	66.4621	66.4799
1508	66.4621	66.5202
1509	66.4621	66.6994
1510	66.4621	66.4698
1511	66.4621	66.4708
1512	66.4621	66.5098
1513	66.4621	66.49
1514	66.4621	66.5561
1515	66.4621	66.551
1516	66.4621	66.5536
1517	66.4621	66.5406
1518	66.4621	66.4797
1519	66.4621	66.5075
1520	66.4621	66.4633
1521	66.4621	66.4676
1522	66.4621	66.4621
1523	66.4621	66.5494
1524	66.4621	66.4621
1525	66.4621	66.5176
1526	66.4621	66.4688
1527	66.4621	66.4621
1528	66.4621	66.4631
1529	66.4621	66.5314
1530	66.4621	66.4929
1531	66.4621	66.467
1532	66.4621	66.5404
1533	66.4621	66.4921
1534	66.4621	66.7154
1535	66.4621	66.5823
1536	66.4621	66.4621
1537	66.4621	66.4621
1538	66.4621	66.5374
1539	66.4621	66.5716
1540	66.4621	66.6169
1541	66.4621	66.5136
1542	66.4621	66.5192
1543	66.4621	66.4823
1544	66.4621	66.4621
1545	66.4621	66.5221
1546	66.4621	66.5247
1547	66.4621	66.4917
1548	66.4621	66.4621
1549	66.4621	66.4814
1550	66.4621	66.5212
1551	66.4621	66.4776
1552	66.4621	66.4621
1553	66.4621	66.4726
1554	66.4621	66.4823
1555	66.4621	66.5356
1556	66.4621	66.5099
1557	66.4621	66.6892
1558	66.4621	66.6535
1559	66.4621	66.7288
1560	66.4621	66.7989
1561	66.4621	66.5447
1562	66.4621	66.4879
1563	66.4621	66.47
1564	66.4621	66.5015
1565	66.4621	66.629
1566	66.4621	66.63
1567	66.4621	66.5716
1568	66.4621	66.4621
1569	66.4621	66.4849
1570	66.4621	66.594
1571	66.4621	66.5044
1572	66.4621	66.483
1573	66.4621	66.4621
1574	66.4621	66.5545
1575	66.4621	66.5742
1576	66.4621	66.7643
1577	66.4621	66.6828
1578	66.4621	66.5924
1579	66.4621	66.5111
1580	66.4621	66.5763
1581	66.4621	66.6014
1582	66.4621	66.4957
1583	66.4621	66.5438
1584	66.4621	66.6208
1585	66.4621	66.5777
1586	66.4621	66.5796
1587	66.4621	66.499
1588	66.4621	66.5187
1589	66.4621	66.4849
1590	66.4621	66.5062
1591	66.4621	66.5217
1592	66.4621	66.5026
1593	66.4621	66.5458
1594	66.4621	66.5036
1595	66.4621	66.4621
1596	66.4621	66.4621
1597	66.4621	66.474
1598	66.4621	66.4869
1599	66.4621	66.5765
1600	66.4621	66.9429
1601	66.4621	66.6129
1602	66.4621	66.7312
1603	66.4621	66.5649
1604	66.4621	66.6221
1605	66.4621	66.4716
1606	66.4621	66.4867
1607	66.4621	66.5009
1608	66.4621	66.4922
1609	66.4621	66.5027
1610	66.4621	66.4621
1611	66.4621	66.4771
1612	66.4621	66.6151
1613	66.4621	66.4848
1614	66.4621	66.4888
1615	66.4621	66.4811
1616	66.4621	66.5295
1617	66.4621	66.4621
1618	66.4621	66.4621
1619	66.4621	66.4621
1620	66.4621	66.4621
1621	66.4621	66.4854
1622	66.4621	66.4936
1623	66.4621	66.4621
1624	66.4621	66.5589
1625	66.4621	66.6672
1626	66.4621	66.5426
1627	66.4621	66.696
1628	66.4621	66.5304
1629	66.4621	66.5082
1630	66.4621	66.4621
1631	66.4621	66.7939
1632	66.4621	66.5368
1633	66.4621	66.4621
1634	66.4621	66.4815
1635	66.4621	66.5176
1636	66.4621	66.6589
1637	66.4621	66.5784
1638	66.4621	66.4621
1639	66.4621	66.5306
1640	66.4621	66.5206
1641	66.4621	66.4959
1642	66.4621	66.5034
1643	66.4621	66.4745
1644	66.4621	66.4621
1645	66.4621	66.4621
1646	66.4621	66.481
1647	66.4621	66.4621
1648	66.4621	66.4647
1649	66.4621	66.5193
1650	66.4621	66.5763
1651	66.4621	66.5468
1652	66.4621	66.4654
1653	66.4621	66.5548
1654	66.4621	66.4856
1655	66.4621	66.4621
1656	66.4621	66.4621
1657	66.4621	66.5632
1658	66.4621	66.4846
1659	66.4621	66.5353
1660	66.4621	66.4792
1661	66.4621	66.4621
1662	66.4621	66.4621
1663	66.4621	66.4621
1664	66.4621	66.5237
1665	66.4621	66.4621
1666	66.4621	66.6605
1667	66.4621	66.4889
1668	66.4621	66.4954
1669	66.4621	66.4621
1670	66.4621	66.4621
1671	66.4621	66.477
1672	66.4621	66.513
1673	66.4621	66.5491
1674	66.4621	66.4621
1675	66.4621	66.6241
1676	66.4621	66.493
1677	66.4621	66.5068
1678	66.4621	66.4621
1679	66.4621	66.4621
1680	66.4621	66.5075
1681	66.4621	66.4631
1682	66.4621	66.4641
1683	66.4621	66.4925
1684	66.4621	66.4754
1685	66.4621	66.4621
1686	66.4621	66.613
1687	66.4621	66.5232
1688	66.4621	66.5111
1689	66.4621	66.4675
1690	66.4621	66.6339
1691	66.4621	66.4732
1692	66.4621	66.4621
1693	66.4621	66.4621
1694	66.4621	66.4651
1695	66.4621	66.4625
1696	66.4621	66.4621
1697	66.4621	66.4621
1698	66.4621	66.4621
1699	66.4621	66.4621
1700	66.4621	66.4621
1701	66.4621	66.5062
1702	66.4621	66.4622
1703	66.4621	66.5655
1704	66.4621	66.4853
1705	66.4621	66.4621
1706	66.4621	66.4817
1707	66.4621	66.4795
1708	66.4621	66.4621
1709	66.4621	66.4621
1710	66.4621	66.4621
1711	66.4621	66.4678
1712	66.4621	66.5247
1713	66.4621	66.5784
1714	66.4621	66.6042
1715	66.4621	66.5147
1716	66.4621	66.5235
1717	66.4621	66.7341
1718	66.4621	66.4669
1719	66.4621	66.485
1720	66.4621	66.5667
1721	66.4621	66.4621
1722	66.4621	66.4621
1723	66.4621	66.4638
1724	66.4621	66.5199
1725	66.4621	66.4798
1726	66.4621	66.4976
1727	66.4621	66.5517
1728	66.4621	66.4663
1729	66.4621	66.4621
1730	66.4621	66.4621
1731	66.4621	66.5094
1732	66.4621	66.6037
1733	66.4621	66.4688
1734	66.4621	66.5014
1735	66.4621	66.4621
1736	66.4621	66.4621
1737	66.4621	66.4798
1738	66.4621	66.5744
1739	66.4621	66.6108
1740	66.4621	66.4621
1741	66.4621	66.477
1742	66.4621	66.4801
1743	66.4621	66.4621
1744	66.4621	66.4621
1745	66.4621	66.4744
1746	66.4621	66.4835
1747	66.4621	66.6942
1748	66.4621	66.5845
1749	66.4621	66.5771
1750	66.4621	66.4621
1751	66.4621	66.4851
1752	66.4621	66.7117
1753	66.4621	66.5441
1754	66.4621	66.636
1755	66.4621	66.5112
1756	66.4621	66.4738
1757	66.4621	66.4621
1758	66.4621	66.4621
1759	66.4621	66.4899
1760	66.4621	66.6031
1761	66.4621	66.4621
1762	66.4621	66.6329
1763	66.4621	66.5141
1764	66.4621	66.4662
1765	66.4621	66.4693
1766	66.4621	66.4751
1767	66.4621	66.4621
1768	66.4621	66.5199
1769	66.4621	66.6106
1770	66.4621	66.5833
1771	66.4621	66.5461
1772	66.4621	66.4874
1773	66.4621	66.468
1774	66.4621	66.5191
1775	66.4621	66.6687
1776	66.4621	66.5859
1777	66.4621	66.4936
1778	66.4621	66.4665
1779	66.4621	66.5493
1780	66.4621	66.5571
1781	66.4621	66.5228
1782	66.4621	66.4734
1783	66.4621	66.5235
1784	66.4621	66.4638
1785	66.4621	66.5788
1786	66.4621	66.5328
1787	66.4621	66.652
1788	66.4621	66.6092
1789	66.4621	66.6041
1790	66.4621	66.7016
1791	66.4621	66.7025
1792	66.4621	66.5917
1793	66.4621	66.4917
1794	66.4621	66.4931
1795	66.4621	66.4621
1796	66.4621	66.5239
1797	66.4621	66.4621
1798	66.4621	66.4621
1799	66.4621	66.5229
1800	66.4621	66.4621
1801	66.4621	66.4751
1802	66.4621	66.5501
1803	66.4621	66.5081
1804	66.4621	66.4748
1805	66.4621	66.4705
1806	66.4621	66.5278
1807	66.4621	66.6754
1808	66.4621	66.4621
1809	66.4621	66.4731
1810	66.4621	66.4621
1811	66.4621	66.4656
1812	66.4621	66.5699
1813	66.4621	66.5935
1814	66.4621	66.5432
1815	66.4621	66.5937
1816	66.4621	66.5064
1817	66.4621	66.5505
1818	66.4621	66.4621
1819	66.4621	66.4621
1820	66.4621	66.4621
1821	66.4621	66.4621
1822	66.4621	66.4682
1823	66.4621	66.5852
1824	66.4621	66.6932
1825	66.4621	66.479
1826	66.4621	66.4621
1827	66.4621	66.5143
1828	66.4621	66.6041
1829	66.4621	66.6722
1830	66.4621	66.4872
1831	66.4621	66.4621
1832	66.4621	66.4672
1833	66.4621	66.4851
1834	66.4621	66.4621
1835	66.4621	66.4621
1836	66.4621	66.4621
1837	66.4621	66.4621
1838	66.4621	66.5478
1839	66.4621	66.486
1840	66.4621	66.4961
1841	66.4621	66.4733
1842	66.4621	66.5007
1843	66.4621	66.6042
1844	66.4621	66.4898
1845	66.4621	66.495
1846	66.4621	66.5891
1847	66.4621	66.6609
1848	66.4621	66.4999
1849	66.4621	66.4621
1850	66.4621	66.4621
1851	66.4621	66.5249
1852	66.4621	66.4621
1853	66.4621	66.4785
1854	66.4621	66.4621
1855	66.4621	66.4706
1856	66.4621	66.5426
1857	66.4621	66.4621
1858	66.4621	66.4935
1859	66.4621	66.4825
1860	66.4621	66.6231
1861	66.4621	66.5261
1862	66.4621	66.5032
1863	66.4621	66.5052
1864	66.4621	66.4721
1865	66.4621	66.4621
1866	66.4621	66.4621
1867	66.4621	66.5375
1868	66.4621	66.4846
1869	66.4621	66.5102
1870	66.4621	66.548
1871	66.4621	66.4621
1872	66.4621	66.4621
1873	66.4621	66.6689
1874	66.4621	66.5102
1875	66.4621	66.5185
1876	66.4621	66.8425
1877	66.4621	66.564
1878	66.4621	66.4646
1879	66.4621	66.4621
1880	66.4621	66.4621
1881	66.4621	66.4762
1882	66.4621	66.5141
1883	66.4621	66.5097
1884	66.4621	66.4621
1885	66.4621	66.4621
1886	66.4621	66.4621
1887	66.4621	66.5105
1888	66.4621	66.8011
1889	66.4621	66.6118
1890	66.4621	66.5572
1891	66.4621	66.5172
1892	66.4621	66.475
1893	66.4621	66.4621
1894	66.4621	66.4621
1895	66.4621	66.4621
1896	66.4621	66.486
1897	66.4621	66.4621
1898	66.4621	66.4869
1899	66.4621	66.4621
1900	66.4621	66.4823
1901	66.4621	66.4621
1902	66.4621	66.4742
1903	66.4621	66.4621
1904	66.4621	66.4621
1905	66.4621	66.4621
1906	66.4621	66.4621
1907	66.4621	66.5312
1908	66.4621	66.4766
1909	66.4621	66.6005
1910	66.4621	66.6602
1911	66.4621	66.615
1912	66.4621	66.5109
1913	66.4621	66.4695
1914	66.4621	66.4621
1915	66.4621	66.4621
1916	66.4621	66.4621
1917	66.4621	66.4621
1918	66.4621	66.4621
1919	66.4621	66.4839
1920	66.4621	66.4621
1921	66.4621	66.4912
1922	66.4621	66.468
1923	66.4621	66.4621
1924	66.4621	66.4629
1925	66.4621	66.5033
1926	66.4621	66.4621
1927	66.4621	66.4621
1928	66.4621	66.4732
1929	66.4621	66.4744
1930	66.4621	66.4755
1931	66.4621	66.4621
1932	66.4621	66.4621
1933	66.4621	66.6327
1934	66.4621	66.4621
1935	66.4621	66.4621
1936	66.4621	66.4922
1937	66.4621	66.4621
1938	66.4621	66.5434
1939	66.4621	66.551
1940	66.4621	66.4621
1941	66.4621	66.4621
1942	66.4621	66.5205
1943	66.4621	66.4944
1944	66.4621	66.4791
1945	66.4621	66.4669
1946	66.4621	66.4936
1947	66.4621	66.53
1948	66.4621	66.4695
1949	66.4621	66.5168
1950	66.4621	66.7192
1951	66.4621	66.5523
1952	66.4621	66.5266
1953	66.4621	66.4921
1954	66.4621	66.468
1955	66.4621	66.4621
1956	66.4621	66.4621
1957	66.4621	66.5262
1958	66.4621	66.5847
1959	66.4621	66.5861
1960	66.4621	66.4621
1961	66.4621	66.4621
1962	66.4621	66.4758
1963	66.4621	66.4792
1964	66.4621	66.6263
1965	66.4621	66.4998
1966	66.4621	66.481
1967	66.4621	66.4621
1968	66.4621	66.4621
1969	66.4621	66.7518
1970	66.4621	66.476
1971	66.4621	66.6445
1972	66.4621	66.5055
1973	66.4621	66.4879
1974	66.4621	66.6397
1975	66.4621	66.6043
1976	66.4621	66.4725
1977	66.4621	66.4621
1978	66.4621	66.5353
1979	66.4621	66.5335
1980	66.4621	66.4669
1981	66.4621	66.4621
1982	66.4621	66.4621
1983	66.4621	66.6509
1984	66.4621	66.6219
1985	66.4621	66.5582
1986	66.4621	66.5258
1987	66.4621	66.4862
1988	66.4621	66.4672
1989	66.4621	66.7354
1990	66.4621	66.6935
1991	66.4621	66.497
1992	66.4621	66.6098
1993	66.4621	66.6297
1994	66.4621	66.5468
1995	66.4621	66.4783
1996	66.4621	66.4621
1997	66.4621	66.4621
1998	66.4621	66.4621
1999	66.4621	66.4621
2000	66.4621	66.4621
2001	66.4621	66.4894
2002	66.4621	66.5213
2003	66.4621	66.4977
2004	66.4621	66.4649
2005	66.4621	66.5967
2006	66.4621	66.534
2007	66.4621	66.4853
2008	66.4621	66.4862
2009	66.4621	66.5104
2010	66.4621	66.482
2011	66.4621	66.5236
2012	66.4621	66.5341
2013	66.4621	66.4755
2014	66.4621	66.4621
2015	66.4621	66.4621
2016	66.4621	66.6868
2017	66.4621	66.5159
2018	66.4621	66.5056
2019	66.4621	66.4805
2020	66.4621	66.4744
2021	66.4621	66.4621
2022	66.4621	66.4871
2023	66.4621	66.4726
2024	66.4621	66.4632
2025	66.4621	66.4621
2026	66.4621	66.469
2027	66.4621	66.5416
2028	66.4621	66.4621
2029	66.4621	66.4721
2030	66.4621	66.4621
2031	66.4621	66.473
2032	66.4621	66.4625
2033	66.4621	66.4621
2034	66.4621	66.4621
2035	66.4621	66.488
2036	66.4621	66.7067
2037	66.4621	66.6822
2038	66.4621	66.7525
2039	66.4621	66.5573
2040	66.4621	66.5197
2041	66.4621	66.4621
2042	66.4621	66.4952
2043	66.4621	66.5693
2044	66.4621	66.718
2045	66.4621	66.5648
2046	66.4621	66.4672
2047	66.4621	66.554
2048	66.4621	66.5884
2049	66.4621	66.5237
2050	66.4621	66.4621
2051	66.4621	66.4787
2052	66.4621	66.6268
2053	66.4621	66.4951
2054	66.4621	66.5683
2055	66.4621	66.7436
2056	66.4621	66.4868
2057	66.4621	66.4677
2058	66.4621	66.5804
2059	66.4621	66.6547
2060	66.4621	66.4733
2061	66.4621	66.5348
2062	66.4621	66.6176
2063	66.4621	66.4621
2064	66.4621	66.4815
2065	66.4621	66.4621
2066	66.4621	66.5222
2067	66.4621	66.4994
2068	66.4621	66.5151
2069	66.4621	66.4932
2070	66.4621	66.4621
2071	66.4621	66.5214
2072	66.4621	66.5255
2073	66.4621	66.4621
2074	66.4621	66.4698
2075	66.4621	66.5139
2076	66.4621	66.479
2077	66.4621	66.5629
2078	66.4621	66.5933
2079	66.4621	66.561
2080	66.4621	66.5653
2081	66.4621	66.7766
2082	66.4621	66.5521
2083	66.4621	66.7398
2084	66.4621	66.4739
2085	66.4621	66.4844
2086	66.4621	66.4621
2087	66.4621	66.4718
2088	66.4621	66.4621
2089	66.4621	66.4985
2090	66.4621	66.4642
2091	66.4621	66.4621
2092	66.4621	66.4621
2093	66.4621	66.4625
2094	66.4621	66.4621
2095	66.4621	66.4955
2096	66.4621	66.4852
2097	66.4621	66.6615
2098	66.4621	66.8006
2099	66.4621	66.5467
2100	66.4621	66.6761
2101	66.4621	66.5155
2102	66.4621	66.6476
2103	66.4621	66.4833
2104	66.4621	66.4621
2105	66.4621	66.4949
2106	66.4621	66.5657
2107	66.4621	66.4714
2108	66.4621	66.4627
2109	66.4621	66.5384
2110	66.4621	66.554
2111	66.4621	66.8941
2112	66.4621	66.5243
2113	66.4621	66.4621
2114	66.4621	66.4777
2115	66.4621	66.5203
2116	66.4621	66.4621
2117	66.4621	66.4621
2118	66.4621	66.4936
2119	66.4621	66.4621
2120	66.4621	66.4672
2121	66.4621	66.4814
2122	66.4621	66.4621
2123	66.4621	66.4655
2124	66.4621	66.4621
2125	66.4621	66.4696
2126	66.4621	66.4658
2127	66.4621	66.6521
2128	66.4621	66.8696
2129	66.4621	66.5919
2130	66.4621	66.5459
2131	66.4621	66.5161
2132	66.4621	66.4961
2133	66.4621	66.4621
2134	66.4621	66.5527
2135	66.4621	66.464
2136	66.4621	66.4801
2137	66.4621	66.5066
2138	66.4621	66.5218
2139	66.4621	66.6455
2140	66.4621	66.6327
2141	66.4621	66.4784
2142	66.4621	66.4621
2143	66.4621	66.4621
2144	66.4621	66.5898
2145	66.4621	66.5216
2146	66.4621	66.4621
2147	66.4621	66.4813
2148	66.4621	66.4842
2149	66.4621	66.469
2150	66.4621	66.517
2151	66.4621	66.4731
2152	66.4621	66.4962
2153	66.4621	66.4799
2154	66.4621	66.5657
2155	66.4621	66.4792
2156	66.4621	66.4683
2157	66.4621	66.4621
2158	66.4621	66.5239
2159	66.4621	66.5953
2160	66.4621	66.4811
2161	66.4621	66.4621
2162	66.4621	66.4665
2163	66.4621	66.6615
2164	66.4621	66.853
2165	66.4621	67.1339
2166	66.4621	66.5503
2167	66.4621	66.6525
2168	66.4621	66.5246
2169	66.4621	66.6173
2170	66.4621	66.6326
2171	66.4621	66.6873
2172	66.4621	66.5437
2173	66.4621	66.4912
2174	66.4621	66.555
2175	66.4621	66.5343
2176	66.4621	66.4621
2177	66.4621	66.4621
2178	66.4621	66.4878
2179	66.4621	66.5104
2180	66.4621	66.4995
2181	66.4621	66.4966
2182	66.4621	66.5332
2183	66.4621	66.519
2184	66.4621	66.4621
2185	66.4621	66.5125
2186	66.4621	66.7048
2187	66.4621	66.5494
2188	66.4621	66.5846
2189	66.4621	66.5597
2190	66.4621	66.4865
2191	66.4621	66.4766
2192	66.4621	66.6096
2193	66.4621	66.5545
2194	66.4621	66.4621
2195	66.4621	66.5989
2196	66.4621	66.4621
2197	66.4621	66.4629
2198	66.4621	66.5021
2199	66.4621	66.5145
2200	66.4621	66.507
2201	66.4621	66.4621
2202	66.4621	66.4918
2203	66.4621	66.4929
2204	66.4621	66.4621
2205	66.4621	66.4621
2206	66.4621	66.4621
2207	66.4621	66.4621
2208	66.4621	66.4646
2209	66.4621	66.4709
2210	66.4621	66.555
2211	66.4621	66.5133
2212	66.4621	66.481
2213	66.4621	66.4667
2214	66.4621	66.5574
2215	66.4621	66.4621
2216	66.4621	66.4621
2217	66.4621	66.4622
2218	66.4621	66.4621
2219	66.4621	66.4814
2220	66.4621	66.5953
2221	66.4621	66.5189
2222	66.4621	66.7827
2223	66.4621	66.5704
2224	66.4621	66.4835
2225	66.4621	66.4621
2226	66.4621	66.4621
2227	66.4621	66.4621
2228	66.4621	66.4621
2229	66.4621	66.4833
2230	66.4621	66.4621
2231	66.4621	66.4621
2232	66.4621	66.4621
2233	66.4621	66.4621
2234	66.4621	66.4621
2235	66.4621	66.4652
2236	66.4621	66.4621
2237	66.4621	66.4621
2238	66.4621	66.4621
2239	66.4621	66.4863
2240	66.4621	66.4621
2241	66.4621	66.4621
2242	66.4621	66.5346
2243	66.4621	66.4621
2244	66.4621	66.4621
2245	66.4621	66.4736
2246	66.4621	66.4621
2247	66.4621	66.4621
2248	66.4621	66.4667
2249	66.4621	66.4621
2250	66.4621	66.4827
2251	66.4621	66.5441
2252	66.4621	66.4633
2253	66.4621	66.4912
2254	66.4621	66.4631
2255	66.4621	66.4621
2256	66.4621	66.495
2257	66.4621	66.4909
2258	66.4621	66.4621
2259	66.4621	66.507
2260	66.4621	66.4664
2261	66.4621	66.4691
2262	66.4621	66.4621
2263	66.4621	66.4621
2264	66.4621	66.4832
2265	66.4621	66.5217
2266	66.4621	66.6206
2267	66.4621	66.529
2268	66.4621	66.472
2269	66.4621	66.4621
2270	66.4621	66.4621
2271	66.4621	66.4621
2272	66.4621	66.4811
2273	66.4621	66.4684
2274	66.4621	66.5056
2275	66.4621	66.4621
2276	66.4621	66.4965
2277	66.4621	66.5532
2278	66.4621	66.6943
2279	66.4621	66.6673
2280	66.4621	66.4756
2281	66.4621	66.5111
2282	66.4621	66.9855
2283	66.4621	66.5613
2284	66.4621	66.583
2285	66.4621	66.6676
2286	66.4621	66.4896
2287	66.4621	66.4882
2288	66.4621	66.4919
2289	66.4621	66.4661
2290	66.4621	66.5575
2291	66.4621	66.6383
2292	66.4621	66.4817
2293	66.4621	66.4621
2294	66.4621	66.4621
2295	66.4621	66.6768
2296	66.4621	66.5008
2297	66.4621	66.4824
2298	66.4621	66.4642
2299	66.4621	66.4626
2300	66.4621	66.4893
2301	66.4621	66.4773
2302	66.4621	66.5116
2303	66.4621	66.5247
2304	66.4621	66.5277
2305	66.4621	66.4621
2306	66.4621	66.4621
2307	66.4621	66.4621
2308	66.4621	66.4664
2309	66.4621	66.4903
2310	66.4621	66.4953
2311	66.4621	66.6665
2312	66.4621	66.4789
2313	66.4621	66.4639
2314	66.4621	66.5681
2315	66.4621	66.4621
2316	66.4621	66.4875
2317	66.4621	66.5943
2318	66.4621	66.784
2319	66.4621	66.7321
2320	66.4621	66.5931
2321	66.4621	66.4749
2322	66.4621	66.4621
2323	66.4621	66.4621
2324	66.4621	66.4621
2325	66.4621	66.4621
2326	66.4621	66.474
2327	66.4621	66.4621
2328	66.4621	66.5685
2329	66.4621	66.5103
2330	66.4621	66.487
2331	66.4621	66.4636
2332	66.4621	66.4621
2333	66.4621	66.4621
2334	66.4621	66.4661
2335	66.4621	66.4919
2336	66.4621	66.4621
2337	66.4621	66.529
2338	66.4621	66.6391
2339	66.4621	66.4805
2340	66.4621	66.4978
2341	66.4621	66.5206
2342	66.4621	66.4621
2343	66.4621	66.4621
2344	66.4621	66.5435
2345	66.4621	66.4621
2346	66.4621	66.4758
2347	66.4621	66.6645
2348	66.4621	66.4621
2349	66.4621	66.4621
2350	66.4621	66.4987
2351	66.4621	66.4896
2352	66.4621	66.4621
2353	66.4621	66.4967
2354	66.4621	66.6021
2355	66.4621	66.4671
2356	66.4621	66.4727
2357	66.4621	66.4621
2358	66.4621	66.5103
2359	66.4621	66.5263
2360	66.4621	66.4621
2361	66.4621	66.4661
2362	66.4621	66.4621
2363	66.4621	66.5237
2364	66.4621	66.4831
2365	66.4621	66.4933
2366	66.4621	66.4672
2367	66.4621	66.4621
2368	66.4621	66.4621
2369	66.4621	66.5737
2370	66.4621	66.4621
2371	66.4621	66.4621
2372	66.4621	66.4636
2373	66.4621	66.4621
2374	66.4621	66.4621
2375	66.4621	66.5545
2376	66.4621	66.5077
2377	66.4621	66.5726
2378	66.4621	66.5194
2379	66.4621	66.4853
2380	66.4621	66.4748
2381	66.4621	66.4974
2382	66.4621	66.4739
2383	66.4621	66.5169
2384	66.4621	66.6377
2385	66.4621	66.4621
2386	66.4621	66.4899
2387	66.4621	66.5208
2388	66.4621	66.4668
2389	66.4621	66.4621
2390	66.4621	66.4621
2391	66.4621	66.4621
2392	66.4621	66.4621
2393	66.4621	66.556
2394	66.4621	66.4713
2395	66.4621	66.4621
2396	66.4621	66.4825
2397	66.4621	66.5604
2398	66.4621	66.5756
2399	66.4621	66.5222
2400	66.4621	66.4904
2401	66.4621	66.4621
2402	66.4621	66.4621
2403	66.4621	66.4693
2404	66.4621	66.6292
2405	66.4621	66.732
2406	66.4621	66.6665
2407	66.4621	66.5023
2408	66.4621	66.5256
2409	66.4621	66.4643
2410	66.4621	66.5495
2411	66.4621	66.5307
2412	66.4621	66.558
2413	66.4621	66.5253
2414	66.4621	66.4621
2415	66.4621	66.4621
2416	66.4621	66.5346
2417	66.4621	66.4684
2418	66.4621	66.4621
2419	66.4621	66.4621
2420	66.4621	66.4621
2421	66.4621	66.4621
2422	66.4621	66.5388
2423	66.4621	66.4621
2424	66.4621	66.4621
2425	66.4621	66.4621
2426	66.4621	66.5739
2427	66.4621	66.5035
2428	66.4621	66.4621
2429	66.4621	66.4621
2430	66.4621	66.4621
2431	66.4621	66.4621
2432	66.4621	66.5312
2433	66.4621	66.6556
2434	66.4621	66.4645
2435	66.4621	66.478
2436	66.4621	66.5577
2437	66.4621	66.4621
2438	66.4621	66.5443
2439	66.4621	66.5925
2440	66.4621	66.7018
2441	66.4621	66.7445
2442	66.4621	66.7082
2443	66.4621	66.5162
2444	66.4621	66.4776
2445	66.4621	66.5021
2446	66.4621	66.5993
2447	66.4621	66.4868
2448	66.4621	66.4871
2449	66.4621	66.4621
2450	66.4621	66.597
2451	66.4621	66.466
2452	66.4621	66.4621
2453	66.4621	66.4621
2454	66.4621	66.5031
2455	66.4621	66.4621
2456	66.4621	66.4691
2457	66.4621	66.5079
2458	66.4621	66.5962
2459	66.4621	66.4829
2460	66.4621	66.4621
2461	66.4621	66.4686
2462	66.4621	66.4621
2463	66.4621	66.574
2464	66.4621	66.4637
2465	66.4621	66.4621
2466	66.4621	66.5088
2467	66.4621	66.4621
2468	66.4621	66.4621
2469	66.4621	66.497
2470	66.4621	66.7551
2471	66.4621	66.7403
2472	66.4621	66.6849
2473	66.4621	66.5509
2474	66.4621	66.8321
2475	66.4621	66.4621
2476	66.4621	66.4793
2477	66.4621	66.5734
2478	66.4621	66.4621
2479	66.4621	66.465
2480	66.4621	66.5452
2481	66.4621	66.6391
2482	66.4621	66.8213
2483	66.4621	66.7032
2484	66.4621	66.4621
2485	66.4621	66.5029
2486	66.4621	66.5355
2487	66.4621	66.528
2488	66.4621	66.7575
2489	66.4621	66.4923
2490	66.4621	66.4702
2491	66.4621	66.538
2492	66.4621	66.4684
2493	66.4621	66.5285
2494	66.4621	66.5391
2495	66.4621	66.5342
2496	66.4621	66.5964
2497	66.4621	66.6658
2498	66.4621	66.6309
2499	66.4621	66.4979
2500	66.4621	66.4716
2501	66.4621	66.4697
2502	66.4621	66.7037
2503	66.4621	66.4725
2504	66.4621	66.4621
2505	66.4621	66.4941
2506	66.4621	66.603
2507	66.4621	66.5142
2508	66.4621	66.4621
2509	66.4621	66.5318
2510	66.4621	66.4825
2511	66.4621	66.4661
2512	66.4621	66.4621
2513	66.4621	66.4646
2514	66.4621	66.4824
2515	66.4621	66.4774
2516	66.4621	66.4621
2517	66.4621	66.4621
2518	66.4621	66.6111
2519	66.4621	66.5315
2520	66.4621	66.6429
2521	66.4621	66.5686
2522	66.4621	66.4813
2523	66.4621	66.6851
2524	66.4621	66.4621
2525	66.4621	66.5093
2526	66.4621	66.8648
2527	66.4621	66.551
2528	66.4621	66.5124
2529	66.4621	66.9074
2530	66.4621	66.594
2531	66.4621	66.4621
2532	66.4621	66.5402
2533	66.4621	66.6067
2534	66.4621	66.4994
2535	66.4621	66.5033
2536	66.4621	66.5495
2537	66.4621	66.6444
2538	66.4621	66.5571
2539	66.4621	66.4658
2540	66.4621	66.467
2541	66.4621	66.4621
2542	66.4621	66.558
2543	66.4621	66.4621
2544	66.4621	66.5053
2545	66.4621	66.4662
2546	66.4621	66.4721
2547	66.4621	66.7244
2548	66.4621	66.7795
2549	66.4621	66.5542
2550	66.4621	66.4848
2551	66.4621	66.4669
2552	66.4621	66.6554
2553	66.4621	66.6789
2554	66.4621	66.5529
2555	66.4621	66.5044
2556	66.4621	66.5815
2557	66.4621	66.4639
2558	66.4621	66.4621
2559	66.4621	66.4621
2560	66.4621	66.4857
2561	66.4621	66.4621
2562	66.4621	66.4621
2563	66.4621	66.4752
2564	66.4621	66.4621
2565	66.4621	66.4621
2566	66.4621	66.4621
2567	66.4621	66.4797
2568	66.4621	66.4621
2569	66.4621	66.4719
2570	66.4621	66.5011
2571	66.4621	66.4769
2572	66.4621	66.5499
2573	66.4621	66.5054
2574	66.4621	66.5376
2575	66.4621	66.4621
2576	66.4621	66.4651
2577	66.4621	66.4621
2578	66.4621	66.4621
2579	66.4621	66.4621
2580	66.4621	66.5608
2581	66.4621	66.5946
2582	66.4621	66.4958
2583	66.4621	66.4809
2584	66.4621	66.5529
2585	66.4621	66.5127
2586	66.4621	66.5683
2587	66.4621	66.5776
2588	66.4621	66.4621
2589	66.4621	66.4728
2590	66.4621	66.4801
2591	66.4621	66.5926
2592	66.4621	66.4939
2593	66.4621	66.5039
2594	66.4621	66.4621
2595	66.4621	66.4621
2596	66.4621	66.5633
2597	66.4621	66.4636
2598	66.4621	66.5164
2599	66.4621	66.4621
2600	66.4621	66.4699
2601	66.4621	66.6117
2602	66.4621	66.5656
2603	66.4621	66.483
2604	66.4621	66.4754
2605	66.4621	66.6605
2606	66.4621	66.5289
2607	66.4621	66.5403
2608	66.4621	66.7526
2609	66.4621	66.4631
2610	66.4621	66.4716
2611	66.4621	66.4621
2612	66.4621	66.4804
2613	66.4621	66.4621
2614	66.4621	66.4621
2615	66.4621	66.4752
2616	66.4621	66.634
2617	66.4621	66.4699
2618	66.4621	66.4788
2619	66.4621	66.4694
2620	66.4621	66.6009
2621	66.4621	66.5118
2622	66.4621	66.4621
2623	66.4621	66.4621
2624	66.4621	66.5415
2625	66.4621	66.4689
2626	66.4621	66.4621
2627	66.4621	66.4785
2628	66.4621	66.4621
2629	66.4621	66.5191
2630	66.4621	66.6195
2631	66.4621	66.5035
2632	66.4621	66.989
2633	66.4621	66.701
2634	66.4621	66.6697
2635	66.4621	66.4621
2636	66.4621	66.4622
2637	66.4621	66.5409
2638	66.4621	66.4621
2639	66.4621	66.4621
2640	66.4621	66.4621
2641	66.4621	66.5406
2642	66.4621	66.5258
2643	66.4621	66.5033
2644	66.4621	66.4621
2645	66.4621	66.5909
2646	66.4621	66.6655
2647	66.4621	66.5107
2648	66.4621	66.4844
2649	66.4621	66.5825
2650	66.4621	66.5094
2651	66.4621	66.4959
2652	66.4621	66.6302
2653	66.4621	66.5539
2654	66.4621	66.6318
2655	66.4621	66.4621
2656	66.4621	66.4621
2657	66.4621	66.5223
2658	66.4621	66.5652
2659	66.4621	66.7499
2660	66.4621	66.55
2661	66.4621	66.5192
2662	66.4621	66.4864
2663	66.4621	66.5075
2664	66.4621	66.6479
2665	66.4621	66.4628
2666	66.4621	66.4712
2667	66.4621	66.5687
2668	66.4621	66.8218
2669	66.4621	66.6914
2670	66.4621	66.8444
2671	66.4621	66.8426
2672	66.4621	66.5494
2673	66.4621	66.5426
2674	66.4621	66.7007
2675	66.4621	66.663
2676	66.4621	66.4621
2677	66.4621	66.4852
2678	66.4621	66.4989
2679	66.4621	66.5337
2680	66.4621	66.4834
2681	66.4621	66.4621
2682	66.4621	66.4621
2683	66.4621	66.4621
2684	66.4621	66.5299
2685	66.4621	66.4621
2686	66.4621	66.4621
2687	66.4621	66.4621
2688	66.4621	66.5104
2689	66.4621	66.6304
2690	66.4621	66.5263
2691	66.4621	66.4879
2692	66.4621	66.5272
2693	66.4621	66.4805
2694	66.4621	66.5126
2695	66.4621	66.4756
2696	66.4621	66.6365
2697	66.4621	66.4703
2698	66.4621	66.578
2699	66.4621	66.8197
2700	66.4621	66.6824
2701	66.4621	66.6015
2702	66.4621	66.7521
2703	66.4621	66.5802
2704	66.4621	66.4722
2705	66.4621	66.5057
2706	66.4621	66.6052
2707	66.4621	66.5644
2708	66.4621	66.5928
2709	66.4621	66.4621
2710	66.4621	66.4703
2711	66.4621	66.5085
2712	66.4621	66.4621
2713	66.4621	66.4664
2714	66.4621	66.4621
2715	66.4621	66.4621
2716	66.4621	66.5968
2717	66.4621	66.5908
2718	66.4621	66.6767
2719	66.4621	66.4756
2720	66.4621	66.4621
2721	66.4621	66.5357
2722	66.4621	66.601
2723	66.4621	66.6651
2724	66.4621	66.4912
2725	66.4621	66.762
2726	66.4621	66.8675
2727	66.4621	66.7728
2728	66.4621	66.8617
2729	66.4621	66.6037
2730	66.4621	66.4825
2731	66.4621	66.4654
2732	66.4621	66.6418
2733	66.4621	66.5245
2734	66.4621	66.5648
2735	66.4621	66.5218
2736	66.4621	66.4621
2737	66.4621	66.4842
2738	66.4621	66.4621
2739	66.4621	66.4621
2740	66.4621	66.4621
2741	66.4621	66.4621
2742	66.4621	66.4621
2743	66.4621	66.4668
2744	66.4621	66.7673
2745	66.4621	66.4941
2746	66.4621	66.4862
2747	66.4621	66.5007
2748	66.4621	66.6346
2749	66.4621	66.7444
2750	66.4621	66.749
2751	66.4621	66.5976
2752	66.4621	66.5499
2753	66.4621	66.5312
2754	66.4621	66.6944
2755	66.4621	66.5414
2756	66.4621	66.4621
2757	66.4621	66.5664
2758	66.4621	66.4971
2759	66.4621	66.4621
2760	66.4621	66.4846
2761	66.4621	66.4621
2762	66.4621	66.4802
2763	66.4621	66.6684
2764	66.4621	66.9072
2765	66.4621	66.6755
2766	66.4621	66.6299
2767	66.4621	66.4621
2768	66.4621	66.511
2769	66.4621	66.4621
2770	66.4621	66.4658
2771	66.4621	66.4621
2772	66.4621	66.4621
2773	66.4621	66.515
2774	66.4621	66.6894
2775	66.4621	66.4621
2776	66.4621	66.4621
2777	66.4621	66.4954
2778	66.4621	66.5
2779	66.4621	66.5055
2780	66.4621	66.5095
2781	66.4621	66.503
2782	66.4621	66.4621
2783	66.4621	66.4621
2784	66.4621	66.5125
2785	66.4621	66.4621
2786	66.4621	66.5323
2787	66.4621	66.5074
2788	66.4621	66.6893
2789	66.4621	66.6526
2790	66.4621	66.6189
2791	66.4621	66.654
2792	66.4621	66.4638
2793	66.4621	66.6116
2794	66.4621	66.4716
2795	66.4621	66.4621
2796	66.4621	66.4721
2797	66.4621	66.4621
2798	66.4621	66.4621
2799	66.4621	66.4621
2800	66.4621	66.4974
2801	66.4621	66.6269
2802	66.4621	66.5394
2803	66.4621	66.4956
2804	66.4621	66.4787
2805	66.4621	66.4621
2806	66.4621	66.4621
2807	66.4621	66.4621
2808	66.4621	66.5103
2809	66.4621	66.4839
2810	66.4621	66.5282
2811	66.4621	66.4621
2812	66.4621	66.4621
2813	66.4621	66.4635
2814	66.4621	66.5006
2815	66.4621	66.4621
2816	66.4621	66.5243
2817	66.4621	66.4655
2818	66.4621	66.5422
2819	66.4621	66.4621
2820	66.4621	66.4621
2821	66.4621	66.4666
2822	66.4621	66.4621
2823	66.4621	66.4621
2824	66.4621	66.4621
2825	66.4621	66.4621
2826	66.4621	66.4621
2827	66.4621	66.4621
2828	66.4621	66.4911
2829	66.4621	66.5313
2830	66.4621	66.5331
2831	66.4621	66.4621
2832	66.4621	66.4975
2833	66.4621	66.7182
2834	66.4621	66.6684
2835	66.4621	66.5022
2836	66.4621	66.466
2837	66.4621	66.4621
2838	66.4621	66.5277
2839	66.4621	66.5116
2840	66.4621	66.4854
2841	66.4621	66.4744
2842	66.4621	66.4888
2843	66.4621	66.5334
2844	66.4621	66.5194
2845	66.4621	66.5045
2846	66.4621	66.5237
2847	66.4621	66.4621
2848	66.4621	66.4779
2849	66.4621	66.7409
2850	66.4621	66.5438
2851	66.4621	66.6971
2852	66.4621	66.601
2853	66.4621	66.4796
2854	66.4621	66.472
2855	66.4621	66.4738
2856	66.4621	66.5024
2857	66.4621	66.5342
2858	66.4621	66.5828
2859	66.4621	66.6289
2860	66.4621	66.708
2861	66.4621	66.4781
2862	66.4621	66.5145
2863	66.4621	66.4957
2864	66.4621	66.493
2865	66.4621	66.7328
2866	66.4621	66.4841
2867	66.4621	66.5516
2868	66.4621	66.469
2869	66.4621	66.5301
2870	66.4621	66.7356
2871	66.4621	66.5123
2872	66.4621	66.4657
2873	66.4621	66.4841
2874	66.4621	66.4621
2875	66.4621	66.4832
2876	66.4621	66.4664
2877	66.4621	66.4623
2878	66.4621	66.4635
2879	66.4621	66.4793
2880	66.4621	66.5578
2881	66.4621	66.4977
2882	66.4621	66.5284
2883	66.4621	66.4905
2884	66.4621	66.4652
2885	66.4621	66.518
2886	66.4621	66.6273
2887	66.4621	66.6478
2888	66.4621	66.6206
2889	66.4621	66.4641
2890	66.4621	66.4674
2891	66.4621	66.5256
2892	66.4621	66.4621
2893	66.4621	66.6179
2894	66.4621	66.4763
2895	66.4621	66.5192
2896	66.4621	66.6541
2897	66.4621	66.4849
2898	66.4621	66.652
2899	66.4621	66.585
2900	66.4621	66.5115
2901	66.4621	66.4621
2902	66.4621	66.4621
2903	66.4621	66.4947
2904	66.4621	66.49
2905	66.4621	66.5448
2906	66.4621	66.4621
2907	66.4621	66.5101
2908	66.4621	66.4717
2909	66.4621	66.4621
2910	66.4621	66.4933
2911	66.4621	66.5993
2912	66.4621	66.4769
2913	66.4621	66.5446
2914	66.4621	66.5506
2915	66.4621	66.4972
2916	66.4621	66.4621
2917	66.4621	66.4621
2918	66.4621	66.4621
2919	66.4621	66.4621
2920	66.4621	66.5918
2921	66.4621	66.5037
2922	66.4621	66.5436
2923	66.4621	66.5422
2924	66.4621	66.4621
2925	66.4621	66.5226
2926	66.4621	66.5225
2927	66.4621	66.4891
2928	66.4621	66.6029
2929	66.4621	66.4987
2930	66.4621	66.4622
2931	66.4621	66.4651
2932	66.4621	66.4621
2933	66.4621	66.4766
2934	66.4621	66.4843
2935	66.4621	66.4943
2936	66.4621	66.4621
2937	66.4621	66.6299
2938	66.4621	66.5609
2939	66.4621	66.5032
2940	66.4621	66.6261
2941	66.4621	66.5238
2942	66.4621	66.4748
2943	66.4621	66.5308
2944	66.4621	66.4829
2945	66.4621	66.4691
2946	66.4621	66.5698
2947	66.4621	66.4979
2948	66.4621	66.4776
2949	66.4621	66.4967
2950	66.4621	66.4723
2951	66.4621	66.5539
2952	66.4621	66.5093
2953	66.4621	66.4621
2954	66.4621	66.4621
2955	66.4621	66.4659
2956	66.4621	66.4621
2957	66.4621	66.4854
2958	66.4621	66.4979
2959	66.4621	66.6149
2960	66.4621	66.5879
2961	66.4621	66.4791
2962	66.4621	66.5042
2963	66.4621	66.8509
2964	66.4621	66.8965
2965	66.4621	66.6523
2966	66.4621	66.5335
2967	66.4621	66.6141
2968	66.4621	66.5015
2969	66.4621	66.4754
2970	66.4621	66.5004
2971	66.4621	66.4621
2972	66.4621	66.4621
2973	66.4621	66.471
2974	66.4621	66.5162
2975	66.4621	66.4621
2976	66.4621	66.4628
2977	66.4621	66.4621
2978	66.4621	66.4621
2979	66.4621	66.4683
2980	66.4621	66.4873
2981	66.4621	66.4951
2982	66.4621	66.467
2983	66.4621	66.553
2984	66.4621	66.5106
2985	66.4621	66.5427
2986	66.4621	66.5258
2987	66.4621	66.8362
2988	66.4621	66.5257
2989	66.4621	66.5021
2990	66.4621	66.6277
2991	66.4621	66.6724
2992	66.4621	66.4746
2993	66.4621	66.4621
2994	66.4621	66.5812
2995	66.4621	66.4856
2996	66.4621	66.5081
2997	66.4621	66.4779
2998	66.4621	66.5049
2999	66.4621	66.4741
3000	66.4621	66.4621
3001	66.4621	66.4791
3002	66.4621	66.6583
3003	66.4621	66.6152
3004	66.4621	66.705
3005	66.4621	66.8745
3006	66.4621	66.6711
3007	66.4621	66.5791
3008	66.4621	66.4648
3009	66.4621	66.5034
3010	66.4621	66.4854
3011	66.4621	66.5667
3012	66.4621	66.6205
3013	66.4621	66.6783
3014	66.4621	66.5207
3015	66.4621	66.4621
3016	66.4621	66.4746
3017	66.4621	66.4943
3018	66.4621	66.4825
3019	66.4621	66.4679
3020	66.4621	66.4621
3021	66.4621	66.4991
3022	66.4621	66.4621
3023	66.4621	66.4621
3024	66.4621	66.4621
3025	66.4621	66.4774
3026	66.4621	66.4621
3027	66.4621	66.4621
3028	66.4621	66.4651
3029	66.4621	66.4789
3030	66.4621	66.6676
3031	66.4621	66.6374
3032	66.4621	66.5314
3033	66.4621	66.4781
3034	66.4621	66.4644
3035	66.4621	66.5175
3036	66.4621	66.5537
3037	66.4621	66.4621
3038	66.4621	66.4853
3039	66.4621	66.4675
3040	66.4621	66.5643
3041	66.4621	66.9114
3042	66.4621	66.657
3043	66.4621	66.4813
3044	66.4621	66.4999
3045	66.4621	66.4981
3046	66.4621	66.4652
3047	66.4621	66.4621
3048	66.4621	66.4632
3049	66.4621	66.4621
3050	66.4621	66.5075
3051	66.4621	66.4678
3052	66.4621	66.5935
3053	66.4621	66.5458
3054	66.4621	66.4626
3055	66.4621	66.8261
3056	66.4621	66.5177
3057	66.4621	66.509
3058	66.4621	66.6636
3059	66.4621	66.4621
3060	66.4621	66.4757
3061	66.4621	66.5332
3062	66.4621	66.5044
3063	66.4621	66.6678
3064	66.4621	66.5772
3065	66.4621	66.5806
3066	66.4621	66.4686
3067	66.4621	66.4621
3068	66.4621	66.465
3069	66.4621	66.5586
3070	66.4621	66.7344
3071	66.4621	66.4738
3072	66.4621	66.4621
3073	66.4621	66.4715
3074	66.4621	66.4621
3075	66.4621	66.5154
3076	66.4621	66.5318
3077	66.4621	66.8312
3078	66.4621	66.4762
3079	66.4621	66.4621
3080	66.4621	66.5425
3081	66.4621	66.5385
3082	66.4621	66.5164
3083	66.4621	66.4621
3084	66.4621	66.517
3085	66.4621	66.5504
3086	66.4621	66.4652
3087	66.4621	66.4677
3088	66.4621	66.5422
3089	66.4621	66.5999
3090	66.4621	66.4647
3091	66.4621	66.4804
3092	66.4621	66.4621
3093	66.4621	66.4638
3094	66.4621	66.5131
3095	66.4621	66.6013
3096	66.4621	66.5644
3097	66.4621	66.5217
3098	66.4621	66.5378
3099	66.4621	66.491
3100	66.4621	66.4689
3101	66.2397	66.4483
3102	66.2397	66.3507
3103	66.2397	66.4534
3104	66.2397	66.2998
3105	66.2397	66.2462
3106	66.2397	66.275
3107	66.2397	66.2415
3108	66.2397	66.2802
3109	66.2397	66.2508
3110	66.2397	66.2523
3111	66.2397	66.2397
3112	66.2397	66.2547
3113	66.2397	66.2816
3114	66.2397	66.3438
3115	66.2397	66.2653
3116	66.2397	66.3573
3117	66.2397	66.3768
3118	66.2397	66.2412
3119	66.2397	66.2852
3120	66.2397	66.4449
3121	66.2397	66.2642
3122	66.2397	66.2399
3123	66.2397	66.2397
3124	66.2397	66.3276
3125	66.2397	66.334
3126	66.2397	66.3831
3127	66.2397	66.2452
3128	66.2397	66.3019
3129	66.2397	66.3607
3130	66.2397	66.2724
3131	66.2397	66.2497
3132	66.2397	66.2418
3133	66.2397	66.2486
3134	66.2397	66.2924
3135	66.2397	66.2407
3136	66.2397	66.2505
3137	66.2397	66.2417
3138	66.2397	66.247
3139	66.2397	66.2397
3140	66.2397	66.2397
3141	66.2397	66.2997
3142	66.2397	66.3845
3143	66.2397	66.2397
3144	66.2397	66.2397
3145	66.2397	66.265
3146	66.2397	66.4873
3147	66.2397	66.4748
3148	66.2397	66.2699
3149	66.2397	66.2651
3150	66.2397	66.2397
3151	66.2397	66.2397
3152	66.2397	66.2397
3153	66.2397	66.2682
3154	66.2397	66.2502
3155	66.2397	66.2675
3156	66.2397	66.3465
3157	66.2397	66.2599
3158	66.2397	66.2397
3159	66.2397	66.255
3160	66.2397	66.3598
3161	66.2397	66.3433
3162	66.2397	66.3456
3163	66.2397	66.398
3164	66.2397	66.3576
3165	66.2397	66.2772
3166	66.2397	66.2397
3167	66.2397	66.2397
3168	66.2397	66.3412
3169	66.2397	66.2945
3170	66.2397	66.2397
3171	66.2397	66.2747
3172	66.2397	66.242
3173	66.2397	66.2584
3174	66.2397	66.2397
3175	66.2397	66.2397
3176	66.2397	66.2443
3177	66.2397	66.3179
3178	66.2397	66.2551
3179	66.2397	66.2397
3180	66.2397	66.2877
3181	66.2397	66.2945
3182	66.2397	66.2397
3183	66.2397	66.2485
3184	66.2397	66.3141
3185	66.2397	66.4102
3186	66.2397	66.3499
3187	66.2397	66.2419
3188	66.2397	66.2397
3189	66.2397	66.2442
3190	66.2397	66.2397
3191	66.2397	66.2397
3192	66.2397	66.2455
3193	66.2397	66.2397
3194	66.2397	66.2397
3195	66.2397	66.4098
3196	66.2397	66.2836
3197	66.2397	66.2399
3198	66.2397	66.2397
3199	66.2397	66.2397
3200	66.2397	66.2397
3201	66.2397	66.2397
3202	66.2397	66.3555
3203	66.2397	66.2478
3204	66.2397	66.2991
3205	66.2397	66.3108
3206	66.2397	66.2554
3207	66.2397	66.2499
3208	66.2397	66.2539
3209	66.2397	66.433
3210	66.2397	66.357
3211	66.2397	66.2397
3212	66.2397	66.2509
3213	66.2397	66.2397
3214	66.2397	66.2832
3215	66.2397	66.2798
3216	66.2397	66.3745
3217	66.2397	66.3056
3218	66.2397	66.2762
3219	66.2397	66.2423
3220	66.2397	66.2675
3221	66.2397	66.6389
3222	66.2397	66.2728
3223	66.2397	66.2524
3224	66.2397	66.2962
3225	66.2397	66.3669
3226	66.2397	66.2397
3227	66.2397	66.2438
3228	66.2397	66.2487
3229	66.2397	66.2463
3230	66.2397	66.2408
3231	66.2397	66.2397
3232	66.2397	66.3319
3233	66.2397	66.2483
3234	66.2397	66.2646
3235	66.2397	66.2397
3236	66.2397	66.2397
3237	66.2397	66.2612
3238	66.2397	66.3357
3239	66.2397	66.2622
3240	66.2397	66.3713
3241	66.2397	66.2955
3242	66.2397	66.357
3243	66.2397	66.287
3244	66.2397	66.2397
3245	66.2397	66.2397
3246	66.2397	66.2397
3247	66.2397	66.2397
3248	66.2397	66.2397
3249	66.2397	66.2407
3250	66.2397	66.2748
3251	66.2397	66.2397
3252	66.2397	66.319
3253	66.2397	66.3879
3254	66.2397	66.3173
3255	66.2397	66.5188
3256	66.2397	66.2593
3257	66.2397	66.4375
3258	66.2397	66.4018
3259	66.2397	66.4181
3260	66.2397	66.3719
3261	66.2397	66.3399
3262	66.2397	66.3867
3263	66.2397	66.3006
3264	66.2397	66.3743
3265	66.2397	66.2451
3266	66.2397	66.2397
3267	66.2397	66.3228
3268	66.2397	66.5585
3269	66.2397	66.4647
3270	66.2397	66.2485
3271	66.2397	66.264
3272	66.2397	66.2402
3273	66.2397	66.2735
3274	66.2397	66.2537
3275	66.2397	66.2397
3276	66.2397	66.3385
3277	66.2397	66.285
3278	66.2397	66.3778
3279	66.2397	66.276
3280	66.2397	66.2924
3281	66.2397	66.3589
3282	66.2397	66.2491
3283	66.2397	66.2397
3284	66.2397	66.2728
3285	66.2397	66.303
3286	66.2397	66.2467
3287	66.2397	66.3208
3288	66.2397	66.2397
3289	66.2397	66.2397
3290	66.2397	66.3056
3291	66.2397	66.4869
3292	66.2397	66.3098
3293	66.2397	66.3345
3294	66.2397	66.3726
3295	66.2397	66.369
3296	66.2397	66.415
3297	66.2397	66.2596
3298	66.2397	66.3351
3299	66.2397	66.5742
3300	66.2397	66.2397
3301	66.2397	66.2454
3302	66.2397	66.2397
3303	66.2397	66.2397
3304	66.2397	66.2397
3305	66.2397	66.2397
3306	66.2397	66.3094
3307	66.2397	66.4146
3308	66.2397	66.2566
3309	66.2397	66.3727
3310	66.2397	66.2397
3311	66.2397	66.2397
3312	66.2397	66.4907
3313	66.2397	66.2397
3314	66.2397	66.2987
3315	66.2397	66.2448
3316	66.2397	66.2397
3317	66.2397	66.3051
3318	66.2397	66.3571
3319	66.2397	66.3108
3320	66.2397	66.4128
3321	66.2397	66.369
3322	66.2397	66.2397
3323	66.2397	66.2422
3324	66.2397	66.2714
3325	66.2397	66.2425
3326	66.2397	66.2397
3327	66.2397	66.3046
3328	66.2397	66.2397
3329	66.2397	66.6448
3330	66.2397	66.3815
3331	66.2397	66.6038
3332	66.2397	66.4909
3333	66.2397	66.2818
3334	66.2397	66.2397
3335	66.2397	66.2397
3336	66.2397	66.2397
3337	66.2397	66.2397
3338	66.2397	66.2397
3339	66.2397	66.2397
3340	66.2397	66.2523
3341	66.2397	66.3299
3342	66.2397	66.2944
3343	66.2397	66.2397
3344	66.2397	66.2397
3345	66.2397	66.275
3346	66.2397	66.3653
3347	66.2397	66.2668
3348	66.2397	66.2416
3349	66.2397	66.2839
3350	66.2397	66.2397
3351	66.2397	66.2397
3352	66.2397	66.2397
3353	66.2397	66.2424
3354	66.2397	66.302
3355	66.2397	66.3183
3356	66.2397	66.2397
3357	66.2397	66.2695
3358	66.2397	66.2792
3359	66.2397	66.2445
3360	66.2397	66.2397
3361	66.2397	66.2397
3362	66.2397	66.2397
3363	66.2397	66.2397
3364	66.2397	66.2397
3365	66.2397	66.2397
3366	66.2397	66.2397
3367	66.2397	66.2397
3368	66.2397	66.258
3369	66.2397	66.3374
3370	66.2397	66.34
3371	66.2397	66.6022
3372	66.2397	66.494
3373	66.2397	66.528
3374	66.2397	66.3412
3375	66.2397	66.2763
3376	66.2397	66.2548
3377	66.2397	66.2397
3378	66.2397	66.2486
3379	66.2397	66.2472
3380	66.2397	66.2397
3381	66.2397	66.2397
3382	66.2397	66.2397
3383	66.2397	66.2397
3384	66.2397	66.2397
3385	66.2397	66.2397
3386	66.2397	66.2397
3387	66.2397	66.2567
3388	66.2397	66.2397
3389	66.2397	66.2398
3390	66.2397	66.2397
3391	66.2397	66.2397
3392	66.2397	66.2397
3393	66.2397	66.2461
3394	66.2397	66.2462
3395	66.2397	66.3388
3396	66.2397	66.247
3397	66.2397	66.2883
3398	66.2397	66.2397
3399	66.2397	66.2628
3400	66.2397	66.2444
3401	66.2397	66.2397
3402	66.2397	66.2427
3403	66.2397	66.3026
3404	66.2397	66.4059
3405	66.2397	66.371
3406	66.2397	66.3669
3407	66.2397	66.3456
3408	66.2397	66.2397
3409	66.2397	66.2397
3410	66.2397	66.284
3411	66.2397	66.2528
3412	66.2397	66.3823
3413	66.2397	66.2609
3414	66.2397	66.3403
3415	66.2397	66.306
3416	66.2397	66.2402
3417	66.2397	66.2722
3418	66.2397	66.2446
3419	66.2397	66.2883
3420	66.2397	66.2397
3421	66.2397	66.3311
3422	66.2397	66.2778
3423	66.2397	66.2552
3424	66.2397	66.2925
3425	66.2397	66.4132
3426	66.2397	66.5337
3427	66.2397	66.2558
3428	66.2397	66.2821
3429	66.2397	66.2581
3430	66.2397	66.2397
3431	66.2397	66.2397
3432	66.2397	66.2397
3433	66.2397	66.2397
3434	66.2397	66.2448
3435	66.2397	66.3259
3436	66.2397	66.2451
3437	66.2397	66.4385
3438	66.2397	66.5287
3439	66.2397	66.3717
3440	66.2397	66.2906
3441	66.2397	66.3883
3442	66.2397	66.2397
3443	66.2397	66.2399
3444	66.2397	66.2399
3445	66.2397	66.2528
3446	66.2397	66.2426
3447	66.2397	66.2397
3448	66.2397	66.2397
3449	66.2397	66.32
3450	66.2397	66.2554
3451	66.2397	66.2457
3452	66.2397	66.2428
3453	66.2397	66.2648
3454	66.2397	66.3909
3455	66.2397	66.2633
3456	66.2397	66.3055
3457	66.2397	66.2397
3458	66.2397	66.2397
3459	66.2397	66.2397
3460	66.2397	66.2596
3461	66.2397	66.2511
3462	66.2397	66.2397
3463	66.2397	66.3018
3464	66.2397	66.2831
3465	66.2397	66.2552
3466	66.2397	66.2792
3467	66.2397	66.2696
3468	66.2397	66.3727
3469	66.2397	66.3685
3470	66.2397	66.292
3471	66.2397	66.3268
3472	66.2397	66.3007
3473	66.2397	66.5807
3474	66.2397	66.5664
3475	66.2397	66.2397
3476	66.2397	66.2581
3477	66.2397	66.2885
3478	66.2397	66.2397
3479	66.2397	66.2608
3480	66.2397	66.2863
3481	66.2397	66.3124
3482	66.2397	66.4554
3483	66.2397	66.2397
3484	66.2397	66.2621
3485	66.2397	66.2591
3486	66.2397	66.2397
3487	66.2397	66.2397
3488	66.2397	66.2397
3489	66.2397	66.2397
3490	66.2397	66.29
3491	66.2397	66.2453
3492	66.2397	66.2397
3493	66.2397	66.2876
3494	66.2397	66.3656
3495	66.2397	66.2747
3496	66.2397	66.24
3497	66.2397	66.2474
3498	66.2397	66.2397
3499	66.2397	66.2455
3500	66.2397	66.2848
3501	66.2397	66.3511
3502	66.2397	66.4819
3503	66.2397	66.36
3504	66.2397	66.2558
3505	66.2397	66.2831
3506	66.2397	66.2606
3507	66.2397	66.267
3508	66.2397	66.2738
3509	66.2397	66.2397
3510	66.2397	66.2397
3511	66.2397	66.2473
3512	66.2397	66.2397
3513	66.2397	66.4287
3514	66.2397	66.4004
3515	66.2397	66.264
3516	66.2397	66.2562
3517	66.2397	66.4341
3518	66.2397	66.3147
3519	66.2397	66.4651
3520	66.2397	66.2471
3521	66.2397	66.2448
3522	66.2397	66.2824
3523	66.2397	66.2414
3524	66.2397	66.2397
3525	66.2397	66.2397
3526	66.2397	66.2397
3527	66.2397	66.3635
3528	66.2397	66.3847
3529	66.2397	66.3583
3530	66.2397	66.2718
3531	66.2397	66.2522
3532	66.2397	66.2401
3533	66.2397	66.2584
3534	66.2397	66.4993
3535	66.2397	66.5969
3536	66.2397	66.2576
3537	66.2397	66.2429
3538	66.2397	66.2397
3539	66.2397	66.2429
3540	66.2397	66.2399
3541	66.2397	66.2397
3542	66.2397	66.3515
3543	66.2397	66.2925
3544	66.2397	66.3011
3545	66.2397	66.2397
3546	66.2397	66.2518
3547	66.2397	66.348
3548	66.2397	66.3829
3549	66.2397	66.2892
3550	66.2397	66.2601
3551	66.2397	66.2941
3552	66.2397	66.2751
3553	66.2397	66.2397
3554	66.2397	66.2397
3555	66.2397	66.2662
3556	66.2397	66.2786
3557	66.2397	66.3018
3558	66.2397	66.2397
3559	66.2397	66.2397
3560	66.2397	66.2397
3561	66.2397	66.2397
3562	66.2397	66.2637
3563	66.2397	66.2403
3564	66.2397	66.2422
3565	66.2397	66.2429
3566	66.2397	66.312
3567	66.2397	66.2397
3568	66.2397	66.2397
3569	66.2397	66.2402
3570	66.2397	66.2397
3571	66.2397	66.2397
3572	66.2397	66.2397
3573	66.2397	66.2397
3574	66.2397	66.2416
3575	66.2397	66.2397
3576	66.2397	66.2397
3577	66.2397	66.2437
3578	66.2397	66.2685
3579	66.2397	66.2546
3580	66.2397	66.2554
3581	66.2397	66.277
3582	66.2397	66.2411
3583	66.2397	66.3856
3584	66.2397	66.2651
3585	66.2397	66.2397
3586	66.2397	66.2397
3587	66.2397	66.2397
3588	66.2397	66.2397
3589	66.2397	66.4192
3590	66.2397	66.2668
3591	66.2397	66.3105
3592	66.2397	66.2552
3593	66.2397	66.3467
3594	66.2397	66.2699
3595	66.2397	66.2487
3596	66.2397	66.3862
3597	66.2397	66.244
3598	66.2397	66.253
3599	66.2397	66.246
3600	66.2397	66.3655
3601	66.2397	66.284
3602	66.2397	66.2872
3603	66.2397	66.2928
3604	66.2397	66.3078
3605	66.2397	66.4156
3606	66.2397	66.3345
3607	66.2397	66.2407
3608	66.2397	66.2397
3609	66.2397	66.3752
3610	66.2397	66.2508
3611	66.2397	66.3005
3612	66.2397	66.2397
3613	66.2397	66.2602
3614	66.2397	66.284
3615	66.2397	66.2397
3616	66.2397	66.3081
3617	66.2397	66.3682
3618	66.2397	66.2542
3619	66.2397	66.3021
3620	66.2397	66.2455
3621	66.2397	66.2414
3622	66.2397	66.3952
3623	66.2397	66.2791
3624	66.2397	66.2531
3625	66.2397	66.2766
3626	66.2397	66.2397
3627	66.2397	66.2397
3628	66.2397	66.2617
3629	66.2397	66.3531
3630	66.2397	66.2576
3631	66.2397	66.2539
3632	66.2397	66.2411
3633	66.2397	66.2397
3634	66.2397	66.2397
3635	66.2397	66.3495
3636	66.2397	66.2903
3637	66.2397	66.3348
3638	66.2397	66.3372
3639	66.2397	66.3143
3640	66.2397	66.2397
3641	66.2397	66.2397
3642	66.2397	66.2783
3643	66.2397	66.2397
3644	66.2397	66.2431
3645	66.2397	66.244
3646	66.2397	66.4238
3647	66.2397	66.7
3648	66.2397	66.4528
3649	66.2397	66.4445
3650	66.2397	66.6541
3651	66.2397	66.2397
3652	66.2397	66.2397
3653	66.2397	66.2397
3654	66.2397	66.2627
3655	66.2397	66.2977
3656	66.2397	66.2749
3657	66.2397	66.2397
3658	66.2397	66.242
3659	66.2397	66.2841
3660	66.2397	66.378
3661	66.2397	66.2892
3662	66.2397	66.365
3663	66.2397	66.2851
3664	66.2397	66.2397
3665	66.2397	66.2669
3666	66.2397	66.2537
3667	66.2397	66.2768
3668	66.2397	66.2783
3669	66.2397	66.2898
3670	66.2397	66.2788
3671	66.2397	66.2697
3672	66.2397	66.3238
3673	66.2397	66.2397
3674	66.2397	66.3684
3675	66.2397	66.2528
3676	66.2397	66.2397
3677	66.2397	66.2397
3678	66.2397	66.2444
3679	66.2397	66.3449
3680	66.2397	66.4135
3681	66.2397	66.3983
3682	66.2397	66.2672
3683	66.2397	66.2971
3684	66.2397	66.3463
3685	66.2397	66.5226
3686	66.2397	66.2939
3687	66.2397	66.2545
3688	66.2397	66.3185
3689	66.2397	66.2411
3690	66.2397	66.2397
3691	66.2397	66.2397
3692	66.2397	66.2444
3693	66.2397	66.2764
3694	66.2397	66.4294
3695	66.2397	66.3711
3696	66.2397	66.353
3697	66.2397	66.3288
3698	66.2397	66.2964
3699	66.2397	66.2401
3700	66.2397	66.3158
3701	66.2397	66.2397
3702	66.2397	66.2397
3703	66.2397	66.247
3704	66.2397	66.2411
3705	66.2397	66.4101
3706	66.2397	66.2822
3707	66.2397	66.2397
3708	66.2397	66.2397
3709	66.2397	66.2811
3710	66.2397	66.2405
3711	66.2397	66.24
3712	66.2397	66.3297
3713	66.2397	66.2397
3714	66.2397	66.2459
3715	66.2397	66.2397
3716	66.2397	66.2421
3717	66.2397	66.2832
3718	66.2397	66.298
3719	66.2397	66.2397
3720	66.2397	66.2397
3721	66.2397	66.2493
3722	66.2397	66.3045
3723	66.2397	66.3414
3724	66.2397	66.4101
3725	66.2397	66.3295
3726	66.2397	66.3282
3727	66.2397	66.4358
3728	66.2397	66.2799
3729	66.2397	66.2397
3730	66.2397	66.2612
3731	66.2397	66.2438
3732	66.2397	66.2428
3733	66.2397	66.3344
3734	66.2397	66.4121
3735	66.2397	66.313
3736	66.2397	66.3513
3737	66.2397	66.3298
3738	66.2397	66.2397
3739	66.2397	66.4039
3740	66.2397	66.2939
3741	66.2397	66.3578
3742	66.2397	66.2485
3743	66.2397	66.2397
3744	66.2397	66.2397
3745	66.2397	66.2414
3746	66.2397	66.2397
3747	66.2397	66.3258
3748	66.2397	66.3383
3749	66.2397	66.5944
3750	66.2397	66.4998
3751	66.2397	66.3076
3752	66.2397	66.2461
3753	66.2397	66.2436
3754	66.2397	66.2899
3755	66.2397	66.3106
3756	66.2397	66.2397
3757	66.2397	66.3517
3758	66.2397	66.3177
3759	66.2397	66.255
3760	66.2397	66.2397
3761	66.2397	66.2848
3762	66.2397	66.2591
3763	66.2397	66.2733
3764	66.2397	66.3563
3765	66.2397	66.2532
3766	66.2397	66.3819
3767	66.2397	66.337
3768	66.2397	66.3803
3769	66.2397	66.3254
3770	66.2397	66.2397
3771	66.2397	66.2397
3772	66.2397	66.2425
3773	66.2397	66.2591
3774	66.2397	66.3194
3775	66.2397	66.2807
3776	66.2397	66.4715
3777	66.2397	66.2733
3778	66.2397	66.2594
3779	66.2397	66.2778
3780	66.2397	66.2397
3781	66.2397	66.2869
3782	66.2397	66.3143
3783	66.2397	66.3036
3784	66.2397	66.2397
3785	66.2397	66.2397
3786	66.2397	66.2512
3787	66.2397	66.2397
3788	66.2397	66.2397
3789	66.2397	66.2556
3790	66.2397	66.2689
3791	66.2397	66.2397
3792	66.2397	66.2397
3793	66.2397	66.3074
3794	66.2397	66.2397
3795	66.2397	66.2627
3796	66.2397	66.3047
3797	66.2397	66.3936
3798	66.2397	66.41
3799	66.2397	66.2724
3800	66.2397	66.3365
3801	66.2397	66.3211
3802	66.2397	66.4005
3803	66.2397	66.3783
3804	66.2397	66.26
3805	66.2397	66.2397
3806	66.2397	66.5066
3807	66.2397	66.3679
3808	66.2397	66.2397
3809	66.2397	66.4114
3810	66.2397	66.2422
3811	66.2397	66.3248
3812	66.2397	66.39
3813	66.2397	66.4628
3814	66.2397	66.3436
3815	66.2397	66.2525
3816	66.2397	66.2539
3817	66.2397	66.2927
3818	66.2397	66.3144
3819	66.2397	66.3363
3820	66.2397	66.251
3821	66.2397	66.2397
3822	66.2397	66.2397
3823	66.2397	66.2588
3824	66.2397	66.2397
3825	66.2397	66.2781
3826	66.2397	66.4001
3827	66.2397	66.3243
3828	66.2397	66.2948
3829	66.2397	66.2879
3830	66.2397	66.2479
3831	66.2397	66.2779
3832	66.2397	66.5278
3833	66.2397	66.2733
3834	66.2397	66.251
3835	66.2397	66.3054
3836	66.2397	66.3666
3837	66.2397	66.4203
3838	66.2397	66.3754
3839	66.2397	66.2593
3840	66.2397	66.2475
3841	66.2397	66.2657
3842	66.2397	66.2801
3843	66.2397	66.2594
3844	66.2397	66.2685
3845	66.2397	66.3005
3846	66.2397	66.242
3847	66.2397	66.2397
3848	66.2397	66.2593
3849	66.2397	66.2705
3850	66.2397	66.3059
3851	66.2397	66.2397
3852	66.2397	66.2531
3853	66.2397	66.2784
3854	66.2397	66.2397
3855	66.2397	66.3366
3856	66.2397	66.28
3857	66.2397	66.4899
3858	66.2397	66.4514
3859	66.2397	66.4462
3860	66.2397	66.4061
3861	66.2397	66.294
3862	66.2397	66.2702
3863	66.2397	66.4059
3864	66.2397	66.5163
3865	66.2397	66.3649
3866	66.2397	66.2419
3867	66.2397	66.2503
3868	66.2397	66.2477
3869	66.2397	66.266
3870	66.2397	66.2689
3871	66.2397	66.2397
3872	66.2397	66.2397
3873	66.2397	66.2397
3874	66.2397	66.2405
3875	66.2397	66.2988
3876	66.2397	66.2663
3877	66.2397	66.3921
3878	66.2397	66.2704
3879	66.2397	66.4878
3880	66.2397	66.48
3881	66.2397	66.3436
3882	66.2397	66.4642
3883	66.2397	66.3453
3884	66.2397	66.4565
3885	66.2397	66.3042
3886	66.2397	66.4368
3887	66.2397	66.55
3888	66.2397	66.2991
3889	66.2397	66.2486
3890	66.2397	66.5292
3891	66.2397	66.2809
3892	66.2397	66.2397
3893	66.2397	66.278
3894	66.2397	66.2709
3895	66.2397	66.4026
3896	66.2397	66.409
3897	66.2397	66.4697
3898	66.2397	66.3942
3899	66.2397	66.2883
3900	66.2397	66.2921
3901	66.2397	66.7047
3902	66.2397	66.4779
3903	66.2397	66.3619
3904	66.2397	66.3564
3905	66.2397	66.2399
3906	66.2397	66.2459
3907	66.2397	66.286
3908	66.2397	66.2407
3909	66.2397	66.2397
3910	66.2397	66.2397
3911	66.2397	66.2397
3912	66.2397	66.2397
3913	66.2397	66.277
3914	66.2397	66.3165
3915	66.2397	66.2765
3916	66.2397	66.264
3917	66.2397	66.2397
3918	66.2397	66.2921
3919	66.2397	66.2843
3920	66.2397	66.2901
3921	66.2397	66.3539
3922	66.2397	66.2397
3923	66.2397	66.2631
3924	66.2397	66.2399
3925	66.2397	66.2397
3926	66.2397	66.2397
3927	66.2397	66.2565
3928	66.2397	66.2397
3929	66.2397	66.2415
3930	66.2397	66.2397
3931	66.2397	66.2397
3932	66.2397	66.301
3933	66.2397	66.2891
3934	66.2397	66.3228
3935	66.2397	66.2991
3936	66.2397	66.2662
3937	66.2397	66.3097
3938	66.2397	66.3934
3939	66.2397	66.3412
3940	66.2397	66.2949
3941	66.2397	66.2842
3942	66.2397	66.2613
3943	66.2397	66.3824
3944	66.2397	66.2944
3945	66.2397	66.2726
3946	66.2397	66.2397
3947	66.2397	66.2663
3948	66.2397	66.2397
3949	66.2397	66.2566
3950	66.2397	66.2441
3951	66.2397	66.2397
3952	66.2397	66.2397
3953	66.2397	66.2987
3954	66.2397	66.3374
3955	66.2397	66.2432
3956	66.2397	66.3436
3957	66.2397	66.2649
3958	66.2397	66.2694
3959	66.2397	66.2397
3960	66.2397	66.2397
3961	66.2397	66.2397
3962	66.2397	66.2397
3963	66.2397	66.3336
3964	66.2397	66.2668
3965	66.2397	66.2802
3966	66.2397	66.3419
3967	66.2397	66.4769
3968	66.2397	66.3216
3969	66.2397	66.315
3970	66.2397	66.293
3971	66.2397	66.2713
3972	66.2397	66.2397
3973	66.2397	66.2397
3974	66.2397	66.2397
3975	66.2397	66.2513
3976	66.2397	66.2397
3977	66.2397	66.2397
3978	66.2397	66.2684
3979	66.2397	66.2491
3980	66.2397	66.2543
3981	66.2397	66.3029
3982	66.2397	66.3812
3983	66.2397	66.2597
3984	66.2397	66.2397
3985	66.2397	66.2652
3986	66.2397	66.2484
3987	66.2397	66.2397
3988	66.2397	66.2707
3989	66.2397	66.2928
3990	66.2397	66.2397
3991	66.2397	66.2397
3992	66.2397	66.2566
3993	66.2397	66.3285
3994	66.2397	66.371
3995	66.2397	66.2397
3996	66.2397	66.2397
3997	66.2397	66.2397
3998	66.2397	66.2397
3999	66.2397	66.2397
