0	425.858	466.584
1	417.179	445.822
2	402.183	431.122
3	380.397	416.308
4	372.246	399.93
5	363.051	383.135
6	357.959	372.924
7	348.325	365.168
8	340.301	357.177
9	332.021	349.304
10	328.152	340.562
11	320.688	333.379
12	311.084	326.707
13	308.387	319.451
14	300.475	314.036
15	294.508	308.251
16	272.17	301.021
17	269.289	292.003
18	265.604	279.591
19	259.577	270.778
20	253.463	265.606
21	244.891	260.378
22	236.991	254.071
23	231.372	246.498
24	227.268	238.275
25	225.537	233.161
26	224.1	229.278
27	219.815	226.827
28	218.414	224.897
29	214.727	223.238
30	212.299	220.126
31	207.454	216.74
32	202.848	212.967
33	201.301	209.065
34	200.506	205.387
35	193.541	202.77
36	191.678	199.537
37	190.459	195.97
38	186.57	193.722
39	185.15	191.863
40	183.197	189.131
41	182.256	186.674
42	179.82	184.416
43	176.362	182.842
44	174.429	181.053
45	173.196	178.32
46	170.583	175.847
47	170.138	174.01
48	167.978	172.27
49	165.715	170.797
50	165.715	168.827
51	164.475	167.127
52	163.262	166.096
53	161.668	165.212
54	158.594	163.841
55	157.381	162.657
56	156.545	160.931
57	156.45	158.895
58	154.407	157.728
59	152.404	157.15
60	151.654	155.475
61	151.139	154.14
62	151.139	153.403
63	150.857	152.938
64	150.857	152.888
65	148.28	152.014
66	148.28	151.388
67	146.43	150.531
68	145.839	149.113
69	145.609	148.277
70	145.32	147.477
71	143.316	147.265
72	143.305	146.882
73	143.303	147.53
74	143.303	145.69
75	143.105	144.64
76	142.272	143.561
77	141.853	143.744
78	141.261	143.611
79	140.675	143.528
80	139.823	142.318
81	139.235	141.407
82	138.682	140.83
83	137.604	140.189
84	136.546	139.791
85	136.269	139.151
86	135.477	138.144
87	134.672	136.945
88	134.315	135.999
89	131.651	135.421
90	131.651	134.531
91	130.882	133.32
92	130.799	132.105
93	130.249	131.323
94	129.825	130.858
95	129.018	130.375
96	128.594	129.934
97	126.382	129.448
98	124.967	128.895
99	124.455	127.9
100	123.769	126.377
101	116.714	124.965
102	116.714	123.708
103	116.714	121.08
104	116.153	118.486
105	116.153	117.415
106	115.865	117.41
107	115.243	116.563
108	114.718	116.053
109	114.171	115.562
110	113.738	115.114
111	112.728	114.621
112	112.148	114.072
113	111.312	113.417
114	110.61	112.624
115	108.649	111.943
116	108.476	111.201
117	107.486	109.592
118	107.335	108.648
119	106.345	108.059
120	106.338	107.315
121	105.861	106.755
122	105.752	106.415
123	105.274	106.209
124	104.994	106.028
125	104.376	105.797
126	103.883	105.701
127	102.929	105.075
128	102.326	104.363
129	101.849	103.506
130	101.812	102.845
131	100.622	102.362
132	99.6297	101.794
133	98.0738	101.15
134	97.293	100.105
135	96.4217	99.2003
136	95.1576	98.1793
137	95.0096	97.5398
138	92.619	96.7664
139	92.2887	95.5164
140	92.0772	93.724
141	91.6909	93.018
142	91.6909	92.7423
143	91.4841	92.5061
144	91.4841	91.8706
145	91.4841	91.8538
146	91.4841	91.7114
147	91.064	91.5362
148	91.064	91.5402
149	90.7654	91.3629
150	90.3453	91.2783
151	89.9141	90.8589
152	89.494	90.5536
153	89.494	90.1706
154	89.4792	89.7601
155	89.4792	89.5627
156	89.2836	89.5077
157	89.2836	89.4558
158	89.1268	89.3853
159	88.7364	89.3039
160	88.5081	89.2094
161	88.1911	89.199
162	87.9502	89.0614
163	87.5749	88.8237
164	87.3339	88.389
165	87.3339	88.1804
166	87.234	87.581
167	87.234	87.4018
168	87.234	87.3695
169	87.234	87.3126
170	86.1544	87.2342
171	86.1544	87.0978
172	85.1172	86.7915
173	85.1172	86.6308
174	85.1172	86.2408
175	84.6731	85.7338
176	84.6731	85.5411
177	84.6731	85.1214
178	84.6731	84.7759
179	84.6731	84.7138
180	84.6731	84.8731
181	84.0653	84.7917
182	84.0653	84.5611
183	83.551	84.4226
184	83.551	84.1718
185	83.2999	83.9482
186	83.1316	83.7897
187	82.8806	83.8462
188	82.7086	83.2461
189	82.5228	83.0108
190	82.3508	82.8244
191	82.1878	82.6626
192	81.83	82.5204
193	81.83	82.3907
194	81.7727	82.1416
195	81.7644	81.943
196	81.7644	81.8861
197	81.7644	81.7989
198	81.4755	81.7689
199	81.4755	81.7194
200	81.381	81.598
201	81.3237	81.4921
202	81.3237	81.4127
203	81.3237	81.3738
204	81.3237	81.4443
205	81.3237	81.3479
206	81.2535	81.3271
207	81.2535	81.3247
208	81.2535	81.3813
209	81.1365	81.2889
210	81.1281	81.6616
211	80.1851	81.1878
212	80.1767	80.9932
213	80.1767	80.6067
214	80.1767	80.3511
215	79.8395	80.2371
216	79.8395	80.171
217	79.687	80.0545
218	79.687	80.0256
219	79.687	79.8653
220	79.6825	79.8716
221	79.6825	79.7132
222	79.6825	79.6933
223	79.6825	79.7381
224	79.6825	79.785
225	79.6825	79.7906
226	79.6825	79.7952
227	79.6825	79.9313
228	79.6825	79.7418
229	79.6825	79.7686
230	79.4975	79.6819
231	79.4975	79.6564
232	79.4975	79.7663
233	79.4975	79.5692
234	79.4975	79.5536
235	79.4975	79.6252
236	79.2237	79.4978
237	79.2237	79.4482
238	78.8904	79.3491
239	78.8427	79.3469
240	78.0833	79.6218
241	78.0833	79.2848
242	77.5187	78.8906
243	77.5187	78.3178
244	77.3507	77.8553
245	77.3507	77.6362
246	77.3507	77.5562
247	77.3507	77.4637
248	77.3507	77.4221
249	76.5957	77.3642
250	76.4277	77.2624
251	75.929	77.1838
252	75.929	78.7921
253	75.929	78.8883
254	75.929	78.2803
255	75.8618	77.1854
256	75.8618	76.1142
257	75.8618	75.9203
258	75.8618	75.8785
259	75.8618	75.8685
260	75.8618	75.9219
261	75.8618	75.8891
262	75.8618	75.9822
263	75.742	75.8615
264	75.742	75.8687
265	75.742	76.7019
266	75.742	76.7308
267	75.742	76.2392
268	75.742	75.9659
269	75.5031	75.9844
270	75.5031	75.7794
271	75.5031	75.6327
272	75.4413	75.5616
273	75.4413	75.5353
274	75.4413	75.4678
275	75.4413	75.4523
276	75.1424	75.4477
277	75.0807	75.4426
278	75.0517	75.263
279	75.0517	75.1745
280	75.0517	75.0907
281	75.0517	75.0668
282	75.0072	75.0677
283	75.0072	75.0515
284	75.0072	75.0317
285	75.0072	75.0162
286	75.0072	75.0078
287	75.0072	75.0072
288	75.0072	75.0072
289	75.0072	75.0072
290	75.0072	75.0072
291	75.0072	75.0072
292	75.0072	75.0072
293	75.0072	75.0072
294	75.0072	75.0072
295	75.0072	75.0073
296	75.0072	75.058
297	75.0072	75.0377
298	75.0072	75.0195
299	75.0072	75.3152
300	75.0072	75.2865
301	72.8077	74.9069
302	72.8077	74.5921
303	72.8077	74.5272
304	72.8077	73.583
305	72.8077	73.242
306	72.8077	72.9271
307	72.5019	72.9109
308	72.5019	72.7723
309	72.0475	72.766
310	71.7417	72.6216
311	71.7417	72.5203
312	71.7417	72.4602
313	71.7417	72.2322
314	71.7417	72.0249
315	71.7417	71.8381
316	71.7417	71.7417
317	71.7417	71.7417
318	71.7417	71.7417
319	71.7417	71.747
320	71.7417	71.7417
321	71.7417	71.7417
322	71.7417	71.7417
323	71.6315	71.7414
324	71.6315	71.729
325	71.6315	71.6889
326	71.6315	71.6579
327	71.6315	71.6365
328	71.6315	71.7848
329	71.6315	71.7602
330	71.6315	71.6316
331	71.6315	71.7428
332	71.6315	71.6903
333	71.6315	71.6315
334	71.6315	71.6315
335	71.6315	71.7218
336	71.6315	71.6779
337	71.6315	71.658
338	71.6315	71.6685
339	71.6315	71.7773
340	71.6315	71.6315
341	71.6315	71.6319
342	71.6315	71.7113
343	71.6315	71.7118
344	71.6315	71.6548
345	71.6315	71.6315
346	71.6315	71.6315
347	71.6315	71.6518
348	71.6315	71.696
349	71.6315	71.9152
350	71.6315	71.7239
351	71.0994	71.9326
352	70.8024	72.0509
353	70.5814	71.6361
354	70.5814	71.3814
355	70.5814	71.0252
356	70.5814	70.9449
357	70.5814	70.6176
358	70.5814	70.6762
359	70.5814	70.632
360	70.5814	70.5815
361	70.5814	70.6311
362	70.5814	70.7213
363	70.5814	70.707
364	70.5814	70.7191
365	70.5814	70.7532
366	70.5814	70.7171
367	70.5814	70.5912
368	70.5814	70.6471
369	70.5814	70.7613
370	70.5814	70.5825
371	70.5814	70.6303
372	70.5814	70.5834
373	70.5814	70.5996
374	70.5814	70.6228
375	70.5814	70.5814
376	70.5814	70.5814
377	70.5814	70.583
378	70.5814	70.6347
379	70.5814	70.6142
380	70.5814	70.6632
381	70.5814	70.6825
382	70.5814	70.582
383	70.5814	70.5875
384	70.5814	70.5814
385	70.5814	70.5937
386	70.5814	70.5814
387	70.5814	70.5836
388	70.5814	70.6162
389	70.5814	70.6214
390	70.5814	70.6753
391	70.5814	70.7314
392	70.5814	70.7414
393	70.5814	70.6064
394	70.5814	70.6804
395	70.5814	70.5814
396	70.5814	70.5814
397	70.5814	70.5814
398	70.5814	70.5931
399	70.5814	70.5814
400	70.5814	70.6238
401	68.5826	72.0172
402	68.5826	72.3632
403	68.5826	72.5575
404	68.5826	71.8216
405	68.5826	70.0572
406	68.5826	68.8542
407	68.5826	69.0049
408	68.5826	68.6649
409	68.5826	68.6092
410	68.5826	68.5826
411	68.5826	68.5826
412	68.5826	68.5826
413	68.5826	68.5826
414	68.5826	68.5826
415	68.5826	68.6008
416	68.5826	68.6105
417	68.5826	68.6431
418	68.5826	68.6138
419	68.5826	68.5826
420	68.5826	68.5851
421	68.5826	68.5826
422	68.5826	68.6181
423	68.5826	68.5826
424	68.5826	68.8996
425	68.5826	68.6264
426	68.5826	68.736
427	68.5826	68.7475
428	68.5826	68.624
429	68.5826	68.584
430	68.5826	68.7449
431	68.5826	68.6366
432	68.5826	68.6422
433	68.5826	68.7714
434	68.5826	68.7293
435	68.5826	68.5936
436	68.5826	68.5826
437	68.5826	68.6073
438	68.5826	68.7457
439	68.5826	68.6042
440	68.5826	68.5828
441	68.5826	68.6041
442	68.5826	68.6169
443	68.5826	68.5826
444	68.5826	68.5826
445	68.5826	68.5992
446	68.5826	68.5826
447	68.5826	68.5826
448	68.5826	68.5826
449	68.5826	68.5826
450	68.5826	68.5826
451	68.5826	68.5826
452	68.5826	68.5827
453	68.5826	68.6999
454	68.5826	68.611
455	68.5753	68.6504
456	68.5753	68.6276
457	68.5753	68.6846
458	68.5753	68.6669
459	68.5753	68.6881
460	68.5753	68.7562
461	68.5753	68.6417
462	68.5753	68.5793
463	68.5753	68.6158
464	68.5753	68.5753
465	68.5753	68.5753
466	68.5753	68.5753
467	68.5753	68.5753
468	68.5753	68.6079
469	68.5753	68.7058
470	68.5753	68.6204
471	68.5753	68.584
472	68.5753	68.5753
473	68.5753	68.5753
474	68.5753	68.5753
475	68.5753	68.5776
476	68.5753	68.5753
477	68.5753	68.5753
478	68.5753	68.5753
479	68.5753	68.5753
480	68.5753	68.6209
481	68.5753	68.8908
482	68.5753	69.0058
483	68.5753	68.7593
484	68.5753	68.6155
485	68.5753	68.7021
486	68.5753	68.6161
487	68.5753	68.6866
488	68.5753	68.641
489	68.5753	68.5857
490	68.5753	68.6118
491	68.5753	68.6539
492	68.5753	68.6927
493	68.5753	68.7124
494	68.5753	68.6517
495	68.5753	68.5799
496	68.5753	68.5974
497	68.5753	68.5753
498	68.5753	68.6125
499	68.5753	68.6812
500	68.5753	68.7492
501	68.0009	68.696
502	68.0009	68.3462
503	68.0009	68.1293
504	68.0009	68.0956
505	68.0009	68.0175
506	68.0009	68.0145
507	68.0009	68.0009
508	68.0009	68.0025
509	68.0009	68.0009
510	68.0009	68.0009
511	68.0009	68.1949
512	68.0009	68.0834
513	68.0009	68.0209
514	68.0009	68.0574
515	68.0009	68.0009
516	68.0009	68.0013
517	68.0009	68.0009
518	68.0009	68.0009
519	68.0009	68.0048
520	68.0009	68.0009
521	68.0009	68.0361
522	68.0009	68.0009
523	68.0009	68.0186
524	68.0009	68.0038
525	68.0009	68.0009
526	68.0009	68.0009
527	68.0009	68.0009
528	68.0009	68.0188
529	68.0009	68.0353
530	68.0009	68.1002
531	68.0009	68.0094
532	68.0009	68.1014
533	68.0009	68.1025
534	68.0009	68.0477
535	68.0009	68.0155
536	68.0009	68.0072
537	68.0009	68.0292
538	68.0009	68.0009
539	67.9603	68.0008
540	67.9603	68.0146
541	67.9603	68.0252
542	67.9603	68.0202
543	67.9603	68.1264
544	67.9603	68.0657
545	67.9603	68.0146
546	67.9603	67.9763
547	67.9603	68.1384
548	67.9603	67.989
549	67.9603	68.0839
550	67.9603	68.5455
551	67.9603	68.0576
552	67.9603	68.0201
553	67.9603	67.99
554	67.9603	68.0114
555	67.9603	67.9752
556	67.9603	68.0032
557	67.9603	67.9603
558	67.9603	67.9771
559	67.9603	67.9623
560	67.9603	68.0357
561	67.9603	68.2326
562	67.9603	68.217
563	67.9603	68.0063
564	67.9603	67.9641
565	67.9603	67.9603
566	67.9603	67.9706
567	67.9603	67.9613
568	67.9603	67.9603
569	67.9603	67.9964
570	67.9603	68.0041
571	67.9603	68.006
572	67.9603	67.9744
573	67.9603	67.9698
574	67.9603	67.9603
575	67.9603	67.9717
576	67.9603	67.9614
577	67.9603	67.9794
578	67.9603	67.9699
579	67.9603	68.0825
580	67.9603	68.0278
581	67.9603	68.0665
582	67.9603	68.018
583	67.9603	68.1675
584	67.9603	67.9603
585	67.9603	67.9603
586	67.9603	67.9611
587	67.9603	67.9603
588	67.9603	67.9885
589	67.9603	67.9717
590	67.9603	68.1313
591	67.9603	68.0626
592	67.9603	67.9791
593	67.9603	67.9866
594	67.9603	68.0441
595	67.9603	68.0491
596	67.9603	67.9809
597	67.9603	67.9769
598	67.9603	68.0185
599	67.9603	68.0292
600	67.9603	68.1044
601	67.6089	67.994
602	67.6017	68.0471
603	67.6017	67.7455
604	67.6017	67.7806
605	67.6017	67.6098
606	67.6017	67.6332
607	67.6017	67.608
608	67.6017	67.8014
609	67.6017	67.6519
610	67.6017	67.6637
611	67.6017	67.6017
612	67.6017	67.623
613	67.6017	67.6017
614	67.6017	67.6551
615	67.6017	67.6074
616	67.6017	67.62
617	67.6017	67.6833
618	67.6017	67.6017
619	67.6017	67.6063
620	67.6017	67.6548
621	67.6017	67.6596
622	67.6017	67.6084
623	67.6017	67.6017
624	67.6017	67.6796
625	67.6017	67.6868
626	67.6017	67.6017
627	67.6017	67.6017
628	67.6017	67.6159
629	67.6017	67.6655
630	67.6017	67.6452
631	67.6017	67.6716
632	67.6017	67.6873
633	67.6017	67.605
634	67.6017	67.6017
635	67.6017	67.6172
636	67.6017	67.6827
637	67.6017	67.6017
638	67.6017	67.6017
639	67.6017	67.6502
640	67.6017	67.7418
641	67.6017	67.608
642	67.6017	67.6017
643	67.6017	67.6145
644	67.6017	67.6266
645	67.6017	67.6192
646	67.6017	67.6802
647	67.6017	67.7652
648	67.6017	67.7298
649	67.6017	67.8084
650	67.6017	67.854
651	67.028	67.5614
652	67.028	67.356
653	67.028	67.2816
654	67.028	67.0949
655	67.028	67.0636
656	67.028	67.028
657	67.028	67.028
658	67.028	67.0401
659	67.028	67.162
660	67.028	67.0799
661	67.028	67.1008
662	67.028	67.0523
663	67.028	67.028
664	67.028	67.028
665	67.028	67.028
666	67.028	67.028
667	67.028	67.028
668	67.028	67.028
669	67.028	67.0523
670	67.028	67.0381
671	67.028	67.1706
672	67.028	67.101
673	67.028	67.1198
674	67.028	67.0434
675	67.028	67.0594
676	67.028	67.1489
677	67.028	67.0864
678	67.028	67.0486
679	67.028	67.028
680	67.028	67.1083
681	67.028	67.2785
682	67.028	67.1524
683	67.028	67.028
684	67.028	67.028
685	67.028	67.0619
686	67.028	67.0854
687	67.028	67.0516
688	67.028	67.0917
689	67.028	67.028
690	67.028	67.028
691	67.028	67.028
692	67.028	67.028
693	67.028	67.1526
694	67.028	67.0659
695	67.028	67.0586
696	67.028	67.3014
697	67.028	67.1284
698	67.028	67.028
699	66.9789	67.0333
700	66.9789	67.0273
701	66.9789	67.0013
702	66.9789	66.9887
703	66.9789	66.9897
704	66.9789	66.9993
705	66.9789	66.9847
706	66.9789	66.9789
707	66.9789	66.9789
708	66.9789	66.9904
709	66.9789	67.0225
710	66.9789	67.1116
711	66.9789	66.9955
712	66.9789	66.9789
713	66.9789	66.9789
714	66.9789	66.9929
715	66.9789	67.0071
716	66.9789	66.9789
717	66.9789	67.0459
718	66.9789	66.9789
719	66.9789	66.9846
720	66.9789	67.0318
721	66.9789	67.0633
722	66.9789	66.9878
723	66.9789	67.0513
724	66.9789	66.9866
725	66.9789	67.1001
726	66.9789	66.9789
727	66.9789	66.9789
728	66.9789	66.9789
729	66.9789	66.9825
730	66.9789	66.9848
731	66.9789	67.0083
732	66.9789	67.1509
733	66.9789	66.9957
734	66.9789	66.9992
735	66.9789	67.1555
736	66.9789	67.0321
737	66.9789	67.0491
738	66.9789	67.2228
739	66.9789	67.2426
740	66.9789	66.9988
741	66.9789	67.0798
742	66.9789	67.045
743	66.9789	67.1142
744	66.9789	67.0332
745	66.9789	67.0274
746	66.9789	66.979
747	66.9789	66.9789
748	66.9789	66.9789
749	66.9789	67.0398
750	66.9789	66.9811
751	66.9789	67.0091
752	66.9789	66.9996
753	66.9789	67.0349
754	66.9789	67.1574
755	66.9789	66.9789
756	66.9789	66.9789
757	66.9789	66.9827
758	66.9789	66.9895
759	66.9789	67.1139
760	66.9789	66.9789
761	66.9789	67.0425
762	66.9789	66.9895
763	66.9789	67.1089
764	66.9789	67.2785
765	66.9789	67.0783
766	66.9789	67.046
767	66.9789	66.9954
768	66.9789	67.1378
769	66.9789	67.0072
770	66.9789	66.9834
771	66.9789	66.9789
772	66.9789	66.9789
773	66.9789	66.9789
774	66.9789	67.0346
775	66.9789	67.0993
776	66.9789	66.9797
777	66.9789	66.9952
778	66.9789	67.1554
779	66.9789	66.9789
780	66.9789	66.9789
781	66.9789	66.9789
782	66.9789	67.0023
783	66.9789	66.998
784	66.9789	67.0453
785	66.9789	66.9789
786	66.9789	66.9789
787	66.9789	67.0043
788	66.9789	67.1044
789	66.9789	67.0702
790	66.9789	67.0544
791	66.9789	67.0731
792	66.9789	66.9857
793	66.9789	67.0651
794	66.9789	66.9789
795	66.9789	66.9883
796	66.9789	66.9789
797	66.9789	66.9822
798	66.9789	66.9789
799	66.9789	66.9789
800	66.9789	66.9789
801	66.8114	67.0197
802	66.8114	67.1893
803	66.8114	67.3284
804	66.8114	67.0102
805	66.8114	66.8578
806	66.8114	66.8998
807	66.8114	66.8119
808	66.8114	66.9085
809	66.8114	66.8347
810	66.8114	66.9143
811	66.8114	66.8114
812	66.8114	66.8266
813	66.8114	66.8543
814	66.8114	66.952
815	66.8114	66.9092
816	66.8114	66.9179
817	66.8114	66.9594
818	66.8114	66.8196
819	66.8114	66.9495
820	66.8114	66.8114
821	66.8114	66.8114
822	66.8114	66.8243
823	66.8114	66.8114
824	66.8114	66.8275
825	66.8114	66.8471
826	66.8114	67.0513
827	66.8114	66.8898
828	66.8114	67.1115
829	66.8114	66.8277
830	66.8114	66.8432
831	66.8114	66.9052
832	66.8114	66.8785
833	66.8114	66.8385
834	66.8114	66.9509
835	66.8114	66.8814
836	66.8114	66.8206
837	66.8114	66.8607
838	66.8114	66.8114
839	66.8114	66.8114
840	66.8114	66.8142
841	66.8114	66.8834
842	66.8114	66.8833
843	66.8114	66.8114
844	66.8114	66.8302
845	66.8114	66.8234
846	66.8114	66.9344
847	66.8114	66.8114
848	66.8114	66.8114
849	66.8114	66.8114
850	66.8114	66.8114
851	66.4915	66.7584
852	66.4915	66.8273
853	66.4915	66.9982
854	66.4915	66.7655
855	66.4915	66.6374
856	66.4915	66.5181
857	66.4915	66.4958
858	66.4915	66.4966
859	66.4915	66.4961
860	66.4915	66.4983
861	66.4915	66.5192
862	66.4915	66.5258
863	66.4915	66.4977
864	66.4915	66.4973
865	66.4915	66.505
866	66.4915	66.4915
867	66.4915	66.4971
868	66.4915	66.4916
869	66.4915	66.4915
870	66.4915	66.4915
871	66.4915	66.4949
872	66.4915	66.4944
873	66.4915	66.5297
874	66.4915	66.5192
875	66.4915	66.6295
876	66.4915	66.5878
877	66.4915	66.5142
878	66.4915	66.7029
879	66.4915	66.4915
880	66.4915	66.5442
881	66.4915	66.4915
882	66.4915	66.4967
883	66.4915	66.4915
884	66.4915	66.507
885	66.4915	66.4915
886	66.4915	66.497
887	66.4915	66.4915
888	66.4915	66.651
889	66.4915	66.6228
890	66.4915	66.4915
891	66.4915	66.4915
892	66.4915	66.5741
893	66.4915	66.5227
894	66.4915	66.4956
895	66.4915	66.51
896	66.4915	66.5184
897	66.4915	66.5542
898	66.4915	66.5288
899	66.4915	66.7393
900	66.4915	66.6746
901	66.4915	66.5754
902	66.4915	66.553
903	66.4915	66.5017
904	66.4915	66.4915
905	66.4915	66.5224
906	66.4915	66.5368
907	66.4915	66.5315
908	66.4915	66.5541
909	66.4915	66.5382
910	66.4915	66.6368
911	66.4915	66.5138
912	66.4915	66.4915
913	66.4915	66.4974
914	66.4915	66.4915
915	66.4915	66.5147
916	66.4915	66.4915
917	66.4915	66.4945
918	66.4915	66.554
919	66.4915	66.496
920	66.4915	66.4915
921	66.4915	66.5124
922	66.4915	66.5516
923	66.4915	66.6116
924	66.4915	66.6085
925	66.4915	66.4997
926	66.4915	66.4915
927	66.4915	66.4915
928	66.4915	66.4915
929	66.4915	66.4915
930	66.4915	66.4915
931	66.4915	66.5251
932	66.4915	66.5235
933	66.4915	66.4953
934	66.4915	66.496
935	66.4915	66.4957
936	66.4915	66.4915
937	66.4915	66.5503
938	66.4915	66.4915
939	66.4915	66.4915
940	66.4915	66.4915
941	66.4915	66.4915
942	66.4915	66.4915
943	66.4915	66.5515
944	66.4915	66.4949
945	66.4915	66.4915
946	66.4915	66.4915
947	66.4915	66.4915
948	66.4915	66.6415
949	66.4915	66.6495
950	66.4915	66.4959
951	66.4915	66.5013
952	66.4915	66.4915
953	66.4915	66.5681
954	66.4915	66.4915
955	66.4915	66.4915
956	66.4915	66.4974
957	66.4915	66.4915
958	66.4915	66.6352
959	66.4915	66.4958
960	66.4915	66.5164
961	66.4915	66.5149
962	66.4915	66.4915
963	66.4915	66.5637
964	66.4915	66.7215
965	66.4915	66.6664
966	66.4915	66.681
967	66.4915	66.4951
968	66.4915	66.4955
969	66.4915	66.5081
970	66.4915	66.4915
971	66.4915	66.4915
972	66.4915	66.5342
973	66.4915	66.5256
974	66.4915	66.5399
975	66.4915	66.5164
976	66.4915	66.4966
977	66.4915	66.5679
978	66.4915	66.4915
979	66.4915	66.5588
980	66.4915	66.4935
981	66.4915	66.4915
982	66.4915	66.568
983	66.4915	66.4915
984	66.4915	66.5141
985	66.4915	66.4915
986	66.4915	66.4915
987	66.4915	66.4915
988	66.4915	66.4915
989	66.4915	66.4915
990	66.4915	66.4915
991	66.4915	66.4915
992	66.4915	66.4915
993	66.4915	66.4915
994	66.4915	66.4915
995	66.4915	66.5042
996	66.4915	66.5639
997	66.4915	66.4915
998	66.4915	66.5117
999	66.4915	66.5015
1000	66.4915	66.5024
1001	66.4915	66.5113
1002	66.4915	66.5536
1003	66.4915	66.4915
1004	66.4915	66.4994
1005	66.4915	66.4915
1006	66.4915	66.8713
1007	66.4915	66.6156
1008	66.4915	66.5393
1009	66.4915	66.785
1010	66.4915	66.6159
1011	66.4915	66.5794
1012	66.4915	66.4986
1013	66.4915	66.5583
1014	66.4915	66.4916
1015	66.4915	66.4915
1016	66.4915	66.4993
1017	66.4915	66.4915
1018	66.4915	66.578
1019	66.4915	66.543
1020	66.4915	66.5622
1021	66.4915	66.4953
1022	66.4915	66.5036
1023	66.4915	66.4915
1024	66.4915	66.4915
1025	66.4915	66.5578
1026	66.4915	66.5358
1027	66.4915	66.6086
1028	66.4915	66.4915
1029	66.4915	66.4915
1030	66.4915	66.5469
1031	66.4915	66.5577
1032	66.4915	66.5408
1033	66.4915	66.5357
1034	66.4915	66.7443
1035	66.4915	66.6921
1036	66.4915	66.5731
1037	66.4915	66.6005
1038	66.4915	66.5396
1039	66.4915	66.6048
1040	66.4915	66.6015
1041	66.4915	66.4915
1042	66.4915	66.4915
1043	66.4915	66.5465
1044	66.4915	66.4915
1045	66.4915	66.4954
1046	66.4915	66.5266
1047	66.4915	66.5893
1048	66.4915	66.6862
1049	66.4915	66.5273
1050	66.4915	66.5069
1051	66.4915	66.4915
1052	66.4915	66.4915
1053	66.4915	66.5039
1054	66.4915	66.4926
1055	66.4915	66.4915
1056	66.4915	66.4955
1057	66.4915	66.4915
1058	66.4915	66.5
1059	66.4915	66.5025
1060	66.4915	66.5212
1061	66.4915	66.6295
1062	66.4915	66.4915
1063	66.4915	66.5235
1064	66.4915	66.495
1065	66.4915	66.5728
1066	66.4915	66.5311
1067	66.4915	66.4916
1068	66.4915	66.541
1069	66.4915	66.5682
1070	66.4915	66.6593
1071	66.4915	66.4928
1072	66.4915	66.4915
1073	66.4915	66.5167
1074	66.4915	66.5829
1075	66.4915	66.4915
1076	66.4915	66.5262
1077	66.4915	66.5015
1078	66.4915	66.6213
1079	66.4915	66.5483
1080	66.4915	66.4934
1081	66.4915	66.5035
1082	66.4915	66.5463
1083	66.4915	66.6034
1084	66.4915	66.4915
1085	66.4915	66.4915
1086	66.4915	66.507
1087	66.4915	66.4915
1088	66.4915	66.4915
1089	66.4915	66.4915
1090	66.4915	66.5333
1091	66.4915	66.5284
1092	66.4915	66.6113
1093	66.4915	66.5014
1094	66.4915	66.4915
1095	66.4915	66.4915
1096	66.4915	66.5983
1097	66.4915	66.616
1098	66.4915	66.4915
1099	66.4915	66.5455
1100	66.4915	66.5919
1101	66.4915	66.6973
1102	66.4915	66.6737
1103	66.4915	66.5698
1104	66.4915	66.603
1105	66.4915	66.5475
1106	66.4915	66.4915
1107	66.4915	66.5211
1108	66.4915	66.5216
1109	66.4915	66.4923
1110	66.4915	66.5842
1111	66.4915	66.4926
1112	66.4915	66.4956
1113	66.4915	66.5192
1114	66.4915	66.4915
1115	66.4915	66.4915
1116	66.4915	66.5058
1117	66.4915	66.517
1118	66.4915	66.4915
1119	66.4915	66.5534
1120	66.4915	66.7595
1121	66.4915	66.4963
1122	66.4915	66.4915
1123	66.4915	66.5743
1124	66.4915	66.5294
1125	66.4915	66.4915
1126	66.4915	66.496
1127	66.4915	66.4918
1128	66.4915	66.521
1129	66.4915	66.4993
1130	66.4915	66.6055
1131	66.4915	66.5245
1132	66.4915	66.5239
1133	66.4915	66.6211
1134	66.4915	66.4986
1135	66.4915	66.6149
1136	66.4915	66.5627
1137	66.4915	66.4915
1138	66.4915	66.5718
1139	66.4915	66.8806
1140	66.4915	66.7118
1141	66.4915	66.9235
1142	66.4915	66.6311
1143	66.4915	66.5367
1144	66.4915	66.4958
1145	66.4915	66.6208
1146	66.4915	66.5928
1147	66.4915	66.5099
1148	66.4915	66.4915
1149	66.4915	66.4995
1150	66.4915	66.5238
1151	66.4915	66.6135
1152	66.4915	66.5126
1153	66.4915	66.5646
1154	66.4915	66.5074
1155	66.4915	66.5469
1156	66.4915	66.5384
1157	66.4915	66.4942
1158	66.4915	66.4915
1159	66.4915	66.5287
1160	66.4915	66.6118
1161	66.4915	66.6467
1162	66.4915	66.8993
1163	66.4915	66.5085
1164	66.4915	66.9265
1165	66.4915	66.5456
1166	66.4915	66.6193
1167	66.4915	66.4915
1168	66.4915	66.4915
1169	66.4915	66.4915
1170	66.4915	66.497
1171	66.4915	66.4915
1172	66.4915	66.537
1173	66.4915	66.5598
1174	66.4915	66.4969
1175	66.4915	66.5291
1176	66.4915	66.5372
1177	66.4915	66.529
1178	66.4915	66.547
1179	66.4915	66.6492
1180	66.4915	66.6744
1181	66.4915	66.4919
1182	66.4915	66.4915
1183	66.4915	66.4915
1184	66.4915	66.4989
1185	66.4915	66.4915
1186	66.4915	66.5318
1187	66.4915	66.5509
1188	66.4915	66.4915
1189	66.4915	66.4915
1190	66.4915	66.4915
1191	66.4915	66.4915
1192	66.4915	66.4915
1193	66.4915	66.5005
1194	66.4915	66.5128
1195	66.4915	66.4933
1196	66.4915	66.5238
1197	66.4915	66.8402
1198	66.4915	66.613
1199	66.4915	66.5164
1200	66.4915	66.4915
1201	66.4915	66.5409
1202	66.4915	66.6645
1203	66.4915	66.5135
1204	66.4915	66.4915
1205	66.4915	66.4915
1206	66.4915	66.5217
1207	66.4915	66.4999
1208	66.4915	66.5482
1209	66.4915	66.4915
1210	66.4915	66.5293
1211	66.4915	66.4915
1212	66.4915	66.4915
1213	66.4915	66.528
1214	66.4915	66.5329
1215	66.4915	66.5113
1216	66.4915	66.4915
1217	66.4915	66.4915
1218	66.4915	66.524
1219	66.4915	66.5295
1220	66.4915	66.5124
1221	66.4915	66.5231
1222	66.4915	66.5472
1223	66.4915	66.5511
1224	66.4915	66.5555
1225	66.4915	66.4936
1226	66.4915	66.4916
1227	66.4915	66.6481
1228	66.4915	66.4918
1229	66.4915	66.5131
1230	66.4915	66.4915
1231	66.4915	66.5037
1232	66.4915	66.4915
1233	66.4915	66.5596
1234	66.4915	66.5495
1235	66.4915	66.5204
1236	66.4915	66.5201
1237	66.4915	66.4925
1238	66.4915	66.5365
1239	66.4915	66.6801
1240	66.4915	66.5465
1241	66.4915	66.6342
1242	66.4915	66.7741
1243	66.4915	67.0274
1244	66.4915	66.7918
1245	66.4915	66.5509
1246	66.4915	66.9011
1247	66.4915	66.5524
1248	66.4915	66.499
1249	66.4915	66.5069
1250	66.4915	66.4998
1251	66.4915	66.4915
1252	66.4915	66.4916
1253	66.4915	66.5863
1254	66.4915	66.512
1255	66.4915	66.5676
1256	66.4915	66.5025
1257	66.4915	66.5057
1258	66.4915	66.4942
1259	66.4915	66.5058
1260	66.4915	66.5354
1261	66.4915	66.5126
1262	66.4915	66.523
1263	66.4915	66.6064
1264	66.4915	66.7079
1265	66.4915	66.7171
1266	66.4915	66.5112
1267	66.4915	66.4926
1268	66.4915	66.559
1269	66.4915	66.5041
1270	66.4915	66.556
1271	66.4915	66.8321
1272	66.4915	66.5763
1273	66.4915	66.5511
1274	66.4915	66.7826
1275	66.4915	66.6941
1276	66.4915	66.4915
1277	66.4915	66.4925
1278	66.4915	66.495
1279	66.4915	66.4915
1280	66.4915	66.4915
1281	66.4915	66.504
1282	66.4915	66.4953
1283	66.4915	66.4915
1284	66.4915	66.4915
1285	66.4915	66.4915
1286	66.4915	66.5349
1287	66.4915	66.535
1288	66.4915	66.4915
1289	66.4915	66.4915
1290	66.4915	66.4915
1291	66.4915	66.5042
1292	66.4915	66.4915
1293	66.4915	66.4915
1294	66.4915	66.5422
1295	66.4915	66.4915
1296	66.4915	66.5865
1297	66.4915	66.4915
1298	66.4915	66.4915
1299	66.4915	66.5575
1300	66.4915	66.5252
1301	66.4915	66.4915
1302	66.4915	66.4915
1303	66.4915	66.5209
1304	66.4915	66.5334
1305	66.4915	66.619
1306	66.4915	66.4953
1307	66.4915	66.492
1308	66.4915	66.4927
1309	66.4915	66.4915
1310	66.4915	66.5048
1311	66.4915	66.5216
1312	66.4915	66.4938
1313	66.4915	66.508
1314	66.4915	66.4927
1315	66.4915	66.4935
1316	66.4915	66.6277
1317	66.4915	66.6574
1318	66.4915	66.6071
1319	66.4915	66.5976
1320	66.4915	66.6424
1321	66.4915	66.5547
1322	66.4915	66.4915
1323	66.4915	66.5112
1324	66.4915	66.5033
1325	66.4915	66.4915
1326	66.4915	66.4915
1327	66.4915	66.6044
1328	66.4915	66.6555
1329	66.4915	66.6521
1330	66.4915	66.5614
1331	66.4915	66.635
1332	66.4915	66.584
1333	66.4915	66.5658
1334	66.4915	66.5812
1335	66.4915	66.4915
1336	66.4915	66.5229
1337	66.4915	66.4915
1338	66.4915	66.4925
1339	66.4915	66.7101
1340	66.4915	66.5333
1341	66.4915	66.4915
1342	66.4915	66.4915
1343	66.4915	66.4915
1344	66.4915	66.5349
1345	66.4915	66.6885
1346	66.4915	66.8293
1347	66.4915	66.607
1348	66.4915	66.5231
1349	66.4915	66.7843
1350	66.4915	66.5314
1351	66.4915	66.5601
1352	66.4915	66.5038
1353	66.4915	66.4915
1354	66.4915	66.4915
1355	66.4915	66.4915
1356	66.4915	66.5093
1357	66.4915	66.5848
1358	66.4915	66.5638
1359	66.4915	66.4915
1360	66.4915	66.4959
1361	66.4915	66.4915
1362	66.4915	66.4915
1363	66.4915	66.5509
1364	66.4915	66.4915
1365	66.4915	66.5012
1366	66.4915	66.4974
1367	66.4915	66.5757
1368	66.4915	66.6506
1369	66.4915	66.5354
1370	66.4915	66.4915
1371	66.4915	66.4934
1372	66.4915	66.4915
1373	66.4915	66.4915
1374	66.4915	66.5533
1375	66.4915	66.5301
1376	66.4915	66.5265
1377	66.4915	66.5481
1378	66.4915	66.4915
1379	66.4915	66.588
1380	66.4915	66.5508
1381	66.4915	66.5746
1382	66.4915	66.4995
1383	66.4915	66.812
1384	66.4915	66.7411
1385	66.4915	66.7743
1386	66.4915	66.5117
1387	66.4915	66.4915
1388	66.4915	66.5846
1389	66.4915	66.5928
1390	66.4915	66.5436
1391	66.4915	66.557
1392	66.4915	66.567
1393	66.4915	66.5442
1394	66.4915	66.5351
1395	66.4915	66.4963
1396	66.4915	66.4915
1397	66.4915	66.4915
1398	66.4915	66.5343
1399	66.4915	66.588
1400	66.4915	66.6421
1401	66.4621	66.4875
1402	66.4621	66.5537
1403	66.4621	66.5283
1404	66.4621	66.5126
1405	66.4621	66.7007
1406	66.4621	67.0155
1407	66.4621	66.6439
1408	66.4621	66.463
1409	66.4621	66.471
1410	66.4621	66.4621
1411	66.4621	66.5124
1412	66.4621	66.8485
1413	66.4621	66.7548
1414	66.4621	66.481
1415	66.4621	66.5433
1416	66.4621	66.4621
1417	66.4621	66.4734
1418	66.4621	66.5326
1419	66.4621	66.8061
1420	66.4621	66.4957
1421	66.4621	66.5116
1422	66.4621	66.4741
1423	66.4621	66.519
1424	66.4621	66.5742
1425	66.4621	66.5183
1426	66.4621	66.5516
1427	66.4621	66.8469
1428	66.4621	66.4916
1429	66.4621	66.47
1430	66.4621	66.5558
1431	66.4621	66.5534
1432	66.4621	66.5037
1433	66.4621	66.5012
1434	66.4621	66.5463
1435	66.4621	66.4716
1436	66.4621	66.4621
1437	66.4621	66.4621
1438	66.4621	66.4621
1439	66.4621	66.4664
1440	66.4621	66.754
1441	66.4621	66.6748
1442	66.4621	66.6699
1443	66.4621	66.6065
1444	66.4621	66.4621
1445	66.4621	66.4621
1446	66.4621	66.4648
1447	66.4621	66.5453
1448	66.4621	66.4655
1449	66.4621	66.4931
1450	66.4621	66.4844
1451	66.4621	66.5866
1452	66.4621	66.4621
1453	66.4621	66.5199
1454	66.4621	66.6065
1455	66.4621	66.4685
1456	66.4621	66.6584
1457	66.4621	66.6745
1458	66.4621	66.4991
1459	66.4621	66.5248
1460	66.4621	66.4621
1461	66.4621	66.492
1462	66.4621	66.61
1463	66.4621	66.7687
1464	66.4621	66.5521
1465	66.4621	66.5567
1466	66.4621	66.4652
1467	66.4621	66.4622
1468	66.4621	66.4621
1469	66.4621	66.4621
1470	66.4621	66.4621
1471	66.4621	66.4735
1472	66.4621	66.4949
1473	66.4621	66.559
1474	66.4621	66.4738
1475	66.4621	66.4621
1476	66.4621	66.4621
1477	66.4621	66.5017
1478	66.4621	66.5144
1479	66.4621	66.4621
1480	66.4621	66.4855
1481	66.4621	66.4621
1482	66.4621	66.4621
1483	66.4621	66.4621
1484	66.4621	66.48
1485	66.4621	66.4743
1486	66.4621	66.4621
1487	66.4621	66.4621
1488	66.4621	66.4697
1489	66.4621	66.4804
1490	66.4621	66.5162
1491	66.4621	66.4622
1492	66.4621	66.4621
1493	66.4621	66.5197
1494	66.4621	66.4621
1495	66.4621	66.4621
1496	66.4621	66.469
1497	66.4621	66.4621
1498	66.4621	66.5304
1499	66.4621	66.4621
1500	66.4621	66.4621
1501	66.4621	66.4687
1502	66.4621	66.4814
1503	66.4621	66.5331
1504	66.4621	66.4621
1505	66.4621	66.4621
1506	66.4621	66.4914
1507	66.4621	66.5344
1508	66.4621	66.5223
1509	66.4621	66.5151
1510	66.4621	66.5481
1511	66.4621	66.4659
1512	66.4621	66.4862
1513	66.4621	66.5096
1514	66.4621	66.6192
1515	66.4621	66.4656
1516	66.4621	66.5096
1517	66.4621	66.4627
1518	66.4621	66.4621
1519	66.4621	66.4621
1520	66.4621	66.5403
1521	66.4621	66.4912
1522	66.4621	66.4729
1523	66.4621	66.4621
1524	66.4621	66.4621
1525	66.4621	66.4621
1526	66.4621	66.4621
1527	66.4621	66.5229
1528	66.4621	66.4665
1529	66.4621	66.4765
1530	66.4621	66.5001
1531	66.4621	66.4621
1532	66.4621	66.5019
1533	66.4621	66.4864
1534	66.4621	66.4839
1535	66.4621	66.4641
1536	66.4621	66.4621
1537	66.4621	66.4621
1538	66.4621	66.4621
1539	66.4621	66.4621
1540	66.4621	66.4621
1541	66.4621	66.5814
1542	66.4621	66.4878
1543	66.4621	66.469
1544	66.4621	66.4836
1545	66.4621	66.4621
1546	66.4621	66.4904
1547	66.4621	66.4621
1548	66.4621	66.4621
1549	66.4621	66.4621
1550	66.4621	66.5224
1551	66.4621	66.5034
1552	66.4621	66.4621
1553	66.4621	66.4902
1554	66.4621	66.5406
1555	66.4621	66.599
1556	66.4621	66.6421
1557	66.4621	66.5851
1558	66.4621	66.549
1559	66.4621	66.596
1560	66.4621	66.6135
1561	66.4621	66.4621
1562	66.4621	66.4621
1563	66.4621	66.4918
1564	66.4621	66.7407
1565	66.4621	66.8282
1566	66.4621	66.4699
1567	66.4621	66.5027
1568	66.4621	66.4621
1569	66.4621	66.4693
1570	66.4621	66.6034
1571	66.4621	66.5447
1572	66.4621	66.6091
1573	66.4621	66.4643
1574	66.4621	66.4621
1575	66.4621	66.5127
1576	66.4621	66.4919
1577	66.4621	66.524
1578	66.4621	66.4621
1579	66.4621	66.4859
1580	66.4621	66.4991
1581	66.4621	66.5352
1582	66.4621	66.4926
1583	66.4621	66.5627
1584	66.4621	66.5965
1585	66.4621	66.4713
1586	66.4621	66.5006
1587	66.4621	66.4902
1588	66.4621	66.4736
1589	66.4621	66.4927
1590	66.4621	66.464
1591	66.4621	66.4621
1592	66.4621	66.4842
1593	66.4621	66.4621
1594	66.4621	66.4621
1595	66.4621	66.4621
1596	66.4621	66.4621
1597	66.4621	66.5031
1598	66.4621	66.4798
1599	66.4621	66.4621
1600	66.4621	66.5009
1601	66.4621	66.4975
1602	66.4621	66.694
1603	66.4621	66.6418
1604	66.4621	66.4851
1605	66.4621	66.4629
1606	66.4621	66.4621
1607	66.4621	66.4621
1608	66.4621	66.4621
1609	66.4621	66.4621
1610	66.4621	66.4621
1611	66.4621	66.4621
1612	66.4621	66.4621
1613	66.4621	66.4694
1614	66.4621	66.465
1615	66.4621	66.4623
1616	66.4621	66.4661
1617	66.4621	66.4621
1618	66.4621	66.5456
1619	66.4621	66.6427
1620	66.4621	66.6003
1621	66.4621	66.6138
1622	66.4621	66.7287
1623	66.4621	66.6051
1624	66.4621	66.4659
1625	66.4621	66.4866
1626	66.4621	66.5644
1627	66.4621	66.4621
1628	66.4621	66.4621
1629	66.4621	66.4621
1630	66.4621	66.588
1631	66.4621	66.6188
1632	66.4621	66.6531
1633	66.4621	66.563
1634	66.4621	66.6136
1635	66.4621	66.497
1636	66.4621	66.6995
1637	66.4621	66.4631
1638	66.4621	66.6141
1639	66.4621	66.4621
1640	66.4621	66.51
1641	66.4621	66.4833
1642	66.4621	66.6178
1643	66.4621	66.4981
1644	66.4621	66.5561
1645	66.4621	66.4678
1646	66.4621	66.4621
1647	66.4621	66.4765
1648	66.4621	66.5136
1649	66.4621	66.5732
1650	66.4621	66.4782
1651	66.4621	66.5912
1652	66.4621	66.4708
1653	66.4621	66.5286
1654	66.4621	66.6986
1655	66.4621	66.6525
1656	66.4621	66.4953
1657	66.4621	66.5585
1658	66.4621	66.4621
1659	66.4621	66.4621
1660	66.4621	66.518
1661	66.4621	66.5147
1662	66.4621	66.5837
1663	66.4621	66.5216
1664	66.4621	66.5055
1665	66.4621	66.5799
1666	66.4621	66.4621
1667	66.4621	66.4621
1668	66.4621	66.4621
1669	66.4621	66.5049
1670	66.4621	66.4621
1671	66.4621	66.4621
1672	66.4621	66.4905
1673	66.4621	66.4621
1674	66.4621	66.4621
1675	66.4621	66.4621
1676	66.4621	66.4776
1677	66.4621	66.4621
1678	66.4621	66.4621
1679	66.4621	66.4621
1680	66.4621	66.4621
1681	66.4621	66.4648
1682	66.4621	66.5263
1683	66.4621	66.4687
1684	66.4621	66.6487
1685	66.4621	66.554
1686	66.4621	66.4962
1687	66.4621	66.7135
1688	66.4621	66.6569
1689	66.4621	66.5341
1690	66.4621	66.4867
1691	66.4621	66.5976
1692	66.4621	66.499
1693	66.4621	66.5689
1694	66.4621	66.7082
1695	66.4621	66.6629
1696	66.4621	66.5341
1697	66.4621	66.5037
1698	66.4621	66.4689
1699	66.4621	66.4621
1700	66.4621	66.4621
1701	66.4621	66.4621
1702	66.4621	66.5575
1703	66.4621	66.463
1704	66.4621	66.4621
1705	66.4621	66.4621
1706	66.4621	66.4865
1707	66.4621	66.5982
1708	66.4621	66.5979
1709	66.4621	66.4621
1710	66.4621	66.4621
1711	66.4621	66.4621
1712	66.4621	66.4621
1713	66.4621	66.5177
1714	66.4621	66.4895
1715	66.4621	66.5035
1716	66.4621	66.5002
1717	66.4621	66.5449
1718	66.4621	66.4795
1719	66.4621	66.5547
1720	66.4621	66.5152
1721	66.4621	66.4677
1722	66.4621	66.4621
1723	66.4621	66.496
1724	66.4621	66.5097
1725	66.4621	66.4638
1726	66.4621	66.5007
1727	66.4621	66.4803
1728	66.4621	66.4708
1729	66.4621	66.4969
1730	66.4621	66.4621
1731	66.4621	66.5673
1732	66.4621	66.4621
1733	66.4621	66.548
1734	66.4621	66.5159
1735	66.4621	66.4774
1736	66.4621	66.4621
1737	66.4621	66.4621
1738	66.4621	66.4621
1739	66.4621	66.4621
1740	66.4621	66.4685
1741	66.4621	66.5311
1742	66.4621	66.8762
1743	66.4621	66.657
1744	66.4621	66.5268
1745	66.4621	66.4779
1746	66.4621	66.5887
1747	66.4621	66.5993
1748	66.4621	66.4621
1749	66.4621	66.466
1750	66.4621	66.4621
1751	66.4621	66.4621
1752	66.4621	66.5668
1753	66.4621	66.5802
1754	66.4621	66.4713
1755	66.4621	66.5011
1756	66.4621	66.4621
1757	66.4621	66.4631
1758	66.4621	66.5798
1759	66.4621	66.536
1760	66.4621	66.5117
1761	66.4621	66.6202
1762	66.4621	66.5395
1763	66.4621	66.4627
1764	66.4621	66.4621
1765	66.4621	66.4621
1766	66.4621	66.4621
1767	66.4621	66.5854
1768	66.4621	66.7466
1769	66.4621	66.509
1770	66.4621	66.7334
1771	66.4621	66.5265
1772	66.4621	66.4621
1773	66.4621	66.4621
1774	66.4621	66.504
1775	66.4621	66.4807
1776	66.4621	66.6137
1777	66.4621	66.6969
1778	66.4621	66.5755
1779	66.4621	66.5021
1780	66.4621	66.5763
1781	66.4621	66.4655
1782	66.4621	66.4621
1783	66.4621	66.5823
1784	66.4621	66.4765
1785	66.4621	66.5237
1786	66.4621	66.5356
1787	66.4621	66.5773
1788	66.4621	66.9414
1789	66.4621	66.9385
1790	66.4621	66.5168
1791	66.4621	66.4784
1792	66.4621	66.4933
1793	66.4621	66.5327
1794	66.4621	66.4621
1795	66.4621	66.4621
1796	66.4621	66.4621
1797	66.4621	66.4621
1798	66.4621	66.4621
1799	66.4621	66.4621
1800	66.4621	66.4675
1801	66.4621	66.492
1802	66.4621	66.4667
1803	66.4621	66.4829
1804	66.4621	66.6235
1805	66.4621	66.7415
1806	66.4621	66.5175
1807	66.4621	66.4621
1808	66.4621	66.4621
1809	66.4621	66.4621
1810	66.4621	66.4693
1811	66.4621	66.5101
1812	66.4621	66.5043
1813	66.4621	66.5664
1814	66.4621	66.5267
1815	66.4621	66.5759
1816	66.4621	66.5059
1817	66.4621	66.4909
1818	66.4621	66.6631
1819	66.4621	66.6133
1820	66.4621	66.5559
1821	66.4621	66.9055
1822	66.4621	66.5471
1823	66.4621	66.6061
1824	66.4621	66.509
1825	66.4621	66.5783
1826	66.4621	66.4621
1827	66.4621	66.4744
1828	66.4621	66.4875
1829	66.4621	66.4712
1830	66.4621	66.5041
1831	66.4621	66.5416
1832	66.4621	66.579
1833	66.4621	66.493
1834	66.4621	66.4703
1835	66.4621	66.5635
1836	66.4621	66.5039
1837	66.4621	66.4722
1838	66.4621	66.5296
1839	66.4621	66.4621
1840	66.4621	66.4621
1841	66.4621	66.5019
1842	66.4621	66.6445
1843	66.4621	66.4737
1844	66.4621	66.4621
1845	66.4621	66.4621
1846	66.4621	66.4868
1847	66.4621	66.5776
1848	66.4621	66.4854
1849	66.4621	66.4621
1850	66.4621	66.4828
1851	66.4621	66.613
1852	66.4621	66.8214
1853	66.4621	66.6038
1854	66.4621	66.6308
1855	66.4621	66.6033
1856	66.4621	66.5106
1857	66.4621	66.5026
1858	66.4621	66.4682
1859	66.4621	66.4621
1860	66.4621	66.5736
1861	66.4621	66.6719
1862	66.4621	66.6686
1863	66.4621	66.619
1864	66.4621	66.4664
1865	66.4621	66.4621
1866	66.4621	66.5153
1867	66.4621	66.5823
1868	66.4621	66.4818
1869	66.4621	66.4621
1870	66.4621	66.4621
1871	66.4621	66.4632
1872	66.4621	66.4731
1873	66.4621	66.4621
1874	66.4621	66.4621
1875	66.4621	66.4642
1876	66.4621	66.5445
1877	66.4621	66.5946
1878	66.4621	66.5216
1879	66.4621	66.4644
1880	66.4621	66.904
1881	66.4621	66.4919
1882	66.4621	66.4621
1883	66.4621	66.6141
1884	66.4621	66.8283
1885	66.4621	66.4621
1886	66.4621	66.5274
1887	66.4621	66.6069
1888	66.4621	66.4621
1889	66.4621	66.4621
1890	66.4621	66.4621
1891	66.4621	66.4761
1892	66.4621	66.4621
1893	66.4621	66.499
1894	66.4621	66.4676
1895	66.4621	66.4714
1896	66.4621	66.4799
1897	66.4621	66.4687
1898	66.4621	66.4621
1899	66.4621	66.5575
1900	66.4621	66.4621
1901	66.4621	66.4843
1902	66.4621	66.5567
1903	66.4621	66.5048
1904	66.4621	66.4998
1905	66.4621	66.6677
1906	66.4621	66.4823
1907	66.4621	66.4621
1908	66.4621	66.4867
1909	66.4621	66.6365
1910	66.4621	66.7076
1911	66.4621	66.6108
1912	66.4621	66.4621
1913	66.4621	66.4734
1914	66.4621	66.4708
1915	66.4621	66.4621
1916	66.4621	66.4621
1917	66.4621	66.4621
1918	66.4621	66.4897
1919	66.4621	66.5001
1920	66.4621	66.4827
1921	66.4621	66.51
1922	66.4621	66.6014
1923	66.4621	66.4944
1924	66.4621	66.4621
1925	66.4621	66.5648
1926	66.4621	66.6785
1927	66.4621	66.4621
1928	66.4621	66.515
1929	66.4621	66.4621
1930	66.4621	66.4702
1931	66.4621	66.4831
1932	66.4621	66.527
1933	66.4621	66.5395
1934	66.4621	66.4621
1935	66.4621	66.4724
1936	66.4621	66.527
1937	66.4621	66.6403
1938	66.4621	66.4622
1939	66.4621	66.4621
1940	66.4621	66.4621
1941	66.4621	66.4621
1942	66.4621	66.4876
1943	66.4621	66.5714
1944	66.4621	66.5233
1945	66.4621	66.5164
1946	66.4621	66.5494
1947	66.4621	66.4621
1948	66.4621	66.4621
1949	66.4621	66.5192
1950	66.4621	66.5297
1951	66.4621	66.5831
1952	66.4621	66.471
1953	66.4621	66.6033
1954	66.4621	66.783
1955	66.4621	66.9463
1956	66.4621	66.5632
1957	66.4621	66.4621
1958	66.4621	66.4621
1959	66.4621	66.472
1960	66.4621	66.4621
1961	66.4621	66.4928
1962	66.4621	66.7411
1963	66.4621	66.5027
1964	66.4621	66.5972
1965	66.4621	66.5378
1966	66.4621	66.486
1967	66.4621	66.5079
1968	66.4621	66.794
1969	66.4621	66.4924
1970	66.4621	66.4621
1971	66.4621	66.5216
1972	66.4621	66.5254
1973	66.4621	66.4621
1974	66.4621	66.4725
1975	66.4621	66.4664
1976	66.4621	66.479
1977	66.4621	66.5214
1978	66.4621	66.4944
1979	66.4621	66.466
1980	66.4621	66.4621
1981	66.4621	66.4832
1982	66.4621	66.5045
1983	66.4621	66.7743
1984	66.4621	66.6893
1985	66.4621	66.542
1986	66.4621	66.5523
1987	66.4621	66.5415
1988	66.4621	66.5305
1989	66.4621	66.7291
1990	66.4621	66.4979
1991	66.4621	66.4621
1992	66.4621	66.4621
1993	66.4621	66.4621
1994	66.4621	66.5026
1995	66.4621	66.5779
1996	66.4621	66.5042
1997	66.4621	66.4621
1998	66.4621	66.4621
1999	66.4621	66.5194
2000	66.4621	66.6784
2001	66.4621	66.4983
2002	66.4621	66.6015
2003	66.4621	66.829
2004	66.4621	66.5776
2005	66.4621	66.5407
2006	66.4621	66.5449
2007	66.4621	66.8097
2008	66.4621	66.7832
2009	66.4621	66.496
2010	66.4621	66.5851
2011	66.4621	66.7795
2012	66.4621	66.5734
2013	66.4621	66.5389
2014	66.4621	66.5676
2015	66.4621	66.56
2016	66.4621	66.4784
2017	66.4621	66.6317
2018	66.4621	66.5385
2019	66.4621	66.4621
2020	66.4621	66.4621
2021	66.4621	66.4621
2022	66.4621	66.478
2023	66.4621	66.5032
2024	66.4621	66.5106
2025	66.4621	66.6582
2026	66.4621	66.6406
2027	66.4621	66.7596
2028	66.4621	66.797
2029	66.4621	66.5792
2030	66.4621	66.5067
2031	66.4621	66.5609
2032	66.4621	66.5684
2033	66.4621	66.4621
2034	66.4621	66.5757
2035	66.4621	66.5934
2036	66.4621	66.4834
2037	66.4621	66.4621
2038	66.4621	66.4621
2039	66.4621	66.4621
2040	66.4621	66.5095
2041	66.4621	66.4748
2042	66.4621	66.4621
2043	66.4621	66.4621
2044	66.4621	66.487
2045	66.4621	66.4621
2046	66.4621	66.4621
2047	66.4621	66.4621
2048	66.4621	66.4621
2049	66.4621	66.5516
2050	66.4621	66.4803
2051	66.4621	66.4621
2052	66.4621	66.4755
2053	66.4621	66.4983
2054	66.4621	66.4621
2055	66.4621	66.4873
2056	66.4621	66.5269
2057	66.4621	66.4621
2058	66.4621	66.4631
2059	66.4621	66.6532
2060	66.4621	66.5836
2061	66.4621	66.5772
2062	66.4621	66.5811
2063	66.4621	66.5279
2064	66.4621	66.4621
2065	66.4621	66.4621
2066	66.4621	66.5463
2067	66.4621	66.4917
2068	66.4621	66.553
2069	66.4621	66.6886
2070	66.4621	66.5071
2071	66.4621	66.6211
2072	66.4621	66.4968
2073	66.4621	66.4699
2074	66.4621	66.4621
2075	66.4621	66.4621
2076	66.4621	66.4621
2077	66.4621	66.4621
2078	66.4621	66.4621
2079	66.4621	66.4621
2080	66.4621	66.4621
2081	66.4621	66.4631
2082	66.4621	66.5019
2083	66.4621	66.4694
2084	66.4621	66.4621
2085	66.4621	66.4621
2086	66.4621	66.4621
2087	66.4621	66.554
2088	66.4621	66.4985
2089	66.4621	66.4857
2090	66.4621	66.4676
2091	66.4621	66.5
2092	66.4621	66.5244
2093	66.4621	66.5439
2094	66.4621	66.4879
2095	66.4621	66.5322
2096	66.4621	66.4645
2097	66.4621	66.4621
2098	66.4621	66.4621
2099	66.4621	66.5217
2100	66.4621	66.4922
2101	66.4621	66.5967
2102	66.4621	66.4928
2103	66.4621	66.51
2104	66.4621	66.4621
2105	66.4621	66.4621
2106	66.4621	66.4621
2107	66.4621	66.4621
2108	66.4621	66.547
2109	66.4621	66.4621
2110	66.4621	66.4621
2111	66.4621	66.4701
2112	66.4621	66.5138
2113	66.4621	66.4895
2114	66.4621	66.4621
2115	66.4621	66.4621
2116	66.4621	66.4621
2117	66.4621	66.6398
2118	66.4621	66.5146
2119	66.4621	66.6704
2120	66.4621	66.5326
2121	66.4621	66.5585
2122	66.4621	66.4642
2123	66.4621	66.4621
2124	66.4621	66.5829
2125	66.4621	66.4621
2126	66.4621	66.6233
2127	66.4621	66.6126
2128	66.4621	66.8251
2129	66.4621	66.4974
2130	66.4621	66.4621
2131	66.4621	66.4621
2132	66.4621	66.4621
2133	66.4621	66.4621
2134	66.4621	66.5943
2135	66.4621	66.5041
2136	66.4621	66.5053
2137	66.4621	66.4621
2138	66.4621	66.4621
2139	66.4621	66.5662
2140	66.4621	66.4769
2141	66.4621	66.4668
2142	66.4621	66.6182
2143	66.4621	66.4659
2144	66.4621	66.4621
2145	66.4621	66.4939
2146	66.4621	66.6264
2147	66.4621	66.4872
2148	66.4621	66.4749
2149	66.4621	66.5546
2150	66.4621	66.5839
2151	66.4621	66.5065
2152	66.4621	66.4748
2153	66.4621	66.4966
2154	66.4621	66.5005
2155	66.4621	66.4621
2156	66.4621	66.4621
2157	66.4621	66.529
2158	66.4621	66.5039
2159	66.4621	66.4621
2160	66.4621	66.5521
2161	66.4621	66.5152
2162	66.4621	66.5113
2163	66.4621	66.5164
2164	66.4621	66.4722
2165	66.4621	66.5005
2166	66.4621	66.4621
2167	66.4621	66.4621
2168	66.4621	66.5497
2169	66.4621	66.4991
2170	66.4621	66.4621
2171	66.4621	66.4621
2172	66.4621	66.6918
2173	66.4621	66.7586
2174	66.4621	66.606
2175	66.4621	66.4863
2176	66.4621	66.4847
2177	66.4621	66.4621
2178	66.4621	66.5679
2179	66.4621	66.4622
2180	66.4621	66.4621
2181	66.4621	66.5037
2182	66.4621	66.48
2183	66.4621	66.4657
2184	66.4621	66.5118
2185	66.4621	66.4705
2186	66.4621	66.4621
2187	66.4621	66.4621
2188	66.4621	66.4621
2189	66.4621	66.4742
2190	66.4621	66.4632
2191	66.4621	66.5882
2192	66.4621	66.4621
2193	66.4621	66.7214
2194	66.4621	66.649
2195	66.4621	66.6937
2196	66.4621	66.6059
2197	66.4621	66.7697
2198	66.4621	66.4976
2199	66.4621	66.4621
2200	66.4621	66.4682
2201	66.4621	66.4621
2202	66.4621	66.5122
2203	66.4621	66.5092
2204	66.4621	66.4621
2205	66.4621	66.4686
2206	66.4621	66.6135
2207	66.4621	66.6505
2208	66.4621	66.5544
2209	66.4621	66.636
2210	66.4621	66.5297
2211	66.4621	66.464
2212	66.4621	66.6144
2213	66.4621	66.4827
2214	66.4621	66.4776
2215	66.4621	66.4905
2216	66.4621	66.7051
2217	66.4621	66.5513
2218	66.4621	66.4707
2219	66.4621	66.5103
2220	66.4621	66.5301
2221	66.4621	66.4882
2222	66.4621	66.4828
2223	66.4621	66.523
2224	66.4621	66.5129
2225	66.4621	66.4669
2226	66.4621	66.466
2227	66.4621	66.5058
2228	66.4621	66.6546
2229	66.4621	66.5721
2230	66.4621	66.4737
2231	66.4621	66.4992
2232	66.4621	66.4621
2233	66.4621	66.4621
2234	66.4621	66.4621
2235	66.4621	66.4832
2236	66.4621	66.4621
2237	66.4621	66.512
2238	66.4621	66.4937
2239	66.4621	66.4622
2240	66.4621	66.4621
2241	66.4621	66.4621
2242	66.4621	66.6128
2243	66.4621	66.53
2244	66.4621	66.4736
2245	66.4621	66.5985
2246	66.4621	66.4776
2247	66.4621	66.4837
2248	66.4621	66.5331
2249	66.4621	66.4762
2250	66.4621	66.4813
2251	66.4621	66.4621
2252	66.4621	66.4621
2253	66.4621	66.4911
2254	66.4621	66.4621
2255	66.4621	66.4652
2256	66.4621	66.4758
2257	66.4621	66.5234
2258	66.4621	66.485
2259	66.4621	66.4621
2260	66.4621	66.5126
2261	66.4621	66.5021
2262	66.4621	66.5976
2263	66.4621	66.4665
2264	66.4621	66.4621
2265	66.4621	66.4623
2266	66.4621	66.4621
2267	66.4621	66.4621
2268	66.4621	66.4621
2269	66.4621	66.4876
2270	66.4621	66.4977
2271	66.4621	66.5951
2272	66.4621	66.6015
2273	66.4621	66.5986
2274	66.4621	66.4621
2275	66.4621	66.4621
2276	66.4621	66.5403
2277	66.4621	66.5119
2278	66.4621	66.4636
2279	66.4621	66.4621
2280	66.4621	66.5173
2281	66.4621	66.4641
2282	66.4621	66.506
2283	66.4621	66.5284
2284	66.4621	66.4621
2285	66.4621	66.4621
2286	66.4621	66.4768
2287	66.4621	66.4782
2288	66.4621	66.5304
2289	66.4621	66.5264
2290	66.4621	66.4634
2291	66.4621	66.4813
2292	66.4621	66.4621
2293	66.4621	66.4621
2294	66.4621	66.5055
2295	66.4621	66.4678
2296	66.4621	66.5416
2297	66.4621	66.5098
2298	66.4621	66.4876
2299	66.4621	66.4977
2300	66.4621	66.4949
2301	66.4621	66.5537
2302	66.4621	66.4621
2303	66.4621	66.4621
2304	66.4621	66.4621
2305	66.4621	66.5399
2306	66.4621	66.6147
2307	66.4621	66.5895
2308	66.4621	66.6072
2309	66.4621	66.4621
2310	66.4621	66.4621
2311	66.4621	66.4621
2312	66.4621	66.4698
2313	66.4621	66.4621
2314	66.4621	66.496
2315	66.4621	66.4908
2316	66.4621	66.4621
2317	66.4621	66.4686
2318	66.4621	66.4658
2319	66.4621	66.4686
2320	66.4621	66.6439
2321	66.4621	66.6183
2322	66.4621	66.5169
2323	66.4621	66.4972
2324	66.4621	66.485
2325	66.4621	66.5285
2326	66.4621	66.518
2327	66.4621	66.5108
2328	66.4621	66.477
2329	66.4621	66.58
2330	66.4621	66.5643
2331	66.4621	66.5564
2332	66.4621	66.5445
2333	66.4621	66.5227
2334	66.4621	66.464
2335	66.4621	66.4621
2336	66.4621	66.4621
2337	66.4621	66.6487
2338	66.4621	66.4621
2339	66.4621	66.4621
2340	66.4621	66.4812
2341	66.4621	66.6049
2342	66.4621	66.5108
2343	66.4621	66.4621
2344	66.4621	66.4621
2345	66.4621	66.4716
2346	66.4621	66.4941
2347	66.4621	66.5411
2348	66.4621	66.6341
2349	66.4621	66.6688
2350	66.4621	66.622
2351	66.4621	66.4968
2352	66.4621	66.4621
2353	66.4621	66.4621
2354	66.4621	66.4949
2355	66.4621	66.6043
2356	66.4621	66.5031
2357	66.4621	66.59
2358	66.4621	66.5225
2359	66.4621	66.4621
2360	66.4621	66.4886
2361	66.4621	66.4621
2362	66.4621	66.4639
2363	66.4621	66.4621
2364	66.4621	66.4731
2365	66.4621	66.5248
2366	66.4621	66.4748
2367	66.4621	66.4623
2368	66.4621	66.5052
2369	66.4621	66.4706
2370	66.4621	66.5381
2371	66.4621	66.4621
2372	66.4621	66.4646
2373	66.4621	66.4629
2374	66.4621	66.5182
2375	66.4621	66.4948
2376	66.4621	66.5333
2377	66.4621	66.4687
2378	66.4621	66.4621
2379	66.4621	66.4621
2380	66.4621	66.4707
2381	66.4621	66.4621
2382	66.4621	66.4621
2383	66.4621	66.4621
2384	66.4621	66.48
2385	66.4621	66.4621
2386	66.4621	66.4621
2387	66.4621	66.6106
2388	66.4621	66.5666
2389	66.4621	66.5273
2390	66.4621	66.4665
2391	66.4621	66.4621
2392	66.4621	66.4621
2393	66.4621	66.4962
2394	66.4621	66.5276
2395	66.4621	66.4848
2396	66.4621	66.4653
2397	66.4621	66.5712
2398	66.4621	66.6624
2399	66.4621	66.5042
2400	66.4621	66.5091
2401	66.4621	66.5888
2402	66.4621	66.6049
2403	66.4621	66.5409
2404	66.4621	66.6022
2405	66.4621	66.595
2406	66.4621	66.6273
2407	66.4621	66.5371
2408	66.4621	66.5058
2409	66.4621	66.5359
2410	66.4621	66.6198
2411	66.4621	66.6664
2412	66.4621	66.6596
2413	66.4621	66.6114
2414	66.4621	66.5891
2415	66.4621	66.4779
2416	66.4621	66.5287
2417	66.4621	66.6023
2418	66.4621	66.759
2419	66.4621	66.9271
2420	66.4621	66.4995
2421	66.4621	66.5229
2422	66.4621	66.4629
2423	66.4621	66.4621
2424	66.4621	66.4621
2425	66.4621	66.4621
2426	66.4621	66.4621
2427	66.4621	66.4621
2428	66.4621	66.4658
2429	66.4621	66.4621
2430	66.4621	66.4631
2431	66.4621	66.5263
2432	66.4621	66.6232
2433	66.4621	66.8766
2434	66.4621	66.5633
2435	66.4621	66.4817
2436	66.4621	66.485
2437	66.4621	66.5355
2438	66.4621	66.5499
2439	66.4621	66.6985
2440	66.4621	66.6077
2441	66.4621	66.4912
2442	66.4621	66.4691
2443	66.4621	66.4631
2444	66.4621	66.6486
2445	66.4621	66.4828
2446	66.4621	66.5324
2447	66.4621	66.5641
2448	66.4621	66.4646
2449	66.4621	66.6394
2450	66.4621	66.4651
2451	66.4621	66.4621
2452	66.4621	66.4621
2453	66.4621	66.481
2454	66.4621	66.5511
2455	66.4621	66.62
2456	66.4621	66.5195
2457	66.4621	66.5376
2458	66.4621	66.4621
2459	66.4621	66.4647
2460	66.4621	66.4978
2461	66.4621	66.4771
2462	66.4621	66.5721
2463	66.4621	66.6617
2464	66.4621	66.7359
2465	66.4621	66.4803
2466	66.4621	66.4744
2467	66.4621	66.4686
2468	66.4621	66.4621
2469	66.4621	66.4896
2470	66.4621	66.5014
2471	66.4621	66.4778
2472	66.4621	66.4621
2473	66.4621	66.4621
2474	66.4621	66.4621
2475	66.4621	66.4621
2476	66.4621	66.5538
2477	66.4621	66.4932
2478	66.4621	66.5561
2479	66.4621	66.4659
2480	66.4621	66.5006
2481	66.4621	66.509
2482	66.4621	66.4629
2483	66.4621	66.4621
2484	66.4621	66.4621
2485	66.4621	66.4832
2486	66.4621	66.4717
2487	66.4621	66.55
2488	66.4621	66.4931
2489	66.4621	66.4621
2490	66.4621	66.4621
2491	66.4621	66.4621
2492	66.4621	66.5151
2493	66.4621	66.4994
2494	66.4621	66.4622
2495	66.4621	66.4621
2496	66.4621	66.5652
2497	66.4621	66.4647
2498	66.4621	66.4621
2499	66.4621	66.4794
2500	66.4621	66.4723
2501	66.4621	66.4621
2502	66.4621	66.4621
2503	66.4621	66.4621
2504	66.4621	66.4621
2505	66.4621	66.4814
2506	66.4621	66.4633
2507	66.4621	66.4621
2508	66.4621	66.4642
2509	66.4621	66.4706
2510	66.4621	66.5536
2511	66.4621	66.4773
2512	66.4621	66.4663
2513	66.4621	66.4621
2514	66.4621	66.5576
2515	66.4621	66.5517
2516	66.4621	66.4708
2517	66.4621	66.7688
2518	66.4621	66.6061
2519	66.4621	66.486
2520	66.4621	66.4621
2521	66.4621	66.4621
2522	66.4621	66.4621
2523	66.4621	66.4621
2524	66.4621	66.4621
2525	66.4621	66.4968
2526	66.4621	66.7091
2527	66.4621	66.5272
2528	66.4621	66.648
2529	66.4621	66.5907
2530	66.4621	66.5461
2531	66.4621	66.5605
2532	66.4621	66.4854
2533	66.4621	66.4621
2534	66.4621	66.4741
2535	66.4621	66.5974
2536	66.4621	66.6261
2537	66.4621	66.612
2538	66.4621	66.4621
2539	66.4621	66.6591
2540	66.4621	66.605
2541	66.4621	66.5573
2542	66.4621	66.4998
2543	66.4621	66.4657
2544	66.4621	66.4621
2545	66.4621	66.4621
2546	66.4621	66.4621
2547	66.4621	66.4621
2548	66.4621	66.4634
2549	66.4621	66.4621
2550	66.4621	66.4629
2551	66.4621	66.4621
2552	66.4621	66.4621
2553	66.4621	66.4621
2554	66.4621	66.4621
2555	66.4621	66.4621
2556	66.4621	66.4621
2557	66.4621	66.4803
2558	66.4621	66.5324
2559	66.4621	66.5033
2560	66.4621	66.4813
2561	66.4621	66.4856
2562	66.4621	66.5934
2563	66.4621	66.6376
2564	66.4621	66.4621
2565	66.4621	66.4621
2566	66.4621	66.4621
2567	66.4621	66.4713
2568	66.4621	66.4844
2569	66.4621	66.5378
2570	66.4621	66.7576
2571	66.4621	66.9012
2572	66.4621	66.7128
2573	66.4621	66.4783
2574	66.4621	66.4621
2575	66.4621	66.5446
2576	66.4621	66.4788
2577	66.4621	66.5393
2578	66.4621	66.4794
2579	66.4621	66.4627
2580	66.4621	66.4917
2581	66.4621	66.5979
2582	66.4621	66.6301
2583	66.4621	66.5188
2584	66.4621	66.5566
2585	66.4621	66.4946
2586	66.4621	66.4781
2587	66.4621	66.4621
2588	66.4621	66.4696
2589	66.4621	66.5163
2590	66.4621	66.6042
2591	66.4621	66.4666
2592	66.4621	66.5253
2593	66.4621	66.5803
2594	66.4621	66.5907
2595	66.4621	66.5116
2596	66.4621	66.4675
2597	66.4621	66.4642
2598	66.4621	66.4621
2599	66.4621	66.4621
2600	66.4621	66.4621
2601	66.4621	66.4849
2602	66.4621	66.6202
2603	66.4621	66.5831
2604	66.4621	66.6051
2605	66.4621	66.9993
2606	66.4621	66.7238
2607	66.4621	66.4632
2608	66.4621	66.4621
2609	66.4621	66.4621
2610	66.4621	66.4926
2611	66.4621	66.5319
2612	66.4621	66.5293
2613	66.4621	66.4621
2614	66.4621	66.4629
2615	66.4621	66.4622
2616	66.4621	66.4832
2617	66.4621	66.4621
2618	66.4621	66.5002
2619	66.4621	66.5273
2620	66.4621	66.4664
2621	66.4621	66.5114
2622	66.4621	66.4621
2623	66.4621	66.5128
2624	66.4621	66.4909
2625	66.4621	66.4918
2626	66.4621	66.5409
2627	66.4621	66.4865
2628	66.4621	66.4621
2629	66.4621	66.4827
2630	66.4621	66.4726
2631	66.4621	66.4621
2632	66.4621	66.4652
2633	66.4621	66.4829
2634	66.4621	66.4775
2635	66.4621	66.4621
2636	66.4621	66.5254
2637	66.4621	66.6795
2638	66.4621	66.4725
2639	66.4621	66.4621
2640	66.4621	66.4621
2641	66.4621	66.5449
2642	66.4621	66.5456
2643	66.4621	66.4975
2644	66.4621	66.5156
2645	66.4621	66.5486
2646	66.4621	66.4621
2647	66.4621	66.4621
2648	66.4621	66.4621
2649	66.4621	66.5441
2650	66.4621	66.5874
2651	66.4621	66.603
2652	66.4621	66.6691
2653	66.4621	66.5347
2654	66.4621	66.592
2655	66.4621	66.4894
2656	66.4621	66.4621
2657	66.4621	66.4737
2658	66.4621	66.464
2659	66.4621	66.4629
2660	66.4621	66.5897
2661	66.4621	66.6256
2662	66.4621	66.4634
2663	66.4621	66.4621
2664	66.4621	66.5241
2665	66.4621	66.6506
2666	66.4621	66.6938
2667	66.4621	66.4621
2668	66.4621	66.4638
2669	66.4621	66.6395
2670	66.4621	66.6012
2671	66.4621	66.4621
2672	66.4621	66.4621
2673	66.4621	66.8167
2674	66.4621	66.7027
2675	66.4621	66.5961
2676	66.4621	66.5587
2677	66.4621	66.4621
2678	66.4621	66.4621
2679	66.4621	66.469
2680	66.4621	66.4621
2681	66.4621	66.4779
2682	66.4621	66.4621
2683	66.4621	66.4621
2684	66.4621	66.5628
2685	66.4621	66.4872
2686	66.4621	66.5137
2687	66.4621	66.58
2688	66.4621	66.4621
2689	66.4621	66.4621
2690	66.4621	66.4957
2691	66.4621	66.7957
2692	66.4621	66.6193
2693	66.4621	66.5266
2694	66.4621	66.4789
2695	66.4621	66.6347
2696	66.4621	66.4621
2697	66.4621	66.4621
2698	66.4621	66.4863
2699	66.4621	66.4929
2700	66.4621	66.466
2701	66.4621	66.4621
2702	66.4621	66.5268
2703	66.4621	66.4621
2704	66.4621	66.4621
2705	66.4621	66.4739
2706	66.4621	66.4715
2707	66.4621	66.4677
2708	66.4621	66.4677
2709	66.4621	66.5365
2710	66.4621	66.4672
2711	66.4621	66.6504
2712	66.4621	66.5351
2713	66.4621	66.5386
2714	66.4621	66.4904
2715	66.4621	66.614
2716	66.4621	66.5147
2717	66.4621	66.5349
2718	66.4621	66.5896
2719	66.4621	66.4957
2720	66.4621	66.5004
2721	66.4621	66.4706
2722	66.4621	66.4725
2723	66.4621	66.4909
2724	66.4621	66.5489
2725	66.4621	66.5409
2726	66.4621	66.5307
2727	66.4621	66.551
2728	66.4621	66.6301
2729	66.4621	66.4874
2730	66.4621	66.4682
2731	66.4621	66.5162
2732	66.4621	66.4962
2733	66.4621	66.5943
2734	66.4621	66.5406
2735	66.4621	66.5775
2736	66.4621	66.4824
2737	66.4621	66.4998
2738	66.4621	66.5003
2739	66.4621	66.5444
2740	66.4621	66.5504
2741	66.4621	66.7077
2742	66.4621	66.6266
2743	66.4621	66.5015
2744	66.4621	66.5591
2745	66.4621	66.7083
2746	66.4621	66.5342
2747	66.4621	66.5118
2748	66.4621	66.4626
2749	66.4621	66.4971
2750	66.4621	66.5095
2751	66.4621	66.4648
2752	66.4621	66.5127
2753	66.4621	66.5113
2754	66.4621	66.6228
2755	66.4621	66.5774
2756	66.4621	66.7154
2757	66.4621	66.4621
2758	66.4621	66.5635
2759	66.4621	66.6797
2760	66.4621	66.6229
2761	66.4621	66.525
2762	66.4621	66.546
2763	66.4621	66.5242
2764	66.4621	66.4621
2765	66.4621	66.4621
2766	66.4621	66.5437
2767	66.4621	66.5305
2768	66.4621	66.4937
2769	66.4621	66.5597
2770	66.4621	66.6957
2771	66.4621	66.5323
2772	66.4621	66.5765
2773	66.4621	66.4885
2774	66.4621	66.6425
2775	66.4621	66.4675
2776	66.4621	66.4621
2777	66.4621	66.4621
2778	66.4621	66.7594
2779	66.4621	66.6162
2780	66.4621	66.5407
2781	66.4621	66.4621
2782	66.4621	66.6182
2783	66.4621	66.4658
2784	66.4621	66.4822
2785	66.4621	66.5387
2786	66.4621	66.5233
2787	66.4621	66.4773
2788	66.4621	66.4807
2789	66.4621	66.4683
2790	66.4621	66.4738
2791	66.4621	66.4621
2792	66.4621	66.5673
2793	66.4621	66.7838
2794	66.4621	66.8237
2795	66.4621	66.785
2796	66.4621	66.5685
2797	66.4621	66.4747
2798	66.4621	66.4621
2799	66.4621	66.47
2800	66.4621	66.4632
2801	66.4621	66.6754
2802	66.4621	66.5116
2803	66.4621	66.4659
2804	66.4621	66.6003
2805	66.4621	66.5616
2806	66.4621	66.7262
2807	66.4621	66.5475
2808	66.4621	66.5288
2809	66.4621	66.624
2810	66.4621	67.0228
2811	66.4621	66.7997
2812	66.4621	66.801
2813	66.4621	66.6749
2814	66.4621	66.6203
2815	66.4621	66.6274
2816	66.4621	66.4621
2817	66.4621	66.4621
2818	66.4621	66.4621
2819	66.4621	66.4622
2820	66.4621	66.4694
2821	66.4621	66.4621
2822	66.4621	66.4621
2823	66.4621	66.4621
2824	66.4621	66.5433
2825	66.4621	66.4621
2826	66.4621	66.469
2827	66.4621	66.5169
2828	66.4621	66.4998
2829	66.4621	66.5304
2830	66.4621	66.5141
2831	66.4621	66.5358
2832	66.4621	66.6568
2833	66.4621	66.6026
2834	66.4621	66.49
2835	66.4621	66.5895
2836	66.4621	66.5298
2837	66.4621	66.4923
2838	66.4621	66.4642
2839	66.4621	66.6695
2840	66.4621	66.5491
2841	66.4621	66.4621
2842	66.4621	66.492
2843	66.4621	66.7216
2844	66.4621	66.5058
2845	66.4621	66.4684
2846	66.4621	66.4621
2847	66.4621	66.4621
2848	66.4621	66.5406
2849	66.4621	66.4685
2850	66.4621	66.5175
2851	66.4621	66.4621
2852	66.4621	66.4714
2853	66.4621	66.4632
2854	66.4621	66.5423
2855	66.4621	66.5108
2856	66.4621	66.8318
2857	66.4621	66.5549
2858	66.4621	66.5543
2859	66.4621	66.4621
2860	66.4621	66.4621
2861	66.4621	66.4621
2862	66.4621	66.5569
2863	66.4621	66.4953
2864	66.4621	66.6286
2865	66.4621	66.6367
2866	66.4621	66.4867
2867	66.4621	66.4621
2868	66.4621	66.6668
2869	66.4621	66.5625
2870	66.4621	66.5705
2871	66.4621	66.4915
2872	66.4621	66.498
2873	66.4621	66.7954
2874	66.4621	66.7973
2875	66.4621	66.6277
2876	66.4621	66.9777
2877	66.4621	66.6528
2878	66.4621	66.6452
2879	66.4621	66.7981
2880	66.4621	66.6127
2881	66.4621	66.5036
2882	66.4621	66.4621
2883	66.4621	66.6002
2884	66.4621	66.5078
2885	66.4621	66.4661
2886	66.4621	66.4621
2887	66.4621	66.5017
2888	66.4621	66.5157
2889	66.4621	66.4621
2890	66.4621	66.4655
2891	66.4621	66.4723
2892	66.4621	66.4625
2893	66.4621	66.4927
2894	66.4621	66.4662
2895	66.4621	66.523
2896	66.4621	66.4961
2897	66.4621	66.4621
2898	66.4621	66.5211
2899	66.4621	66.4621
2900	66.4621	66.4621
2901	66.4621	66.4621
2902	66.4621	66.4893
2903	66.4621	66.6172
2904	66.4621	66.484
2905	66.4621	66.4621
2906	66.4621	66.4625
2907	66.4621	66.4621
2908	66.4621	66.5187
2909	66.4621	66.5773
2910	66.4621	66.6193
2911	66.4621	66.6243
2912	66.4621	66.4621
2913	66.4621	66.4686
2914	66.4621	66.585
2915	66.4621	66.467
2916	66.4621	66.4867
2917	66.4621	66.4621
2918	66.4621	66.4621
2919	66.4621	66.5435
2920	66.4621	66.4929
2921	66.4621	66.4621
2922	66.4621	66.4621
2923	66.4621	66.522
2924	66.4621	66.5275
2925	66.4621	66.5015
2926	66.4621	66.481
2927	66.4621	66.4621
2928	66.4621	66.4621
2929	66.4621	66.4621
2930	66.4621	66.5767
2931	66.4621	66.5114
2932	66.4621	66.484
2933	66.4621	66.4933
2934	66.4621	66.5805
2935	66.4621	66.5779
2936	66.4621	66.473
2937	66.4621	66.4643
2938	66.4621	66.4621
2939	66.4621	66.4621
2940	66.4621	66.4621
2941	66.4621	66.4871
2942	66.4621	66.4709
2943	66.4621	66.5844
2944	66.4621	66.5605
2945	66.4621	66.4775
2946	66.4621	66.4935
2947	66.4621	66.4665
2948	66.4621	66.4621
2949	66.4621	66.4621
2950	66.4621	66.4748
2951	66.4621	66.5186
2952	66.4621	66.5144
2953	66.4621	66.4985
2954	66.4621	66.476
2955	66.4621	66.4621
2956	66.4621	66.4638
2957	66.4621	66.4621
2958	66.4621	66.4634
2959	66.4621	66.5164
2960	66.4621	66.5027
2961	66.4621	66.5461
2962	66.4621	66.4621
2963	66.4621	66.4621
2964	66.4621	66.5681
2965	66.4621	66.4901
2966	66.4621	66.49
2967	66.4621	66.4956
2968	66.4621	66.4931
2969	66.4621	66.5284
2970	66.4621	66.4864
2971	66.4621	66.4779
2972	66.4621	66.4735
2973	66.4621	66.4621
2974	66.4621	66.465
2975	66.4621	66.5039
2976	66.4621	66.6013
2977	66.4621	66.4663
2978	66.4621	66.4621
2979	66.4621	66.4733
2980	66.4621	66.5273
2981	66.4621	66.5531
2982	66.4621	66.5209
2983	66.4621	66.5255
2984	66.4621	66.4621
2985	66.4621	66.4631
2986	66.4621	66.4621
2987	66.4621	66.4621
2988	66.4621	66.4621
2989	66.4621	66.5059
2990	66.4621	66.4621
2991	66.4621	66.4621
2992	66.4621	66.4725
2993	66.4621	66.4634
2994	66.4621	66.4621
2995	66.4621	66.4758
2996	66.4621	66.4747
2997	66.4621	66.4621
2998	66.4621	66.5333
2999	66.4621	66.4653
3000	66.4621	66.586
3001	66.4621	66.5322
3002	66.4621	66.4961
3003	66.4621	66.4621
3004	66.4621	66.509
3005	66.4621	66.5728
3006	66.4621	66.4621
3007	66.4621	66.4701
3008	66.4621	66.4687
3009	66.4621	66.5009
3010	66.4621	66.4752
3011	66.4621	66.5348
3012	66.4621	66.5774
3013	66.4621	66.5191
3014	66.4621	66.4633
3015	66.4621	66.6645
3016	66.4621	66.4621
3017	66.4621	66.4634
3018	66.4621	66.4661
3019	66.4621	66.4621
3020	66.4621	66.4668
3021	66.4621	66.5296
3022	66.4621	66.5883
3023	66.4621	66.5193
3024	66.4621	66.4786
3025	66.4621	66.5072
3026	66.4621	66.5059
3027	66.4621	66.4712
3028	66.4621	66.466
3029	66.4621	66.4621
3030	66.4621	66.5672
3031	66.4621	66.4754
3032	66.4621	66.4824
3033	66.4621	66.4822
3034	66.4621	66.6108
3035	66.4621	66.7358
3036	66.4621	66.4621
3037	66.4621	66.4621
3038	66.4621	66.4786
3039	66.4621	66.4849
3040	66.4621	66.6067
3041	66.4621	66.4649
3042	66.4621	66.5724
3043	66.4621	66.469
3044	66.4621	66.5752
3045	66.4621	66.5119
3046	66.4621	66.4621
3047	66.4621	66.4681
3048	66.4621	66.5443
3049	66.4621	66.4696
3050	66.4621	66.5568
3051	66.4621	66.4622
3052	66.4621	66.5667
3053	66.4621	66.5147
3054	66.4621	66.6038
3055	66.4621	66.5238
3056	66.4621	66.4749
3057	66.4621	66.5052
3058	66.4621	66.5884
3059	66.4621	66.6866
3060	66.4621	66.6472
3061	66.4621	66.5123
3062	66.4621	66.4986
3063	66.4621	66.4957
3064	66.4621	66.4621
3065	66.4621	66.4759
3066	66.4621	66.6232
3067	66.4621	66.5415
3068	66.4621	66.4935
3069	66.4621	66.6059
3070	66.4621	66.8011
3071	66.4621	66.563
3072	66.4621	66.5111
3073	66.4621	66.4709
3074	66.4621	66.5094
3075	66.4621	66.4621
3076	66.4621	66.4621
3077	66.4621	66.4621
3078	66.4621	66.4702
3079	66.4621	66.4835
3080	66.4621	66.7125
3081	66.4621	66.5783
3082	66.4621	66.5152
3083	66.4621	66.4704
3084	66.4621	66.4644
3085	66.4621	66.4621
3086	66.4621	66.4729
3087	66.4621	66.4621
3088	66.4621	66.4621
3089	66.4621	66.4696
3090	66.4621	66.4918
3091	66.4621	66.4621
3092	66.4621	66.4621
3093	66.4621	66.4621
3094	66.4621	66.4887
3095	66.4621	66.4642
3096	66.4621	66.5001
3097	66.4621	66.7412
3098	66.4621	66.4748
3099	66.4621	66.4894
3100	66.4621	66.5521
3101	66.4621	66.4823
3102	66.4621	66.5527
3103	66.4621	66.5242
3104	66.4621	66.5279
3105	66.4621	66.54
3106	66.4621	66.5359
3107	66.4621	66.4767
3108	66.4621	66.4954
3109	66.4621	66.4621
3110	66.4621	66.6562
3111	66.4621	66.5062
3112	66.4621	66.497
3113	66.4621	66.4621
3114	66.4621	66.4712
3115	66.4621	66.5193
3116	66.4621	66.4737
3117	66.4621	66.4621
3118	66.4621	66.5839
3119	66.4621	66.6976
3120	66.4621	66.652
3121	66.4621	66.5721
3122	66.4621	66.4903
3123	66.4621	66.5202
3124	66.4621	66.495
3125	66.4621	66.4621
3126	66.4621	66.4969
3127	66.4621	66.5248
3128	66.4621	66.6312
3129	66.4621	66.4728
3130	66.4621	66.5233
3131	66.4621	66.4685
3132	66.4621	66.5113
3133	66.4621	66.5005
3134	66.4621	66.4621
3135	66.4621	66.5142
3136	66.4621	66.4621
3137	66.4621	66.4709
3138	66.4621	66.4621
3139	66.4621	66.4662
3140	66.4621	66.5312
3141	66.4621	66.6259
3142	66.4621	66.5434
3143	66.4621	66.4909
3144	66.4621	66.4621
3145	66.4621	66.464
3146	66.4621	66.4621
3147	66.4621	66.4621
3148	66.4621	66.5022
3149	66.4621	66.5341
3150	66.4621	66.5345
3151	66.2397	66.5368
3152	66.2397	66.4448
3153	66.2397	66.3335
3154	66.2397	66.2531
3155	66.2397	66.264
3156	66.2397	66.3624
3157	66.2397	66.5307
3158	66.2397	66.3404
3159	66.2397	66.3277
3160	66.2397	66.2752
3161	66.2397	66.2405
3162	66.2397	66.2397
3163	66.2397	66.2397
3164	66.2397	66.2397
3165	66.2397	66.2439
3166	66.2397	66.2748
3167	66.2397	66.283
3168	66.2397	66.265
3169	66.2397	66.4279
3170	66.2397	66.4525
3171	66.2397	66.2854
3172	66.2397	66.2397
3173	66.2397	66.2642
3174	66.2397	66.2663
3175	66.2397	66.2397
3176	66.2397	66.2397
3177	66.2397	66.2753
3178	66.2397	66.2787
3179	66.2397	66.2397
3180	66.2397	66.2397
3181	66.2397	66.3468
3182	66.2397	66.2594
3183	66.2397	66.2471
3184	66.2397	66.2469
3185	66.2397	66.3591
3186	66.2397	66.2689
3187	66.2397	66.2397
3188	66.2397	66.2571
3189	66.2397	66.2721
3190	66.2397	66.2397
3191	66.2397	66.2397
3192	66.2397	66.2498
3193	66.2397	66.3524
3194	66.2397	66.3339
3195	66.2397	66.2714
3196	66.2397	66.2397
3197	66.2397	66.243
3198	66.2397	66.3572
3199	66.2397	66.2528
3200	66.2397	66.3544
3201	66.2397	66.2448
3202	66.2397	66.3815
3203	66.2397	66.31
3204	66.2397	66.2397
3205	66.2397	66.2673
3206	66.2397	66.2397
3207	66.2397	66.2404
3208	66.2397	66.3045
3209	66.2397	66.3091
3210	66.2397	66.3931
3211	66.2397	66.7904
3212	66.2397	66.4317
3213	66.2397	66.3641
3214	66.2397	66.282
3215	66.2397	66.3352
3216	66.2397	66.3356
3217	66.2397	66.2397
3218	66.2397	66.2397
3219	66.2397	66.2791
3220	66.2397	66.2863
3221	66.2397	66.2397
3222	66.2397	66.2461
3223	66.2397	66.2941
3224	66.2397	66.2397
3225	66.2397	66.2397
3226	66.2397	66.4677
3227	66.2397	66.2816
3228	66.2397	66.2397
3229	66.2397	66.2496
3230	66.2397	66.2525
3231	66.2397	66.2397
3232	66.2397	66.3039
3233	66.2397	66.2469
3234	66.2397	66.2397
3235	66.2397	66.2427
3236	66.2397	66.2397
3237	66.2397	66.3285
3238	66.2397	66.2923
3239	66.2397	66.2953
3240	66.2397	66.2534
3241	66.2397	66.3442
3242	66.2397	66.2397
3243	66.2397	66.2397
3244	66.2397	66.3819
3245	66.2397	66.2711
3246	66.2397	66.2872
3247	66.2397	66.314
3248	66.2397	66.3493
3249	66.2397	66.2425
3250	66.2397	66.2397
3251	66.2397	66.3625
3252	66.2397	66.2498
3253	66.2397	66.2397
3254	66.2397	66.2397
3255	66.2397	66.2397
3256	66.2397	66.2818
3257	66.2397	66.2882
3258	66.2397	66.2665
3259	66.2397	66.2761
3260	66.2397	66.2397
3261	66.2397	66.3143
3262	66.2397	66.2991
3263	66.2397	66.2397
3264	66.2397	66.2397
3265	66.2397	66.2397
3266	66.2397	66.2397
3267	66.2397	66.2397
3268	66.2397	66.2397
3269	66.2397	66.2397
3270	66.2397	66.2397
3271	66.2397	66.2397
3272	66.2397	66.2412
3273	66.2397	66.2397
3274	66.2397	66.2397
3275	66.2397	66.2397
3276	66.2397	66.2397
3277	66.2397	66.2415
3278	66.2397	66.2397
3279	66.2397	66.2861
3280	66.2397	66.2397
3281	66.2397	66.2397
3282	66.2397	66.2397
3283	66.2397	66.3406
3284	66.2397	66.2817
3285	66.2397	66.2938
3286	66.2397	66.3276
3287	66.2397	66.3046
3288	66.2397	66.3038
3289	66.2397	66.328
3290	66.2397	66.2397
3291	66.2397	66.2826
3292	66.2397	66.2397
3293	66.2397	66.2397
3294	66.2397	66.3293
3295	66.2397	66.3138
3296	66.2397	66.3183
3297	66.2397	66.3699
3298	66.2397	66.5132
3299	66.2397	66.3314
3300	66.2397	66.3386
3301	66.2397	66.2529
3302	66.2397	66.3389
3303	66.2397	66.3093
3304	66.2397	66.2961
3305	66.2397	66.2397
3306	66.2397	66.2604
3307	66.2397	66.2723
3308	66.2397	66.2626
3309	66.2397	66.2503
3310	66.2397	66.2428
3311	66.2397	66.2397
3312	66.2397	66.2485
3313	66.2397	66.2397
3314	66.2397	66.2397
3315	66.2397	66.2448
3316	66.2397	66.2397
3317	66.2397	66.2397
3318	66.2397	66.3975
3319	66.2397	66.359
3320	66.2397	66.2487
3321	66.2397	66.3902
3322	66.2397	66.25
3323	66.2397	66.2428
3324	66.2397	66.2397
3325	66.2397	66.3892
3326	66.2397	66.266
3327	66.2397	66.2695
3328	66.2397	66.4916
3329	66.2397	66.3219
3330	66.2397	66.2618
3331	66.2397	66.2397
3332	66.2397	66.2397
3333	66.2397	66.2516
3334	66.2397	66.2585
3335	66.2397	66.2832
3336	66.2397	66.2808
3337	66.2397	66.2923
3338	66.2397	66.2397
3339	66.2397	66.2397
3340	66.2397	66.2953
3341	66.2397	66.3452
3342	66.2397	66.2437
3343	66.2397	66.2502
3344	66.2397	66.2397
3345	66.2397	66.2689
3346	66.2397	66.2836
3347	66.2397	66.4085
3348	66.2397	66.2397
3349	66.2397	66.2397
3350	66.2397	66.2397
3351	66.2397	66.2397
3352	66.2397	66.2737
3353	66.2397	66.2397
3354	66.2397	66.2397
3355	66.2397	66.2405
3356	66.2397	66.2397
3357	66.2397	66.2826
3358	66.2397	66.298
3359	66.2397	66.2419
3360	66.2397	66.2776
3361	66.2397	66.2399
3362	66.2397	66.2397
3363	66.2397	66.2858
3364	66.2397	66.2397
3365	66.2397	66.3409
3366	66.2397	66.2438
3367	66.2397	66.2712
3368	66.2397	66.2702
3369	66.2397	66.2832
3370	66.2397	66.3158
3371	66.2397	66.4279
3372	66.2397	66.4391
3373	66.2397	66.3649
3374	66.2397	66.4168
3375	66.2397	66.6331
3376	66.2397	66.3753
3377	66.2397	66.408
3378	66.2397	66.2504
3379	66.2397	66.24
3380	66.2397	66.2397
3381	66.2397	66.2427
3382	66.2397	66.2719
3383	66.2397	66.3465
3384	66.2397	66.3142
3385	66.2397	66.3425
3386	66.2397	66.312
3387	66.2397	66.2397
3388	66.2397	66.3057
3389	66.2397	66.2397
3390	66.2397	66.2397
3391	66.2397	66.2397
3392	66.2397	66.2505
3393	66.2397	66.262
3394	66.2397	66.3103
3395	66.2397	66.2413
3396	66.2397	66.2789
3397	66.2397	66.4043
3398	66.2397	66.2951
3399	66.2397	66.2888
3400	66.2397	66.396
3401	66.2397	66.2887
3402	66.2397	66.2397
3403	66.2397	66.2485
3404	66.2397	66.2397
3405	66.2397	66.2824
3406	66.2397	66.3267
3407	66.2397	66.4218
3408	66.2397	66.2626
3409	66.2397	66.3416
3410	66.2397	66.3002
3411	66.2397	66.321
3412	66.2397	66.3165
3413	66.2397	66.4336
3414	66.2397	66.2822
3415	66.2397	66.2397
3416	66.2397	66.2397
3417	66.2397	66.2397
3418	66.2397	66.2941
3419	66.2397	66.2456
3420	66.2397	66.2828
3421	66.2397	66.5642
3422	66.2397	66.2598
3423	66.2397	66.3606
3424	66.2397	66.2399
3425	66.2397	66.2397
3426	66.2397	66.2434
3427	66.2397	66.2397
3428	66.2397	66.2456
3429	66.2397	66.3378
3430	66.2397	66.4058
3431	66.2397	66.4227
3432	66.2397	66.2462
3433	66.2397	66.2397
3434	66.2397	66.2397
3435	66.2397	66.2531
3436	66.2397	66.2951
3437	66.2397	66.336
3438	66.2397	66.2472
3439	66.2397	66.252
3440	66.2397	66.3178
3441	66.2397	66.3605
3442	66.2397	66.4767
3443	66.2397	66.3475
3444	66.2397	66.2913
3445	66.2397	66.2935
3446	66.2397	66.299
3447	66.2397	66.3179
3448	66.2397	66.2935
3449	66.2397	66.266
3450	66.2397	66.2397
3451	66.2397	66.364
3452	66.2397	66.4096
3453	66.2397	66.3001
3454	66.2397	66.2534
3455	66.2397	66.2941
3456	66.2397	66.5463
3457	66.2397	66.5648
3458	66.2397	66.3119
3459	66.2397	66.3508
3460	66.2397	66.4787
3461	66.2397	66.4571
3462	66.2397	66.4499
3463	66.2397	66.2659
3464	66.2397	66.5363
3465	66.2397	66.3074
3466	66.2397	66.3162
3467	66.2397	66.3067
3468	66.2397	66.2568
3469	66.2397	66.2934
3470	66.2397	66.2397
3471	66.2397	66.3362
3472	66.2397	66.4327
3473	66.2397	66.5216
3474	66.2397	66.5776
3475	66.2397	66.8923
3476	66.2397	66.3032
3477	66.2397	66.3185
3478	66.2397	66.2549
3479	66.2397	66.3759
3480	66.2397	66.2752
3481	66.2397	66.4214
3482	66.2397	66.393
3483	66.2397	66.2397
3484	66.2397	66.2642
3485	66.2397	66.3198
3486	66.2397	66.2512
3487	66.2397	66.2479
3488	66.2397	66.2575
3489	66.2397	66.2399
3490	66.2397	66.2397
3491	66.2397	66.2397
3492	66.2397	66.3141
3493	66.2397	66.2952
3494	66.2397	66.3346
3495	66.2397	66.2782
3496	66.2397	66.2397
3497	66.2397	66.2871
3498	66.2397	66.3139
3499	66.2397	66.2606
3500	66.2397	66.2509
3501	66.2397	66.2397
3502	66.2397	66.3548
3503	66.2397	66.3165
3504	66.2397	66.2764
3505	66.2397	66.3204
3506	66.2397	66.3457
3507	66.2397	66.7038
3508	66.2397	66.4031
3509	66.2397	66.3062
3510	66.2397	66.381
3511	66.2397	66.2445
3512	66.2397	66.2397
3513	66.2397	66.298
3514	66.2397	66.3566
3515	66.2397	66.2583
3516	66.2397	66.258
3517	66.2397	66.2397
3518	66.2397	66.2422
3519	66.2397	66.2455
3520	66.2397	66.2947
3521	66.2397	66.2688
3522	66.2397	66.3327
3523	66.2397	66.2462
3524	66.2397	66.2554
3525	66.2397	66.2999
3526	66.2397	66.3355
3527	66.2397	66.2397
3528	66.2397	66.2397
3529	66.2397	66.2409
3530	66.2397	66.2407
3531	66.2397	66.2397
3532	66.2397	66.24
3533	66.2397	66.2674
3534	66.2397	66.3018
3535	66.2397	66.4587
3536	66.2397	66.3082
3537	66.2397	66.3614
3538	66.2397	66.424
3539	66.2397	66.3243
3540	66.2397	66.3274
3541	66.2397	66.4214
3542	66.2397	66.2673
3543	66.2397	66.4414
3544	66.2397	66.4417
3545	66.2397	66.4389
3546	66.2397	66.2397
3547	66.2397	66.2414
3548	66.2397	66.4055
3549	66.2397	66.3209
3550	66.2397	66.2407
3551	66.2397	66.2605
3552	66.2397	66.246
3553	66.2397	66.2397
3554	66.2397	66.4242
3555	66.2397	66.4132
3556	66.2397	66.3076
3557	66.2397	66.2521
3558	66.2397	66.2397
3559	66.2397	66.2533
3560	66.2397	66.2528
3561	66.2397	66.2718
3562	66.2397	66.2411
3563	66.2397	66.2645
3564	66.2397	66.2481
3565	66.2397	66.4053
3566	66.2397	66.2689
3567	66.2397	66.3474
3568	66.2397	66.2773
3569	66.2397	66.4709
3570	66.2397	66.2539
3571	66.2397	66.4054
3572	66.2397	66.4982
3573	66.2397	66.3939
3574	66.2397	66.2397
3575	66.2397	66.2397
3576	66.2397	66.2397
3577	66.2397	66.4097
3578	66.2397	66.4696
3579	66.2397	66.2437
3580	66.2397	66.2397
3581	66.2397	66.2661
3582	66.2397	66.3427
3583	66.2397	66.3123
3584	66.2397	66.2434
3585	66.2397	66.4233
3586	66.2397	66.2538
3587	66.2397	66.3425
3588	66.2397	66.2786
3589	66.2397	66.2432
3590	66.2397	66.2762
3591	66.2397	66.3348
3592	66.2397	66.2582
3593	66.2397	66.307
3594	66.2397	66.4638
3595	66.2397	66.2397
3596	66.2397	66.2397
3597	66.2397	66.2397
3598	66.2397	66.2859
3599	66.2397	66.2397
3600	66.2397	66.2714
3601	66.2397	66.2526
3602	66.2397	66.3788
3603	66.2397	66.3194
3604	66.2397	66.2615
3605	66.2397	66.2857
3606	66.2397	66.2486
3607	66.2397	66.3208
3608	66.2397	66.276
3609	66.2397	66.2818
3610	66.2397	66.2424
3611	66.2397	66.2671
3612	66.2397	66.2422
3613	66.2397	66.2931
3614	66.2397	66.4346
3615	66.2397	66.3536
3616	66.2397	66.3124
3617	66.2397	66.347
3618	66.2397	66.2397
3619	66.2397	66.2397
3620	66.2397	66.2397
3621	66.2397	66.2473
3622	66.2397	66.2397
3623	66.2397	66.2397
3624	66.2397	66.2397
3625	66.2397	66.4183
3626	66.2397	66.3491
3627	66.2397	66.3915
3628	66.2397	66.2819
3629	66.2397	66.2397
3630	66.2397	66.2397
3631	66.2397	66.2397
3632	66.2397	66.2617
3633	66.2397	66.2469
3634	66.2397	66.3137
3635	66.2397	66.3132
3636	66.2397	66.294
3637	66.2397	66.3176
3638	66.2397	66.469
3639	66.2397	66.2806
3640	66.2397	66.2397
3641	66.2397	66.2397
3642	66.2397	66.2559
3643	66.2397	66.2397
3644	66.2397	66.2397
3645	66.2397	66.2491
3646	66.2397	66.288
3647	66.2397	66.3073
3648	66.2397	66.3826
3649	66.2397	66.3359
3650	66.2397	66.4002
3651	66.2397	66.2428
3652	66.2397	66.2724
3653	66.2397	66.331
3654	66.2397	66.4208
3655	66.2397	66.2397
3656	66.2397	66.2397
3657	66.2397	66.3142
3658	66.2397	66.2397
3659	66.2397	66.2558
3660	66.2397	66.2397
3661	66.2397	66.2662
3662	66.2397	66.289
3663	66.2397	66.4831
3664	66.2397	66.4135
3665	66.2397	66.2397
3666	66.2397	66.2503
3667	66.2397	66.3496
3668	66.2397	66.3175
3669	66.2397	66.5141
3670	66.2397	66.4523
3671	66.2397	66.565
3672	66.2397	66.2933
3673	66.2397	66.2412
3674	66.2397	66.3088
3675	66.2397	66.2586
3676	66.2397	66.3081
3677	66.2397	66.2551
3678	66.2397	66.256
3679	66.2397	66.2519
3680	66.2397	66.2397
3681	66.2397	66.3314
3682	66.2397	66.253
3683	66.2397	66.2558
3684	66.2397	66.2397
3685	66.2397	66.2568
3686	66.2397	66.308
3687	66.2397	66.2397
3688	66.2397	66.2412
3689	66.2397	66.2397
3690	66.2397	66.3303
3691	66.2397	66.2397
3692	66.2397	66.2397
3693	66.2397	66.2397
3694	66.2397	66.2397
3695	66.2397	66.2397
3696	66.2397	66.2397
3697	66.2397	66.2397
3698	66.2397	66.2397
3699	66.2397	66.2397
3700	66.2397	66.3562
3701	66.2397	66.5398
3702	66.2397	66.2634
3703	66.2397	66.2516
3704	66.2397	66.4402
3705	66.2397	66.3617
3706	66.2397	66.2397
3707	66.2397	66.2397
3708	66.2397	66.2397
3709	66.2397	66.4162
3710	66.2397	66.3641
3711	66.2397	66.2869
3712	66.2397	66.3772
3713	66.2397	66.3069
3714	66.2397	66.2473
3715	66.2397	66.3223
3716	66.2397	66.3059
3717	66.2397	66.301
3718	66.2397	66.3118
3719	66.2397	66.242
3720	66.2397	66.2397
3721	66.2397	66.2397
3722	66.2397	66.2977
3723	66.2397	66.2954
3724	66.2397	66.2602
3725	66.2397	66.2397
3726	66.2397	66.2397
3727	66.2397	66.3054
3728	66.2397	66.3306
3729	66.2397	66.3346
3730	66.2397	66.2525
3731	66.2397	66.2774
3732	66.2397	66.301
3733	66.2397	66.4906
3734	66.2397	66.3055
3735	66.2397	66.3651
3736	66.2397	66.2865
3737	66.2397	66.4126
3738	66.2397	66.3032
3739	66.2397	66.4475
3740	66.2397	66.24
3741	66.2397	66.3162
3742	66.2397	66.2473
3743	66.2397	66.2397
3744	66.2397	66.2397
3745	66.2397	66.2397
3746	66.2397	66.3803
3747	66.2397	66.3926
3748	66.2397	66.3211
3749	66.2397	66.3248
3750	66.2397	66.2399
3751	66.2397	66.2422
3752	66.2397	66.2397
3753	66.2397	66.2397
3754	66.2397	66.2397
3755	66.2397	66.2397
3756	66.2397	66.2397
3757	66.2397	66.2397
3758	66.2397	66.2428
3759	66.2397	66.2477
3760	66.2397	66.2655
3761	66.2397	66.2397
3762	66.2397	66.2397
3763	66.2397	66.2411
3764	66.2397	66.3721
3765	66.2397	66.3256
3766	66.2397	66.2424
3767	66.2397	66.3156
3768	66.2397	66.4179
3769	66.2397	66.2525
3770	66.2397	66.2815
3771	66.2397	66.2913
3772	66.2397	66.282
3773	66.2397	66.286
3774	66.2397	66.2735
3775	66.2397	66.3681
3776	66.2397	66.4148
3777	66.2397	66.3748
3778	66.2397	66.2397
3779	66.2397	66.2397
3780	66.2397	66.2589
3781	66.2397	66.3449
3782	66.2397	66.2941
3783	66.2397	66.3472
3784	66.2397	66.2691
3785	66.2397	66.514
3786	66.2397	66.4233
3787	66.2397	66.3316
3788	66.2397	66.2739
3789	66.2397	66.3197
3790	66.2397	66.2766
3791	66.2397	66.3281
3792	66.2397	66.4669
3793	66.2397	66.2906
3794	66.2397	66.2653
3795	66.2397	66.2417
3796	66.2397	66.383
3797	66.2397	66.2397
3798	66.2397	66.2592
3799	66.2397	66.3003
3800	66.2397	66.2397
3801	66.2397	66.3129
3802	66.2397	66.2508
3803	66.2397	66.2586
3804	66.2397	66.4588
3805	66.2397	66.2669
3806	66.2397	66.2397
3807	66.2397	66.2397
3808	66.2397	66.2433
3809	66.2397	66.2547
3810	66.2397	66.2798
3811	66.2397	66.2425
3812	66.2397	66.2397
3813	66.2397	66.3519
3814	66.2397	66.293
3815	66.2397	66.3558
3816	66.2397	66.3496
3817	66.2397	66.2397
3818	66.2397	66.6527
3819	66.2397	66.3972
3820	66.2397	66.3216
3821	66.2397	66.4337
3822	66.2397	66.3669
3823	66.2397	66.3825
3824	66.2397	66.3797
3825	66.2397	66.3397
3826	66.2397	66.4309
3827	66.2397	66.4565
3828	66.2397	66.3031
3829	66.2397	66.4688
3830	66.2397	66.3537
3831	66.2397	66.3654
3832	66.2397	66.4046
3833	66.2397	66.3728
3834	66.2397	66.2651
3835	66.2397	66.3167
3836	66.2397	66.3025
3837	66.2397	66.2534
3838	66.2397	66.2397
3839	66.2397	66.3751
3840	66.2397	66.3381
3841	66.2397	66.2875
3842	66.2397	66.2605
3843	66.2397	66.2397
3844	66.2397	66.243
3845	66.2397	66.2397
3846	66.2397	66.2397
3847	66.2397	66.2397
3848	66.2397	66.2397
3849	66.2397	66.2716
3850	66.2397	66.2956
3851	66.2397	66.2397
3852	66.2397	66.2405
3853	66.2397	66.2517
3854	66.2397	66.2431
3855	66.2397	66.2544
3856	66.2397	66.2407
3857	66.2397	66.2979
3858	66.2397	66.2415
3859	66.2397	66.2397
3860	66.2397	66.2411
3861	66.2397	66.2419
3862	66.2397	66.3024
3863	66.2397	66.2536
3864	66.2397	66.3454
3865	66.2397	66.4128
3866	66.2397	66.3063
3867	66.2397	66.2397
3868	66.2397	66.3047
3869	66.2397	66.2822
3870	66.2397	66.3833
3871	66.2397	66.2686
3872	66.2397	66.2709
3873	66.2397	66.3756
3874	66.2397	66.3341
3875	66.2397	66.3578
3876	66.2397	66.2496
3877	66.2397	66.2575
3878	66.2397	66.2963
3879	66.2397	66.3464
3880	66.2397	66.2625
3881	66.2397	66.2666
3882	66.2397	66.2397
3883	66.2397	66.4202
3884	66.2397	66.4834
3885	66.2397	66.3029
3886	66.2397	66.3302
3887	66.2397	66.2718
3888	66.2397	66.2521
3889	66.2397	66.3855
3890	66.2397	66.3427
3891	66.2397	66.37
3892	66.2397	66.2962
3893	66.2397	66.2975
3894	66.2397	66.3483
3895	66.2397	66.2695
3896	66.2397	66.2397
3897	66.2397	66.283
3898	66.2397	66.2712
3899	66.2397	66.2503
3900	66.2397	66.3364
3901	66.2397	66.2508
3902	66.2397	66.2397
3903	66.2397	66.2443
3904	66.2397	66.2397
3905	66.2397	66.2984
3906	66.2397	66.3078
3907	66.2397	66.2649
3908	66.2397	66.2634
3909	66.2397	66.3086
3910	66.2397	66.3776
3911	66.2397	66.3031
3912	66.2397	66.369
3913	66.2397	66.2397
3914	66.2397	66.3253
3915	66.2397	66.3314
3916	66.2397	66.2885
3917	66.2397	66.294
3918	66.2397	66.3385
3919	66.2397	66.3654
3920	66.2397	66.2738
3921	66.2397	66.2397
3922	66.2397	66.2397
3923	66.2397	66.2413
3924	66.2397	66.2419
3925	66.2397	66.5204
3926	66.2397	66.2891
3927	66.2397	66.2801
3928	66.2397	66.3066
3929	66.2397	66.2541
3930	66.2397	66.3334
3931	66.2397	66.3371
3932	66.2397	66.3379
3933	66.2397	66.2569
3934	66.2397	66.2467
3935	66.2397	66.2397
3936	66.2397	66.4035
3937	66.2397	66.2397
3938	66.2397	66.2397
3939	66.2397	66.243
3940	66.2397	66.2397
3941	66.2397	66.2734
3942	66.2397	66.3579
3943	66.2397	66.2685
3944	66.2397	66.3863
3945	66.2397	66.2397
3946	66.2397	66.2397
3947	66.2397	66.2964
3948	66.2397	66.2397
3949	66.2397	66.2819
3950	66.2397	66.274
3951	66.2397	66.4023
3952	66.2397	66.4662
3953	66.2397	66.3688
3954	66.2397	66.5196
3955	66.2397	66.5128
3956	66.2397	66.4777
3957	66.2397	66.3855
3958	66.2397	66.343
3959	66.2397	66.3168
3960	66.2397	66.3284
3961	66.2397	66.3189
3962	66.2397	66.3833
3963	66.2397	66.2514
3964	66.2397	66.3165
3965	66.2397	66.2397
3966	66.2397	66.2397
3967	66.2397	66.2397
3968	66.2397	66.2397
3969	66.2397	66.2452
3970	66.2397	66.2737
3971	66.2397	66.2397
3972	66.2397	66.2825
3973	66.2397	66.2397
3974	66.2397	66.3981
3975	66.2397	66.2857
3976	66.2397	66.3468
3977	66.2397	66.3216
3978	66.2397	66.4219
3979	66.2397	66.3181
3980	66.2397	66.2741
3981	66.2397	66.2397
3982	66.2397	66.2709
3983	66.2397	66.25
3984	66.2397	66.2448
3985	66.2397	66.3115
3986	66.2397	66.243
3987	66.2397	66.2397
3988	66.2397	66.2817
3989	66.2397	66.4158
3990	66.2397	66.3115
3991	66.2397	66.3407
3992	66.2397	66.3145
3993	66.2397	66.2397
3994	66.2397	66.2562
3995	66.2397	66.2397
3996	66.2397	66.2473
3997	66.2397	66.2397
3998	66.2397	66.3024
3999	66.2397	66.2796
