0	423.847	464.855
1	397.849	445.352
2	389.522	423.654
3	380.314	403.722
4	370.541	389.599
5	360.789	379.857
6	357.206	371.088
7	345.999	363.263
8	337.059	356.586
9	330.485	348.087
10	322.082	338.337
11	317.995	331.223
12	312.84	324.877
13	305.543	318.875
14	298.233	313.866
15	293.834	306.942
16	292.487	301.072
17	283.065	296.789
18	275.184	292.403
19	266.468	285.507
20	265.684	277.685
21	258.188	271.806
22	255.802	266.58
23	253.545	261.812
24	250.265	258.18
25	247.096	255.065
26	245.142	251.611
27	242.8	248.205
28	240.502	245.598
29	232.689	243.619
30	225.13	240.981
31	222.98	236.115
32	215.781	230.777
33	210.35	225.837
34	209.565	218.395
35	208.917	213.441
36	205.609	210.757
37	204.836	209.279
38	203.043	206.866
39	202.193	205.163
40	199.183	204.04
41	197.324	202.015
42	196.84	201.106
43	195.471	200.373
44	193.909	199.152
45	192.789	198.83
46	190.261	197.799
47	187.27	194.898
48	185.125	191.951
49	178.747	189.392
50	177.816	185.775
51	159.681	181.162
52	157.697	173.333
53	154.845	165.607
54	154.29	160.923
55	153.955	158.906
56	153.224	157.377
57	150.23	156.601
58	150.047	154.744
59	148.48	152.68
60	146.349	151.132
61	145.335	149.487
62	142.463	147.46
63	141.449	145.908
64	140.246	143.756
65	139.275	142.243
66	137.212	141.18
67	135.706	139.922
68	133.72	138.228
69	132.91	136.676
70	132.723	135.411
71	132.117	134.206
72	130.166	133.345
73	130.166	132.496
74	129.472	131.461
75	129.01	130.773
76	127.222	130.335
77	126.705	130.357
78	125.739	130.281
79	125.222	129.071
80	124.849	126.951
81	124.454	125.782
82	124.382	125.383
83	123.639	124.761
84	120.924	124.395
85	120.136	123.86
86	120.094	122.77
87	119.294	122.305
88	118.458	121.362
89	118.458	120.134
90	118.458	119.462
91	117.745	118.738
92	117.516	118.591
93	117.166	118.203
94	115.909	117.853
95	115.909	117.631
96	113.623	117.152
97	112.861	116.324
98	112.497	115.017
99	112.38	113.766
100	111.666	113.186
101	111.635	112.929
102	111.635	112.138
103	111.084	111.959
104	110.147	111.713
105	109.596	111.179
106	109.123	110.553
107	108.331	110.057
108	106.952	109.231
109	105.687	108.665
110	105.66	108.288
111	105.259	107.633
112	103.564	106.823
113	103.537	105.697
114	103.537	104.851
115	103.084	104.075
116	102.706	103.785
117	102.706	103.341
118	102.534	102.999
119	102.156	102.914
120	102.156	102.71
121	101.77	102.58
122	101.77	102.294
123	101.77	102.348
124	101.144	102.273
125	101.144	102.202
126	101.144	101.797
127	100.885	101.709
128	100.394	101.384
129	100.089	101.294
130	100.089	102.026
131	100.089	102.301
132	99.6033	102.11
133	99.6033	100.763
134	99.4312	100.495
135	99.4312	100.025
136	98.9958	99.9267
137	98.0215	99.8126
138	98.0215	99.7402
139	97.9612	99.4951
140	97.8529	99.089
141	97.1452	98.5229
142	96.5331	98.3769
143	95.7171	98.0622
144	95.5484	97.2582
145	95.1168	96.7456
146	94.7947	96.0274
147	94.1944	95.5347
148	93.8254	94.9297
149	93.2252	94.5016
150	92.6366	94.499
151	90.3453	94.5773
152	90.2874	95.3552
153	89.8132	96.0194
154	89.7336	93.3255
155	89.7336	91.0789
156	89.2015	90.4125
157	89.2015	89.7712
158	89.2015	89.5254
159	88.77	89.3727
160	88.4618	89.1464
161	88.4618	88.9261
162	88.156	88.7403
163	87.7019	88.5791
164	87.7019	88.4261
165	87.7019	88.0612
166	87.1706	87.8092
167	87.1706	87.6715
168	86.7056	87.4704
169	86.4426	87.3164
170	86.4426	87.1473
171	85.8081	86.9021
172	85.2152	86.6212
173	85.1995	86.4793
174	84.7427	85.6772
175	84.7259	85.5362
176	84.7259	85.0981
177	84.7175	84.874
178	84.3887	84.8981
179	84.3803	84.7978
180	84.2362	84.5464
181	84.2278	84.4506
182	83.8898	84.3806
183	83.7288	84.2847
184	83.6479	84.0796
185	83.0814	83.8482
186	82.9474	83.6055
187	82.8665	83.2769
188	82.8665	83.1941
189	82.8665	82.9154
190	82.8665	82.9781
191	82.5798	82.9279
192	82.4286	82.8294
193	81.5773	82.7642
194	81.5773	82.4892
195	81.5773	82.1474
196	81.2907	81.7702
197	81.2907	81.6342
198	81.2333	81.5581
199	81.2333	81.5458
200	80.8518	81.2931
201	80.7945	81.2348
202	80.7945	81.0192
203	80.498	80.9172
204	80.498	80.9926
205	80.498	80.702
206	79.9235	80.5842
207	79.9235	80.4514
208	79.8091	80.2531
209	79.6697	80.2992
210	79.4726	79.9803
211	79.3582	79.8612
212	79.3582	79.6683
213	79.3582	79.5125
214	79.2583	79.507
215	79.1631	79.4264
216	79.0632	79.3144
217	78.8782	79.2414
218	78.8782	79.1431
219	78.8065	79.0349
220	78.8065	78.9382
221	78.5496	78.853
222	78.5496	78.778
223	78.5496	78.8013
224	78.5496	78.6275
225	78.5496	78.57
226	78.5496	78.6693
227	78.0142	78.5907
228	78.0142	78.4778
229	78.0142	78.262
230	77.5726	78.1886
231	77.5726	78.0405
232	77.5726	78.0703
233	77.5726	78.2178
234	77.5726	77.7169
235	76.9111	77.6787
236	75.8148	77.603
237	75.8148	77.0179
238	75.8148	76.4211
239	75.4085	76.0675
240	75.4085	75.8555
241	75.4085	75.6653
242	75.4085	75.4809
243	75.4085	75.487
244	75.4085	75.6099
245	75.4085	75.7615
246	75.4085	75.6364
247	75.4085	75.5517
248	75.4085	75.4282
249	75.4085	75.6514
250	75.4085	75.4771
251	75.4085	75.5761
252	75.2683	75.4461
253	75.2683	75.4485
254	75.2683	75.3384
255	75.2683	75.3539
256	75.2683	75.5662
257	75.2683	75.2905
258	75.2683	75.3055
259	75.2683	75.2683
260	75.0193	75.3038
261	75.0193	75.4421
262	74.9811	75.1307
263	74.772	75.0553
264	74.7338	74.9929
265	74.7338	74.9664
266	74.7338	75.176
267	74.7338	75.041
268	74.7338	74.9317
269	74.7338	74.7817
270	74.7338	74.7622
271	74.7273	74.7511
272	74.7273	74.7328
273	74.1823	74.8142
274	74.1823	74.6698
275	73.5745	74.4818
276	73.5745	74.2342
277	73.5745	73.9192
278	73.5745	73.7289
279	73.5745	73.661
280	73.5745	73.6001
281	73.5745	73.5764
282	73.5745	73.6468
283	73.5745	73.5949
284	73.5745	73.6141
285	73.5745	73.5745
286	73.5745	73.5749
287	73.5745	73.594
288	73.5745	73.5885
289	73.5745	73.651
290	72.9406	73.5815
291	72.9406	73.7198
292	72.9406	73.4869
293	72.8543	73.0989
294	72.8543	73.0157
295	72.8543	72.9159
296	72.8543	72.8907
297	72.8543	72.9309
298	72.8543	72.9204
299	72.8543	72.8556
300	72.6685	72.8693
301	72.6685	72.8232
302	72.6685	72.7741
303	72.5223	72.7978
304	72.5223	72.8832
305	72.5223	72.7657
306	72.5223	72.8245
307	72.5223	72.5278
308	72.5223	72.5223
309	72.5223	72.5379
310	72.5042	72.5575
311	72.5042	72.5227
312	72.5042	72.6522
313	72.5042	72.6085
314	72.5042	72.5298
315	72.5042	72.5145
316	72.5042	72.512
317	72.5042	72.5042
318	72.5042	72.5042
319	72.5042	72.5042
320	72.5042	72.5364
321	72.5042	72.529
322	72.5042	72.7005
323	72.5042	72.552
324	72.5042	72.5042
325	72.5042	72.5064
326	72.4966	72.5153
327	72.4966	72.5795
328	72.4966	72.7389
329	72.4966	72.498
330	72.4966	72.5194
331	72.4966	72.7209
332	72.4966	72.4966
333	72.4966	72.4982
334	72.4966	72.5207
335	72.4966	72.4987
336	72.4966	72.5317
337	72.4966	72.6903
338	71.9903	72.5407
339	71.6895	72.8503
340	71.6895	72.8556
341	71.6895	72.8398
342	70.5383	72.2126
343	70.5383	71.8002
344	70.5383	71.4494
345	70.4356	70.8323
346	70.4356	70.612
347	70.1991	70.4886
348	70.1991	70.4359
349	70.1991	70.3266
350	70.1991	70.2823
351	70.1991	70.4617
352	70.1991	70.3135
353	70.1991	70.2809
354	70.1991	70.3325
355	70.1991	70.2596
356	70.1991	70.2169
357	70.1991	70.3927
358	70.1991	70.2915
359	70.1991	70.1991
360	70.1991	70.1991
361	70.1991	70.327
362	70.1991	70.2885
363	70.1991	70.2681
364	70.1991	70.2065
365	70.1991	70.4731
366	70.1828	70.3125
367	70.1828	70.3382
368	70.1828	70.2247
369	70.1828	70.192
370	70.1828	70.1986
371	70.1828	70.1975
372	70.1828	70.1828
373	70.1828	70.217
374	70.1828	70.1828
375	70.1828	70.1828
376	70.1828	70.1851
377	70.1828	70.5204
378	70.1828	70.1989
379	70.1828	70.1907
380	69.9184	70.1832
381	69.9184	70.1691
382	69.9184	70.0514
383	69.9184	69.9811
384	69.9184	69.9851
385	69.9184	69.9994
386	69.9184	69.9797
387	69.9184	69.932
388	69.9184	69.9184
389	69.9184	69.9184
390	69.9184	69.9184
391	69.9184	69.9184
392	69.9184	70.0357
393	69.9184	69.9347
394	69.9184	69.9184
395	69.9184	70.0203
396	69.9184	69.9192
397	69.9184	69.9184
398	69.9184	69.9184
399	69.9076	69.9428
400	69.9076	69.9785
401	69.9076	69.9129
402	69.9076	69.9095
403	69.9076	69.9145
404	69.9076	69.993
405	69.9076	69.9076
406	69.9076	70.0354
407	69.9076	69.9456
408	69.9076	69.9084
409	69.9076	70.0376
410	69.9076	70.0592
411	69.9076	70.1342
412	69.9076	69.9076
413	69.9076	69.9076
414	69.9076	69.9076
415	69.9076	69.9076
416	69.9076	69.9076
417	69.9076	69.9137
418	69.9076	69.938
419	69.9076	69.9955
420	69.9076	69.9076
421	69.9076	70.0471
422	69.9076	70.0592
423	69.9076	69.9078
424	69.9076	69.9915
425	69.9076	69.9824
426	69.9076	70.042
427	69.9076	70.0294
428	69.9076	69.9409
429	69.9076	69.9786
430	69.9076	69.91
431	69.9076	69.9076
432	69.9076	69.9204
433	69.9076	69.9131
434	69.9076	69.9768
435	69.9076	69.9102
436	69.9076	69.9076
437	69.9076	69.9768
438	69.9076	69.9952
439	69.9076	69.9076
440	69.9076	69.9331
441	69.9076	69.9095
442	69.9076	69.9599
443	69.9076	69.933
444	69.9076	69.9821
445	69.9076	69.9076
446	69.9076	69.955
447	69.9076	69.9451
448	69.9076	70.0124
449	69.9076	69.9345
450	69.9076	69.9314
451	68.5826	69.8842
452	68.3064	69.3237
453	68.0279	69.0161
454	68.0081	68.8119
455	68.0081	68.3634
456	68.0081	68.1471
457	68.0081	68.0425
458	68.0081	68.0087
459	68.0081	68.0083
460	68.0081	68.0571
461	68.0081	68.0082
462	68.0081	68.0081
463	68.0081	68.014
464	68.0081	68.0426
465	68.0081	68.0081
466	68.0081	68.0081
467	68.0081	68.0219
468	68.0081	68.0394
469	68.0081	68.0756
470	68.0081	68.0422
471	68.0081	68.0501
472	68.0081	68.065
473	68.0081	68.2723
474	68.0081	68.0248
475	68.0081	68.215
476	68.0081	68.203
477	68.0081	68.0081
478	68.0081	68.0232
479	68.0081	68.0081
480	68.0081	68.0087
481	68.0081	68.0087
482	68.0081	68.0098
483	68.0081	68.0081
484	68.0081	68.2058
485	68.0081	68.1079
486	68.0081	68.0138
487	68.0081	68.0635
488	68.0081	68.0081
489	68.0081	68.0344
490	68.0081	68.0229
491	68.0081	68.1345
492	68.0081	68.0844
493	68.0081	68.1647
494	68.0081	68.0434
495	68.0081	68.1414
496	68.0081	68.1685
497	68.0081	68.0081
498	68.0081	68.0823
499	68.0081	68.0093
500	68.0081	68.0081
501	68.0081	68.0116
502	68.0081	68.0312
503	68.0081	68.1586
504	68.0081	68.2906
505	68.0081	68.0092
506	68.0081	68.1156
507	68.0081	68.172
508	68.0081	68.0104
509	68.0081	68.0198
510	68.0081	68.1618
511	68.0081	68.1003
512	68.0081	68.1222
513	68.0081	68.0794
514	68.0081	68.0936
515	68.0081	68.0081
516	68.0081	68.0481
517	68.0081	68.2305
518	68.0081	68.0395
519	68.0081	68.1083
520	68.0081	68.0099
521	68.0081	68.1119
522	68.0081	68.0921
523	68.0081	68.1705
524	68.0081	68.0261
525	68.0081	68.0305
526	68.0081	68.0817
527	68.0081	68.0081
528	68.0081	68.0081
529	68.0081	68.2109
530	68.0081	68.3486
531	68.0081	68.0227
532	68.0081	68.0081
533	68.0081	68.1066
534	68.0081	68.0081
535	68.0081	68.1952
536	68.0081	68.0081
537	68.0081	68.0455
538	68.0081	68.0153
539	68.0081	68.0316
540	68.0081	68.0708
541	68.0081	68.018
542	68.0081	68.0687
543	68.0081	68.0615
544	68.0081	68.0099
545	68.0081	68.0081
546	68.0081	68.0466
547	68.0081	68.4175
548	68.0081	68.1163
549	68.0081	68.1522
550	68.0081	68.1286
551	67.9603	68.0021
552	67.9603	67.9842
553	67.9603	67.9899
554	67.9603	68.0434
555	67.9603	68.1533
556	67.9603	68.0772
557	67.9603	67.9703
558	67.9603	67.9603
559	67.9603	68.0305
560	67.9603	68.014
561	67.9603	67.9872
562	67.9603	67.9603
563	67.9603	67.999
564	67.9603	67.9603
565	67.9603	67.9603
566	67.9603	67.9603
567	67.9603	67.9603
568	67.9603	67.974
569	67.9603	67.9669
570	67.9603	68.0243
571	67.9603	68.1494
572	67.9603	68.1314
573	67.9603	68.0444
574	67.9603	68.1277
575	67.9603	67.9633
576	67.9603	67.988
577	67.9603	68.032
578	67.9603	68.0264
579	67.9112	68.0437
580	67.9112	67.9935
581	67.9112	68.0177
582	67.9112	68.0199
583	67.9112	67.969
584	67.9112	67.9716
585	67.9112	67.9666
586	67.9112	67.9304
587	67.9112	67.9446
588	67.9112	67.9479
589	67.9112	68.012
590	67.9112	67.9572
591	67.9112	67.9538
592	67.9112	67.9991
593	67.9112	68.0611
594	67.9112	67.9848
595	67.9112	67.9428
596	67.9112	67.9131
597	67.9112	67.9134
598	67.9112	67.9112
599	67.9112	67.9112
600	67.9112	67.9729
601	67.9112	67.9722
602	67.9112	67.9352
603	67.9112	67.9925
604	67.9112	67.9148
605	67.9112	67.9112
606	67.9112	67.9458
607	67.9112	67.9112
608	67.9112	67.9163
609	67.9112	67.9112
610	67.9112	67.9112
611	67.9112	67.9139
612	67.9112	67.9536
613	67.9112	67.9288
614	67.9112	67.9538
615	67.9112	68.0232
616	67.9112	67.9112
617	67.9112	67.9112
618	67.9112	67.9212
619	67.9112	68.0303
620	67.9112	68.0413
621	67.9112	68.2574
622	67.9112	68.1243
623	67.9112	67.9154
624	67.9112	67.9507
625	67.9112	68.1274
626	67.9112	68.0058
627	67.9112	67.9205
628	67.9112	67.9479
629	67.9112	67.9544
630	67.9112	67.9228
631	67.9112	68.0648
632	67.9112	67.9439
633	67.9112	68.0312
634	67.9112	68.1206
635	67.9112	68.1836
636	67.9112	68.0047
637	67.9112	67.9898
638	67.9112	67.9769
639	67.9112	67.9272
640	67.9112	67.9913
641	67.9112	67.9236
642	67.9112	67.9484
643	67.9112	68.0867
644	67.9112	68.2239
645	67.9112	67.9483
646	67.9112	67.9814
647	67.9112	68.1355
648	67.9112	67.9481
649	67.9112	67.9369
650	67.9112	67.954
651	67.6017	67.9949
652	67.5526	67.8321
653	67.5526	67.683
654	67.5526	67.6997
655	67.5526	67.6454
656	67.5526	67.6672
657	67.5526	67.6254
658	67.5526	67.6333
659	67.5526	67.7097
660	67.5526	67.771
661	67.5526	67.7618
662	67.5526	67.6011
663	67.5526	67.6434
664	67.5526	67.5532
665	67.5526	67.5531
666	67.5526	67.5526
667	67.5526	67.5526
668	67.5526	67.5559
669	67.5526	67.5636
670	67.5526	67.5827
671	67.5526	67.7457
672	67.5526	67.6295
673	67.5526	67.5526
674	67.5526	67.5533
675	67.5526	67.5526
676	67.5526	67.5537
677	67.5526	67.5526
678	67.5526	67.6111
679	67.5526	67.5597
680	67.5526	67.575
681	67.5526	67.5526
682	67.5526	67.5693
683	67.5526	67.6917
684	67.5526	67.56
685	67.5526	67.688
686	67.5526	67.7616
687	67.5526	67.8006
688	67.5526	67.6509
689	67.5526	67.6019
690	67.5526	67.5752
691	67.5526	67.6913
692	67.5526	67.6217
693	67.5526	67.5863
694	67.5526	67.5606
695	67.5526	67.5676
696	67.5526	67.5862
697	67.5526	67.6417
698	67.5526	67.6452
699	67.5526	67.5788
700	67.5526	67.5662
701	66.9789	67.5008
702	66.9789	67.453
703	66.9789	67.2615
704	66.9789	67.0401
705	66.9789	67.0281
706	66.9789	66.997
707	66.9789	67.0563
708	66.9789	66.9789
709	66.9789	66.9789
710	66.9789	66.9821
711	66.9789	66.9789
712	66.9789	67.0126
713	66.9789	66.9789
714	66.9789	66.9789
715	66.9789	66.9789
716	66.9789	66.9789
717	66.9789	66.9789
718	66.9789	67.0226
719	66.9789	67.2011
720	66.9789	67.1589
721	66.9789	67.0775
722	66.9789	67.0293
723	66.9789	67.13
724	66.9789	67.1225
725	66.9789	67.1806
726	66.9789	67.1894
727	66.9789	67.2751
728	66.9789	67.1331
729	66.9789	67.0836
730	66.9789	67.0033
731	66.9789	66.9789
732	66.9789	66.9789
733	66.9789	66.9789
734	66.9789	66.9923
735	66.9789	67.0833
736	66.9789	67.1828
737	66.9789	67.1378
738	66.9789	67.0531
739	66.9789	66.9789
740	66.9789	66.9951
741	66.9789	67.0116
742	66.9789	67.0184
743	66.9789	66.9789
744	66.9789	67.0305
745	66.9789	66.9867
746	66.9789	67.0192
747	66.9789	67.0498
748	66.9789	67.0302
749	66.9789	67.1588
750	66.9789	67.0612
751	66.9789	66.9999
752	66.9789	66.9825
753	66.9789	66.9789
754	66.9789	66.9809
755	66.9789	67.0261
756	66.9789	67.1067
757	66.9789	67.045
758	66.9789	66.9938
759	66.9789	66.9913
760	66.9789	66.983
761	66.9789	67.0107
762	66.9789	66.9994
763	66.9789	66.9826
764	66.9789	67.0367
765	66.9789	67.0301
766	66.9789	67.0929
767	66.9789	66.9906
768	66.9789	66.979
769	66.9789	66.9789
770	66.9789	67.0248
771	66.9789	67.308
772	66.9789	67.15
773	66.9789	67.1673
774	66.9789	67.1229
775	66.9789	66.9802
776	66.9789	66.9789
777	66.9789	66.9789
778	66.9789	67.0522
779	66.9789	67.1579
780	66.9789	67.0716
781	66.9789	66.979
782	66.9789	66.9789
783	66.9789	66.984
784	66.9789	67.0184
785	66.9789	67.0811
786	66.9789	67.1752
787	66.9789	66.9876
788	66.9789	66.9789
789	66.9789	66.9789
790	66.9789	66.9789
791	66.9789	66.9789
792	66.9789	66.982
793	66.9789	67.0965
794	66.9789	67.2371
795	66.9789	67.2187
796	66.9789	66.9789
797	66.9789	66.9829
798	66.9789	66.9942
799	66.9789	67.0226
800	66.9789	66.9847
801	66.9789	67.1806
802	66.9789	67.031
803	66.9789	67.0365
804	66.9789	67.0015
805	66.9789	67.1275
806	66.9789	67.1508
807	66.9789	66.9789
808	66.9789	66.9812
809	66.9789	66.9789
810	66.9789	66.9856
811	66.9789	66.9801
812	66.9789	66.9789
813	66.9789	66.9789
814	66.9789	67.011
815	66.9789	67.0277
816	66.9789	66.9918
817	66.9789	66.9981
818	66.9789	66.9789
819	66.9789	67.0137
820	66.9789	66.9789
821	66.9789	67.0064
822	66.9789	67.0599
823	66.9789	67.041
824	66.9789	67.0096
825	66.9789	67.232
826	66.9789	67.0231
827	66.9789	67.0993
828	66.9789	67.0983
829	66.9789	67.0866
830	66.9789	66.9803
831	66.9789	66.9837
832	66.9789	67.1175
833	66.9789	66.993
834	66.9789	67.0574
835	66.9789	67.262
836	66.9789	67.0109
837	66.9789	66.9858
838	66.9789	67.0087
839	66.9789	67.0525
840	66.9789	67.1106
841	66.9789	66.9789
842	66.9789	66.9789
843	66.9789	66.979
844	66.9789	66.9789
845	66.9789	66.9789
846	66.9789	67.0568
847	66.9789	67.0422
848	66.9789	67.0421
849	66.9789	67.0297
850	66.9789	67.0057
851	66.8114	66.9982
852	66.8114	67.2913
853	66.8114	67.3015
854	66.8114	67.2597
855	66.8114	66.8722
856	66.8114	67.0141
857	66.8114	66.9668
858	66.8114	66.8497
859	66.8114	66.813
860	66.8114	66.8265
861	66.8114	66.9454
862	66.8114	66.8777
863	66.8114	66.9002
864	66.8114	67.1293
865	66.8114	67.2331
866	66.8114	66.916
867	66.8114	66.8867
868	66.8114	66.8394
869	66.8114	66.8299
870	66.8114	66.8136
871	66.8114	66.875
872	66.8114	66.8114
873	66.8114	66.9626
874	66.8114	66.8687
875	66.8114	66.8671
876	66.8114	66.8649
877	66.8114	66.8928
878	66.8114	66.8114
879	66.8114	66.8219
880	66.8114	66.8412
881	66.8114	66.8973
882	66.8114	66.8329
883	66.8114	66.8349
884	66.8114	66.8508
885	66.8114	66.82
886	66.8114	66.8114
887	66.8114	66.8114
888	66.8114	66.8988
889	66.8114	66.8456
890	66.8114	66.9221
891	66.8114	66.8498
892	66.8114	66.872
893	66.8114	66.8257
894	66.8114	66.97
895	66.8114	66.9023
896	66.8114	66.9548
897	66.8114	66.8327
898	66.8114	66.8548
899	66.8114	66.8383
900	66.8114	66.8514
901	66.4915	66.9947
902	66.4915	66.7502
903	66.4915	66.7095
904	66.4915	66.6973
905	66.4915	66.5401
906	66.4915	66.566
907	66.4915	66.4916
908	66.4915	66.5587
909	66.4915	66.557
910	66.4915	66.4915
911	66.4915	66.6249
912	66.4915	66.6394
913	66.4915	66.9898
914	66.4915	66.8199
915	66.4915	66.6065
916	66.4915	66.6031
917	66.4915	66.5123
918	66.4915	66.4915
919	66.4915	66.4931
920	66.4915	66.5468
921	66.4915	66.4941
922	66.4915	66.5211
923	66.4915	66.7315
924	66.4915	66.6387
925	66.4915	66.7054
926	66.4915	66.6241
927	66.4915	66.5653
928	66.4915	66.5225
929	66.4915	66.5613
930	66.4915	66.5444
931	66.4915	66.5283
932	66.4915	66.4915
933	66.4915	66.4915
934	66.4915	66.6245
935	66.4915	66.6118
936	66.4915	66.5282
937	66.4915	66.5189
938	66.4915	66.4915
939	66.4915	66.4915
940	66.4915	66.4941
941	66.4915	66.552
942	66.4915	66.4925
943	66.4915	66.4915
944	66.4915	66.4915
945	66.4915	66.4915
946	66.4915	66.6444
947	66.4915	66.5971
948	66.4915	66.544
949	66.4915	66.4915
950	66.4915	66.5048
951	66.4915	66.5489
952	66.4915	66.4915
953	66.4915	66.4915
954	66.4915	66.4915
955	66.4915	66.4953
956	66.4915	66.4971
957	66.4915	66.6032
958	66.4915	66.4999
959	66.4915	66.4915
960	66.4915	66.5039
961	66.4915	66.4923
962	66.4915	66.5424
963	66.4915	66.5192
964	66.4915	66.556
965	66.4915	66.4915
966	66.4915	66.6359
967	66.4915	66.5972
968	66.4915	66.7389
969	66.4915	66.5029
970	66.4915	66.7172
971	66.4915	66.6483
972	66.4915	66.552
973	66.4915	66.7647
974	66.4915	66.7047
975	66.4915	66.5024
976	66.4915	66.5515
977	66.4915	66.4933
978	66.4915	66.7322
979	66.4915	66.5102
980	66.4915	66.7555
981	66.4915	66.6265
982	66.4915	66.5163
983	66.4915	66.5911
984	66.4915	66.6406
985	66.4915	66.4915
986	66.4915	66.5633
987	66.4915	66.5747
988	66.4915	66.5435
989	66.4915	66.6029
990	66.4915	66.4915
991	66.4915	66.5192
992	66.4915	66.4915
993	66.4915	66.5666
994	66.4915	66.5041
995	66.4915	66.5261
996	66.4915	66.5046
997	66.4915	66.4915
998	66.4915	66.5999
999	66.4915	66.4915
1000	66.4915	66.4915
1001	66.4915	66.4915
1002	66.4915	66.4915
1003	66.4915	66.4915
1004	66.4915	66.4915
1005	66.4915	66.4915
1006	66.4915	66.5244
1007	66.4915	66.5055
1008	66.4915	66.7024
1009	66.4915	66.5177
1010	66.4915	66.4915
1011	66.4915	66.4915
1012	66.4915	66.5033
1013	66.4915	66.5415
1014	66.4915	66.4915
1015	66.4915	66.4915
1016	66.4915	66.5491
1017	66.4915	66.7321
1018	66.4915	66.5016
1019	66.4915	66.5845
1020	66.4915	66.5464
1021	66.4915	66.5136
1022	66.4915	66.5502
1023	66.4915	66.5178
1024	66.4915	66.5343
1025	66.4915	66.7801
1026	66.4915	67.0128
1027	66.4915	66.6674
1028	66.4915	66.7232
1029	66.4915	66.4915
1030	66.4915	66.4915
1031	66.4915	66.6579
1032	66.4915	66.5657
1033	66.4915	66.4915
1034	66.4915	66.5567
1035	66.4915	66.5092
1036	66.4915	66.4915
1037	66.4915	66.6331
1038	66.4915	66.645
1039	66.4915	66.4915
1040	66.4915	66.4915
1041	66.4915	66.4915
1042	66.4915	66.4915
1043	66.4915	66.5438
1044	66.4915	66.4915
1045	66.4915	66.579
1046	66.4915	66.541
1047	66.4915	66.6182
1048	66.4915	66.5542
1049	66.4915	66.5281
1050	66.4915	66.4915
1051	66.4915	66.537
1052	66.4915	66.4915
1053	66.4915	66.495
1054	66.4915	66.5063
1055	66.4915	66.4915
1056	66.4915	66.5262
1057	66.4915	66.5071
1058	66.4915	66.5898
1059	66.4915	66.8854
1060	66.4915	66.5904
1061	66.4915	66.4969
1062	66.4915	66.4915
1063	66.4915	66.5958
1064	66.4915	66.6179
1065	66.4915	66.5179
1066	66.4915	66.4932
1067	66.4915	66.4938
1068	66.4915	66.4951
1069	66.4915	66.4991
1070	66.4915	66.7373
1071	66.4915	66.6496
1072	66.4915	66.6241
1073	66.4915	66.5669
1074	66.4915	66.5001
1075	66.4915	66.5236
1076	66.4915	66.5419
1077	66.4915	66.5414
1078	66.4915	66.5039
1079	66.4915	66.8104
1080	66.4915	66.747
1081	66.4915	66.5025
1082	66.4915	66.5357
1083	66.4915	66.5018
1084	66.4915	66.6299
1085	66.4915	66.7125
1086	66.4915	66.5151
1087	66.4915	66.6112
1088	66.4915	66.4915
1089	66.4915	66.55
1090	66.4915	66.5044
1091	66.4915	66.4915
1092	66.4915	66.5279
1093	66.4915	66.4916
1094	66.4915	66.6074
1095	66.4915	66.6035
1096	66.4915	66.533
1097	66.4915	66.4915
1098	66.4915	66.4915
1099	66.4915	66.5062
1100	66.4915	66.4915
1101	66.4915	66.709
1102	66.4915	66.5753
1103	66.4915	66.5152
1104	66.4915	66.4915
1105	66.4915	66.4915
1106	66.4915	66.4948
1107	66.4915	66.5658
1108	66.4915	66.7992
1109	66.4915	66.9281
1110	66.4915	66.832
1111	66.4915	66.6938
1112	66.4915	66.5221
1113	66.4915	66.4956
1114	66.4915	66.605
1115	66.4915	66.5967
1116	66.4915	66.5776
1117	66.4915	66.6592
1118	66.4915	66.8023
1119	66.4915	66.5153
1120	66.4915	66.4992
1121	66.4915	66.572
1122	66.4915	66.4915
1123	66.4915	66.4915
1124	66.4915	66.5165
1125	66.4915	66.4947
1126	66.4915	66.5038
1127	66.4915	66.5176
1128	66.4915	66.565
1129	66.4915	66.595
1130	66.4915	66.4915
1131	66.4915	66.4915
1132	66.4915	66.5612
1133	66.4915	66.5183
1134	66.4915	66.755
1135	66.4915	66.7826
1136	66.4915	66.509
1137	66.4915	66.4915
1138	66.4915	66.4928
1139	66.4915	66.5044
1140	66.4915	66.4921
1141	66.4915	66.4915
1142	66.4915	66.4954
1143	66.4915	66.6124
1144	66.4915	66.6055
1145	66.4915	66.5211
1146	66.4915	66.5269
1147	66.4915	66.5584
1148	66.4915	66.4915
1149	66.4915	66.5057
1150	66.4915	66.4915
1151	66.4915	66.4915
1152	66.4915	66.514
1153	66.4915	66.4925
1154	66.4915	66.5126
1155	66.4915	66.4915
1156	66.4915	66.4915
1157	66.4915	66.5278
1158	66.4915	66.5091
1159	66.4915	66.4934
1160	66.4915	66.5014
1161	66.4915	66.5549
1162	66.4915	66.5396
1163	66.4915	66.5156
1164	66.4915	66.6166
1165	66.4915	66.6455
1166	66.4915	66.5388
1167	66.4915	66.523
1168	66.4915	66.6224
1169	66.4915	66.6697
1170	66.4915	66.5897
1171	66.4915	66.5807
1172	66.4915	66.5162
1173	66.4915	66.4915
1174	66.4915	66.4915
1175	66.4915	66.4915
1176	66.4915	66.4915
1177	66.4915	66.5142
1178	66.4915	66.5073
1179	66.4915	66.5398
1180	66.4915	66.4947
1181	66.4915	66.5127
1182	66.4915	66.5739
1183	66.4915	66.551
1184	66.4915	66.4915
1185	66.4915	66.4915
1186	66.4915	66.513
1187	66.4915	66.4915
1188	66.4915	66.4915
1189	66.4915	66.4915
1190	66.4915	66.5599
1191	66.4915	66.5031
1192	66.4915	66.5519
1193	66.4915	66.6688
1194	66.4915	66.5285
1195	66.4915	66.6576
1196	66.4915	66.4915
1197	66.4915	66.5087
1198	66.4915	66.4915
1199	66.4915	66.4915
1200	66.4915	66.4915
1201	66.4915	66.4915
1202	66.4915	66.4915
1203	66.4915	66.4915
1204	66.4915	66.4937
1205	66.4915	66.4943
1206	66.4915	66.5298
1207	66.4915	66.5581
1208	66.4915	66.5927
1209	66.4915	66.5427
1210	66.4915	66.5028
1211	66.4915	66.4915
1212	66.4915	66.4915
1213	66.4915	66.4915
1214	66.4915	66.4915
1215	66.4915	66.5283
1216	66.4915	66.4958
1217	66.4915	66.4915
1218	66.4915	66.6828
1219	66.4915	66.4915
1220	66.4915	66.6043
1221	66.4915	66.622
1222	66.4915	66.4915
1223	66.4915	66.5927
1224	66.4915	66.5763
1225	66.4915	66.5076
1226	66.4915	66.4915
1227	66.4915	66.4915
1228	66.4915	66.4915
1229	66.4915	66.4915
1230	66.4915	66.5398
1231	66.4915	66.5714
1232	66.4915	66.5384
1233	66.4915	66.4915
1234	66.4915	66.4915
1235	66.4915	66.7541
1236	66.4915	66.4915
1237	66.4915	66.5015
1238	66.4915	66.7353
1239	66.4915	66.6875
1240	66.4915	66.928
1241	66.4915	66.8844
1242	66.4915	66.5746
1243	66.4915	66.5591
1244	66.4915	66.7366
1245	66.4915	66.602
1246	66.4915	66.517
1247	66.4915	66.5335
1248	66.4915	66.5071
1249	66.4915	66.5444
1250	66.4915	66.6233
1251	66.4915	66.5751
1252	66.4915	66.4915
1253	66.4915	66.4915
1254	66.4915	66.5512
1255	66.4915	66.7122
1256	66.4915	66.7141
1257	66.4915	66.6308
1258	66.4915	66.5008
1259	66.4915	66.6285
1260	66.4915	66.4993
1261	66.4915	66.4915
1262	66.4915	66.4915
1263	66.4915	66.5114
1264	66.4915	66.5277
1265	66.4915	66.5361
1266	66.4915	66.5079
1267	66.4915	66.4915
1268	66.4915	66.4915
1269	66.4915	66.502
1270	66.4915	66.5873
1271	66.4915	66.5
1272	66.4915	66.5057
1273	66.4915	66.5069
1274	66.4915	66.5324
1275	66.4915	66.5799
1276	66.4915	66.5573
1277	66.4915	66.4915
1278	66.4915	66.4915
1279	66.4915	66.4915
1280	66.4915	66.5062
1281	66.4915	66.536
1282	66.4915	66.5567
1283	66.4915	66.583
1284	66.4915	66.5268
1285	66.4915	66.5464
1286	66.4915	66.5039
1287	66.4915	66.7771
1288	66.4915	66.5555
1289	66.4915	66.534
1290	66.4915	66.5051
1291	66.4915	66.6685
1292	66.4915	66.6017
1293	66.4915	66.5293
1294	66.4915	66.4915
1295	66.4915	66.4954
1296	66.4915	66.4915
1297	66.4915	66.4991
1298	66.4915	66.4915
1299	66.4915	66.6712
1300	66.4915	66.5088
1301	66.4915	66.6129
1302	66.4915	66.5688
1303	66.4915	66.5315
1304	66.4915	66.5395
1305	66.4915	66.5844
1306	66.4915	66.6521
1307	66.4915	66.5251
1308	66.4915	66.697
1309	66.4915	66.5491
1310	66.4915	66.5322
1311	66.4915	66.4915
1312	66.4915	66.4925
1313	66.4915	66.5975
1314	66.4915	66.5188
1315	66.4915	66.4915
1316	66.4915	66.4915
1317	66.4915	66.4915
1318	66.4915	66.4915
1319	66.4915	66.5219
1320	66.4915	66.6086
1321	66.4915	66.6047
1322	66.4915	66.504
1323	66.4915	66.5863
1324	66.4915	66.5648
1325	66.4915	66.5866
1326	66.4915	66.5786
1327	66.4915	66.5049
1328	66.4915	66.5503
1329	66.4915	66.5263
1330	66.4915	66.5029
1331	66.4915	66.524
1332	66.4915	66.5183
1333	66.4915	66.6225
1334	66.4915	66.5239
1335	66.4915	66.5055
1336	66.4915	66.4958
1337	66.4915	66.5184
1338	66.4915	66.5415
1339	66.4915	66.6215
1340	66.4915	66.5188
1341	66.4915	66.5329
1342	66.4915	66.5183
1343	66.4915	66.4915
1344	66.4915	66.4915
1345	66.4915	66.4948
1346	66.4915	66.724
1347	66.4915	66.4962
1348	66.4915	66.5429
1349	66.4915	66.7274
1350	66.4915	66.6719
1351	66.4915	66.5161
1352	66.4915	66.4915
1353	66.4915	66.5563
1354	66.4915	66.5224
1355	66.4915	66.4915
1356	66.4915	66.524
1357	66.4915	66.5731
1358	66.4915	66.4915
1359	66.4915	66.5518
1360	66.4915	66.4915
1361	66.4915	66.5488
1362	66.4915	66.4931
1363	66.4915	66.5111
1364	66.4915	66.5341
1365	66.4915	66.7127
1366	66.4915	66.5923
1367	66.4915	66.5373
1368	66.4915	66.5204
1369	66.4915	66.5386
1370	66.4915	66.5017
1371	66.4915	66.6273
1372	66.4915	66.6083
1373	66.4915	66.5888
1374	66.4915	66.4927
1375	66.4915	66.4915
1376	66.4915	66.4915
1377	66.4915	66.5462
1378	66.4915	66.643
1379	66.4915	66.6318
1380	66.4915	66.4915
1381	66.4915	66.4915
1382	66.4915	66.5002
1383	66.4915	66.4915
1384	66.4915	66.5704
1385	66.4915	66.5769
1386	66.4915	66.5631
1387	66.4915	66.6394
1388	66.4915	66.5294
1389	66.4915	66.4944
1390	66.4915	66.4915
1391	66.4915	66.4915
1392	66.4915	66.5024
1393	66.4915	66.4915
1394	66.4915	66.5034
1395	66.4915	66.5787
1396	66.4915	66.4915
1397	66.4915	66.4915
1398	66.4915	66.5241
1399	66.4915	66.4915
1400	66.4915	66.4915
1401	66.4915	66.4915
1402	66.4915	66.6647
1403	66.4915	66.8864
1404	66.4915	66.7252
1405	66.4915	66.6262
1406	66.4915	66.5378
1407	66.4915	66.4949
1408	66.4915	66.4915
1409	66.4915	66.5518
1410	66.4915	66.8921
1411	66.4915	66.561
1412	66.4915	66.6378
1413	66.4915	66.5078
1414	66.4915	66.4915
1415	66.4915	66.4915
1416	66.4915	66.5561
1417	66.4915	66.4915
1418	66.4915	66.5201
1419	66.4915	66.4915
1420	66.4915	66.5984
1421	66.4915	66.4915
1422	66.4915	66.496
1423	66.4915	66.4959
1424	66.4915	66.4915
1425	66.4915	66.4935
1426	66.4915	66.4946
1427	66.4915	66.4915
1428	66.4915	66.4915
1429	66.4915	66.4969
1430	66.4915	66.5004
1431	66.4915	66.5654
1432	66.4915	66.6641
1433	66.4915	66.631
1434	66.4915	66.4915
1435	66.4915	66.4915
1436	66.4915	66.572
1437	66.4915	66.5018
1438	66.4915	66.5063
1439	66.4915	66.573
1440	66.4915	66.5912
1441	66.4915	66.6188
1442	66.4915	66.52
1443	66.4915	66.5405
1444	66.4915	66.4915
1445	66.4915	66.4998
1446	66.4915	66.4915
1447	66.4915	66.4915
1448	66.4915	66.5547
1449	66.4915	66.5411
1450	66.4915	66.5043
1451	66.4621	66.487
1452	66.4621	66.4847
1453	66.4621	66.5663
1454	66.4621	66.5089
1455	66.4621	66.4718
1456	66.4621	66.4629
1457	66.4621	66.4796
1458	66.4621	66.5101
1459	66.4621	66.505
1460	66.4621	66.4623
1461	66.4621	66.4765
1462	66.4621	66.4686
1463	66.4621	66.4621
1464	66.4621	66.5668
1465	66.4621	66.4746
1466	66.4621	66.6269
1467	66.4621	66.6945
1468	66.4621	66.5073
1469	66.4621	66.5006
1470	66.4621	66.4621
1471	66.4621	66.469
1472	66.4621	66.5061
1473	66.4621	66.4621
1474	66.4621	66.5057
1475	66.4621	66.5007
1476	66.4621	66.5337
1477	66.4621	66.5134
1478	66.4621	66.6315
1479	66.4621	66.471
1480	66.4621	66.4677
1481	66.4621	66.5662
1482	66.4621	66.6505
1483	66.4621	66.5694
1484	66.4621	66.5252
1485	66.4621	66.4741
1486	66.4621	66.4676
1487	66.4621	66.4927
1488	66.4621	66.5082
1489	66.4621	66.4621
1490	66.4621	66.6009
1491	66.4621	66.5811
1492	66.4621	66.4621
1493	66.4621	66.4621
1494	66.4621	66.4621
1495	66.4621	66.4744
1496	66.4621	66.7097
1497	66.4621	66.4837
1498	66.4621	66.4638
1499	66.4621	66.4621
1500	66.4621	66.4809
1501	66.4621	66.4706
1502	66.4621	66.4624
1503	66.4621	66.6731
1504	66.4621	66.5209
1505	66.4621	66.572
1506	66.4621	66.4621
1507	66.4621	66.4621
1508	66.4621	66.4761
1509	66.4621	66.4749
1510	66.4621	66.4621
1511	66.4621	66.4649
1512	66.4621	66.4621
1513	66.4621	66.4653
1514	66.4621	66.4808
1515	66.4621	66.465
1516	66.4621	66.4621
1517	66.4621	66.5151
1518	66.4621	66.4621
1519	66.4621	66.4751
1520	66.4621	66.5166
1521	66.4621	66.4777
1522	66.4621	66.5072
1523	66.4621	66.5612
1524	66.4621	66.5338
1525	66.4621	66.4716
1526	66.4621	66.5092
1527	66.4621	66.4621
1528	66.4621	66.4621
1529	66.4621	66.4621
1530	66.4621	66.4621
1531	66.4621	66.4621
1532	66.4621	66.5098
1533	66.4621	66.4621
1534	66.4621	66.5259
1535	66.4621	66.5325
1536	66.4621	66.486
1537	66.4621	66.5493
1538	66.4621	66.482
1539	66.4621	66.4705
1540	66.4621	66.4867
1541	66.4621	66.4929
1542	66.4621	66.5779
1543	66.4621	66.4621
1544	66.4621	66.4738
1545	66.4621	66.5902
1546	66.4621	66.4691
1547	66.4621	66.53
1548	66.4621	66.594
1549	66.4621	66.5384
1550	66.4621	66.6151
1551	66.4621	66.7461
1552	66.4621	66.5527
1553	66.4621	66.6403
1554	66.4621	66.5325
1555	66.4621	66.4621
1556	66.4621	66.4809
1557	66.4621	66.7948
1558	66.4621	66.5858
1559	66.4621	66.4922
1560	66.4621	66.4759
1561	66.4621	66.4621
1562	66.4621	66.4621
1563	66.4621	66.4621
1564	66.4621	66.4621
1565	66.4621	66.4717
1566	66.4621	66.4621
1567	66.4621	66.4655
1568	66.4621	66.4797
1569	66.4621	66.5612
1570	66.4621	66.5298
1571	66.4621	66.5026
1572	66.4621	66.4621
1573	66.4621	66.6501
1574	66.4621	66.4647
1575	66.4621	66.4621
1576	66.4621	66.4789
1577	66.4621	66.6477
1578	66.4621	66.4621
1579	66.4621	66.5685
1580	66.4621	66.6261
1581	66.4621	66.6238
1582	66.4621	66.6517
1583	66.4621	66.6455
1584	66.4621	66.4723
1585	66.4621	66.5655
1586	66.4621	66.6774
1587	66.4621	66.6787
1588	66.4621	66.6262
1589	66.4621	66.5543
1590	66.4621	66.5203
1591	66.4621	66.527
1592	66.4621	66.4818
1593	66.4621	66.5132
1594	66.4621	66.4621
1595	66.4621	66.4621
1596	66.4621	66.4621
1597	66.4621	66.4621
1598	66.4621	66.4621
1599	66.4621	66.4621
1600	66.4621	66.465
1601	66.4621	66.5513
1602	66.4621	66.5527
1603	66.4621	66.742
1604	66.4621	66.7282
1605	66.4621	66.6874
1606	66.4621	66.6448
1607	66.4621	66.5092
1608	66.4621	66.6687
1609	66.4621	66.5063
1610	66.4621	66.4621
1611	66.4621	66.4806
1612	66.4621	66.5982
1613	66.4621	66.5101
1614	66.4621	66.5431
1615	66.4621	66.6052
1616	66.4621	66.4761
1617	66.4621	66.4722
1618	66.4621	66.4621
1619	66.4621	66.4621
1620	66.4621	66.4976
1621	66.4621	66.5074
1622	66.4621	66.4708
1623	66.4621	66.4714
1624	66.4621	66.4676
1625	66.4621	66.6606
1626	66.4621	66.5273
1627	66.4621	66.5804
1628	66.4621	66.6152
1629	66.4621	66.6362
1630	66.4621	66.4846
1631	66.4621	66.6156
1632	66.4621	66.6075
1633	66.4621	66.5939
1634	66.4621	66.6549
1635	66.4621	66.6311
1636	66.4621	66.4621
1637	66.4621	66.5097
1638	66.4621	66.673
1639	66.4621	66.6339
1640	66.4621	66.5455
1641	66.4621	66.5558
1642	66.4621	66.5638
1643	66.4621	66.7359
1644	66.4621	66.5983
1645	66.4621	66.4819
1646	66.4621	66.5635
1647	66.4621	66.5975
1648	66.4621	66.5666
1649	66.4621	66.4706
1650	66.4621	66.4621
1651	66.4621	66.4621
1652	66.4621	66.6123
1653	66.4621	66.7344
1654	66.4621	66.6333
1655	66.4621	66.626
1656	66.4621	66.8126
1657	66.4621	66.8069
1658	66.4621	66.7514
1659	66.4621	66.4838
1660	66.4621	66.4859
1661	66.4621	66.4908
1662	66.4621	66.5781
1663	66.4621	66.5292
1664	66.4621	66.4938
1665	66.4621	66.4777
1666	66.4621	66.5939
1667	66.4621	66.5223
1668	66.4621	66.5955
1669	66.4621	66.4733
1670	66.4621	66.4929
1671	66.4621	66.6138
1672	66.4621	66.4621
1673	66.4621	66.4621
1674	66.4621	66.4621
1675	66.4621	66.4621
1676	66.4621	66.4863
1677	66.4621	66.5661
1678	66.4621	66.5133
1679	66.4621	66.4842
1680	66.4621	66.6274
1681	66.4621	66.4787
1682	66.4621	66.4621
1683	66.4621	66.4621
1684	66.4621	66.4621
1685	66.4621	66.4621
1686	66.4621	66.4621
1687	66.4621	66.4621
1688	66.4621	66.5549
1689	66.4621	66.4755
1690	66.4621	66.4621
1691	66.4621	66.4925
1692	66.4621	66.4647
1693	66.4621	66.5598
1694	66.4621	66.6297
1695	66.4621	66.5105
1696	66.4621	66.4916
1697	66.4621	66.4621
1698	66.4621	66.4621
1699	66.4621	66.4621
1700	66.4621	66.4621
1701	66.4621	66.4743
1702	66.4621	66.4938
1703	66.4621	66.4671
1704	66.4621	66.4621
1705	66.4621	66.4761
1706	66.4621	66.4621
1707	66.4621	66.4621
1708	66.4621	66.4647
1709	66.4621	66.5218
1710	66.4621	66.6728
1711	66.4621	66.6073
1712	66.4621	66.5357
1713	66.4621	66.4951
1714	66.4621	66.469
1715	66.4621	66.5263
1716	66.4621	66.4744
1717	66.4621	66.4737
1718	66.4621	66.4987
1719	66.4621	66.6567
1720	66.4621	66.4621
1721	66.4621	66.512
1722	66.4621	66.5126
1723	66.4621	66.5884
1724	66.4621	66.4666
1725	66.4621	66.6186
1726	66.4621	66.5077
1727	66.4621	66.576
1728	66.4621	66.4944
1729	66.4621	66.4713
1730	66.4621	66.4621
1731	66.4621	66.5259
1732	66.4621	66.463
1733	66.4621	66.4621
1734	66.4621	66.4697
1735	66.4621	66.577
1736	66.4621	66.4621
1737	66.4621	66.4621
1738	66.4621	66.4915
1739	66.4621	66.5295
1740	66.4621	66.4885
1741	66.4621	66.4621
1742	66.4621	66.5337
1743	66.4621	66.6423
1744	66.4621	66.5835
1745	66.4621	66.5732
1746	66.4621	66.604
1747	66.4621	66.632
1748	66.4621	66.4671
1749	66.4621	66.6726
1750	66.4621	66.4865
1751	66.4621	66.5055
1752	66.4621	66.4621
1753	66.4621	66.4635
1754	66.4621	66.4621
1755	66.4621	66.4621
1756	66.4621	66.4695
1757	66.4621	66.4623
1758	66.4621	66.4621
1759	66.4621	66.4625
1760	66.4621	66.4826
1761	66.4621	66.4792
1762	66.4621	66.5015
1763	66.4621	66.5696
1764	66.4621	66.5614
1765	66.4621	66.5111
1766	66.4621	66.4621
1767	66.4621	66.4838
1768	66.4621	66.5361
1769	66.4621	66.5744
1770	66.4621	66.8744
1771	66.4621	66.6078
1772	66.4621	66.472
1773	66.4621	66.4774
1774	66.4621	66.4967
1775	66.4621	66.5261
1776	66.4621	66.548
1777	66.4621	66.4982
1778	66.4621	66.5629
1779	66.4621	66.4773
1780	66.4621	66.4621
1781	66.4621	66.4621
1782	66.4621	66.4621
1783	66.4621	66.4621
1784	66.4621	66.4621
1785	66.4621	66.4999
1786	66.4621	66.542
1787	66.4621	66.4621
1788	66.4621	66.4631
1789	66.4621	66.625
1790	66.4621	66.55
1791	66.4621	66.5248
1792	66.4621	66.4658
1793	66.4621	66.4621
1794	66.4621	66.4977
1795	66.4621	66.4621
1796	66.4621	66.4621
1797	66.4621	66.4621
1798	66.4621	66.4719
1799	66.4621	66.7228
1800	66.4621	66.5713
1801	66.4621	66.5481
1802	66.4621	66.4621
1803	66.4621	66.4621
1804	66.4621	66.4738
1805	66.4621	66.7756
1806	66.4621	66.5245
1807	66.4621	66.4621
1808	66.4621	66.4789
1809	66.4621	66.4631
1810	66.4621	66.4621
1811	66.4621	66.5373
1812	66.4621	66.4691
1813	66.4621	66.4752
1814	66.4621	66.4657
1815	66.4621	66.5218
1816	66.4621	66.4621
1817	66.4621	66.4621
1818	66.4621	66.5199
1819	66.4621	66.4741
1820	66.4621	66.6386
1821	66.4621	66.4876
1822	66.4621	66.4664
1823	66.4621	66.4621
1824	66.4621	66.4709
1825	66.4621	66.4809
1826	66.4621	66.4928
1827	66.4621	66.4621
1828	66.4621	66.4859
1829	66.4621	66.4621
1830	66.4621	66.4621
1831	66.4621	66.4621
1832	66.4621	66.4621
1833	66.4621	66.4709
1834	66.4621	66.5592
1835	66.4621	66.7655
1836	66.4621	66.4932
1837	66.4621	66.4987
1838	66.4621	66.6434
1839	66.4621	66.6041
1840	66.4621	66.5526
1841	66.4621	66.5596
1842	66.4621	66.4903
1843	66.4621	66.5636
1844	66.4621	66.4621
1845	66.4621	66.4729
1846	66.4621	66.4822
1847	66.4621	66.5641
1848	66.4621	66.4794
1849	66.4621	66.4621
1850	66.4621	66.4621
1851	66.4621	66.5019
1852	66.4621	66.4642
1853	66.4621	66.463
1854	66.4621	66.5425
1855	66.4621	66.4621
1856	66.4621	66.546
1857	66.4621	66.533
1858	66.4621	66.511
1859	66.4621	66.4677
1860	66.4621	66.4621
1861	66.4621	66.4621
1862	66.4621	66.4664
1863	66.4621	66.4621
1864	66.4621	66.4646
1865	66.4621	66.4795
1866	66.4621	66.5205
1867	66.4621	66.5468
1868	66.4621	66.4621
1869	66.4621	66.4621
1870	66.4621	66.4621
1871	66.4621	66.4621
1872	66.4621	66.5184
1873	66.4621	66.4674
1874	66.4621	66.5604
1875	66.4621	66.4654
1876	66.4621	66.5258
1877	66.4621	66.4931
1878	66.4621	66.4621
1879	66.4621	66.5273
1880	66.4621	66.6328
1881	66.4621	66.9608
1882	66.4621	66.5408
1883	66.4621	66.498
1884	66.4621	66.4696
1885	66.4621	66.4942
1886	66.4621	66.4937
1887	66.4621	66.4671
1888	66.4621	66.4621
1889	66.4621	66.4621
1890	66.4621	66.4621
1891	66.4621	66.4621
1892	66.4621	66.4621
1893	66.4621	66.4997
1894	66.4621	66.5416
1895	66.4621	66.4922
1896	66.4621	66.4621
1897	66.4621	66.5112
1898	66.4621	66.5259
1899	66.4621	66.479
1900	66.4621	66.487
1901	66.4621	66.5722
1902	66.4621	66.5658
1903	66.4621	66.7179
1904	66.4621	66.5205
1905	66.4621	66.502
1906	66.4621	66.5702
1907	66.4621	66.6334
1908	66.4621	66.6389
1909	66.4621	66.5831
1910	66.4621	66.6802
1911	66.4621	66.6258
1912	66.4621	66.4842
1913	66.4621	66.5189
1914	66.4621	66.4639
1915	66.4621	66.5367
1916	66.4621	66.4939
1917	66.4621	66.8217
1918	66.4621	66.6132
1919	66.4621	66.4883
1920	66.4621	66.5293
1921	66.4621	66.492
1922	66.4621	66.5723
1923	66.4621	66.5687
1924	66.4621	66.5527
1925	66.4621	66.6359
1926	66.4621	66.5024
1927	66.4621	66.5857
1928	66.4621	66.5136
1929	66.4621	66.4621
1930	66.4621	66.4625
1931	66.4621	66.4783
1932	66.4621	66.4631
1933	66.4621	66.4621
1934	66.4621	66.4638
1935	66.4621	66.4621
1936	66.4621	66.4873
1937	66.4621	66.6111
1938	66.4621	66.4852
1939	66.4621	66.4926
1940	66.4621	66.4621
1941	66.4621	66.4789
1942	66.4621	66.5695
1943	66.4621	66.7796
1944	66.4621	66.672
1945	66.4621	66.727
1946	66.4621	66.5243
1947	66.4621	66.4732
1948	66.4621	66.4817
1949	66.4621	66.4989
1950	66.4621	66.5165
1951	66.4621	66.5732
1952	66.4621	66.5148
1953	66.4621	66.4798
1954	66.4621	66.4639
1955	66.4621	66.5144
1956	66.4621	66.4621
1957	66.4621	66.4621
1958	66.4621	66.7038
1959	66.4621	66.7478
1960	66.4621	66.4838
1961	66.4621	66.4796
1962	66.4621	66.4621
1963	66.4621	66.4621
1964	66.4621	66.5532
1965	66.4621	66.7811
1966	66.4621	66.4621
1967	66.4621	66.4621
1968	66.4621	66.481
1969	66.4621	66.7087
1970	66.4621	66.4653
1971	66.4621	66.6351
1972	66.4621	66.5036
1973	66.4621	66.4989
1974	66.4621	66.5334
1975	66.4621	66.5661
1976	66.4621	66.5527
1977	66.4621	66.4905
1978	66.4621	66.5604
1979	66.4621	66.5397
1980	66.4621	66.6145
1981	66.4621	66.4894
1982	66.4621	66.528
1983	66.4621	66.4632
1984	66.4621	66.4621
1985	66.4621	66.4632
1986	66.4621	66.5015
1987	66.4621	66.4621
1988	66.4621	66.4679
1989	66.4621	66.4641
1990	66.4621	66.4621
1991	66.4621	66.4621
1992	66.4621	66.5526
1993	66.4621	66.5006
1994	66.4621	66.4898
1995	66.4621	66.5374
1996	66.4621	66.4822
1997	66.4621	66.6504
1998	66.4621	66.8789
1999	66.4621	66.5156
2000	66.4621	66.5344
2001	66.4621	66.4988
2002	66.4621	66.4621
2003	66.4621	66.4849
2004	66.4621	66.4621
2005	66.4621	66.4935
2006	66.4621	66.5924
2007	66.4621	66.5123
2008	66.4621	66.5917
2009	66.4621	66.4678
2010	66.4621	66.5488
2011	66.4621	66.5745
2012	66.4621	66.5386
2013	66.4621	66.4621
2014	66.4621	66.476
2015	66.4621	66.4774
2016	66.4621	66.4621
2017	66.4621	66.4621
2018	66.4621	66.4621
2019	66.4621	66.4621
2020	66.4621	66.4621
2021	66.4621	66.4753
2022	66.4621	66.4621
2023	66.4621	66.4708
2024	66.4621	66.4969
2025	66.4621	66.5546
2026	66.4621	66.5915
2027	66.4621	66.4621
2028	66.4621	66.5136
2029	66.4621	66.4621
2030	66.4621	66.5219
2031	66.4621	66.555
2032	66.4621	66.4828
2033	66.4621	66.4621
2034	66.4621	66.4721
2035	66.4621	66.4713
2036	66.4621	66.5114
2037	66.4621	66.498
2038	66.4621	66.5065
2039	66.4621	66.5733
2040	66.4621	66.6129
2041	66.4621	66.5362
2042	66.4621	66.4744
2043	66.4621	66.4631
2044	66.4621	66.4621
2045	66.4621	66.4621
2046	66.4621	66.4621
2047	66.4621	66.4621
2048	66.4621	66.4882
2049	66.4621	66.4621
2050	66.4621	66.4621
2051	66.4621	66.4621
2052	66.4621	66.4621
2053	66.4621	66.4631
2054	66.4621	66.5168
2055	66.4621	66.4988
2056	66.4621	66.5868
2057	66.4621	66.4621
2058	66.4621	66.5133
2059	66.4621	66.4621
2060	66.4621	66.5491
2061	66.4621	66.4754
2062	66.4621	66.5833
2063	66.4621	66.5633
2064	66.4621	66.4784
2065	66.4621	66.568
2066	66.4621	66.5041
2067	66.4621	66.4633
2068	66.4621	66.5857
2069	66.4621	66.5471
2070	66.4621	66.4894
2071	66.4621	66.4621
2072	66.4621	66.5409
2073	66.4621	66.4748
2074	66.4621	66.4621
2075	66.4621	66.4662
2076	66.4621	66.4688
2077	66.4621	66.4647
2078	66.4621	66.4807
2079	66.4621	66.4621
2080	66.4621	66.4852
2081	66.4621	66.5722
2082	66.4621	66.6233
2083	66.4621	66.6414
2084	66.4621	66.4894
2085	66.4621	66.5031
2086	66.4621	66.5365
2087	66.4621	66.4816
2088	66.4621	66.464
2089	66.4621	66.4661
2090	66.4621	66.5023
2091	66.4621	66.4859
2092	66.4621	66.5183
2093	66.4621	66.4799
2094	66.4621	66.486
2095	66.4621	66.4864
2096	66.4621	66.4621
2097	66.4621	66.5855
2098	66.4621	66.4621
2099	66.4621	66.4621
2100	66.4621	66.4621
2101	66.4621	66.4621
2102	66.4621	66.5174
2103	66.4621	66.4887
2104	66.4621	66.4621
2105	66.4621	66.4621
2106	66.4621	66.4952
2107	66.4621	66.5079
2108	66.4621	66.5309
2109	66.4621	66.5309
2110	66.4621	66.4621
2111	66.4621	66.4845
2112	66.4621	66.4621
2113	66.4621	66.4621
2114	66.4621	66.4621
2115	66.4621	66.4621
2116	66.4621	66.5389
2117	66.4621	66.5012
2118	66.4621	66.6845
2119	66.4621	66.6281
2120	66.4621	66.5269
2121	66.4621	66.4621
2122	66.4621	66.5682
2123	66.4621	66.4897
2124	66.4621	66.5016
2125	66.4621	66.5634
2126	66.4621	66.4621
2127	66.4621	66.6482
2128	66.4621	66.5027
2129	66.4621	66.5999
2130	66.4621	66.5242
2131	66.4621	66.4621
2132	66.4621	66.5051
2133	66.4621	66.5042
2134	66.4621	66.4726
2135	66.4621	66.4621
2136	66.4621	66.4621
2137	66.4621	66.4621
2138	66.4621	66.4621
2139	66.4621	66.4621
2140	66.4621	66.4716
2141	66.4621	66.5484
2142	66.4621	66.515
2143	66.4621	66.5346
2144	66.4621	66.5429
2145	66.4621	66.5654
2146	66.4621	66.4621
2147	66.4621	66.4642
2148	66.4621	66.6122
2149	66.4621	66.577
2150	66.4621	66.5571
2151	66.4621	66.4783
2152	66.4621	66.6251
2153	66.4621	66.6142
2154	66.4621	66.4815
2155	66.4621	66.5366
2156	66.4621	66.4891
2157	66.4621	66.4621
2158	66.4621	66.4846
2159	66.4621	66.497
2160	66.4621	66.5014
2161	66.4621	66.5485
2162	66.4621	66.8254
2163	66.4621	66.492
2164	66.4621	66.4693
2165	66.4621	66.585
2166	66.4621	66.5869
2167	66.4621	66.8189
2168	66.4621	66.6197
2169	66.4621	66.4657
2170	66.4621	66.6847
2171	66.4621	66.5243
2172	66.4621	66.6062
2173	66.4621	66.5351
2174	66.4621	66.5227
2175	66.4621	66.5363
2176	66.4621	66.5077
2177	66.4621	66.4694
2178	66.4621	66.4736
2179	66.4621	66.4631
2180	66.4621	66.5324
2181	66.4621	66.5181
2182	66.4621	66.4634
2183	66.4621	66.4621
2184	66.4621	66.6148
2185	66.4621	66.5509
2186	66.4621	66.4802
2187	66.4621	66.6837
2188	66.4621	66.6364
2189	66.4621	66.7002
2190	66.4621	66.6576
2191	66.4621	66.6165
2192	66.4621	66.4621
2193	66.4621	66.4885
2194	66.4621	66.4621
2195	66.4621	66.4954
2196	66.4621	66.4621
2197	66.4621	66.4621
2198	66.4621	66.4854
2199	66.4621	66.6624
2200	66.4621	66.5714
2201	66.4621	66.6695
2202	66.4621	66.7672
2203	66.4621	66.4713
2204	66.4621	66.4902
2205	66.4621	66.4659
2206	66.4621	66.5662
2207	66.4621	66.5446
2208	66.4621	66.4621
2209	66.4621	66.4621
2210	66.4621	66.5468
2211	66.4621	66.4621
2212	66.4621	66.4621
2213	66.4621	66.4621
2214	66.4621	66.6755
2215	66.4621	66.5549
2216	66.4621	66.589
2217	66.4621	66.5344
2218	66.4621	66.4641
2219	66.4621	66.4621
2220	66.4621	66.5189
2221	66.4621	66.494
2222	66.4621	66.4932
2223	66.4621	66.4621
2224	66.4621	66.4671
2225	66.4621	66.575
2226	66.4621	66.4853
2227	66.4621	66.5062
2228	66.4621	66.5613
2229	66.4621	66.4957
2230	66.4621	66.5728
2231	66.4621	66.6529
2232	66.4621	66.502
2233	66.4621	66.4648
2234	66.4621	66.6029
2235	66.4621	66.4815
2236	66.4621	66.4719
2237	66.4621	66.5003
2238	66.4621	66.6852
2239	66.4621	66.5388
2240	66.4621	66.5801
2241	66.4621	66.4621
2242	66.4621	66.4621
2243	66.4621	66.4621
2244	66.4621	66.4844
2245	66.4621	66.6975
2246	66.4621	66.7733
2247	66.4621	66.4692
2248	66.4621	66.4621
2249	66.4621	66.4621
2250	66.4621	66.4621
2251	66.4621	66.4621
2252	66.4621	66.4699
2253	66.4621	66.4621
2254	66.4621	66.4621
2255	66.4621	66.5004
2256	66.4621	66.652
2257	66.4621	66.4752
2258	66.4621	66.4714
2259	66.4621	66.5113
2260	66.4621	66.5229
2261	66.4621	66.5121
2262	66.4621	66.567
2263	66.4621	66.6044
2264	66.4621	66.4621
2265	66.4621	66.4621
2266	66.4621	66.4776
2267	66.4621	66.4621
2268	66.4621	66.4947
2269	66.4621	66.4653
2270	66.4621	66.5761
2271	66.4621	66.5064
2272	66.4621	66.4728
2273	66.4621	66.4716
2274	66.4621	66.6613
2275	66.4621	66.5348
2276	66.4621	66.4637
2277	66.4621	66.4621
2278	66.4621	66.4621
2279	66.4621	66.5236
2280	66.4621	66.4948
2281	66.4621	66.4621
2282	66.4621	66.5031
2283	66.4621	66.6228
2284	66.4621	66.5744
2285	66.4621	66.4621
2286	66.4621	66.4621
2287	66.4621	66.5232
2288	66.4621	66.5118
2289	66.4621	66.6321
2290	66.4621	66.5883
2291	66.4621	66.6563
2292	66.4621	66.5996
2293	66.4621	66.7145
2294	66.4621	66.5686
2295	66.4621	66.5997
2296	66.4621	66.4628
2297	66.4621	66.7919
2298	66.4621	66.5936
2299	66.4621	66.6647
2300	66.4621	66.4908
2301	66.4621	66.4953
2302	66.4621	66.6432
2303	66.4621	66.5561
2304	66.4621	66.4621
2305	66.4621	66.4635
2306	66.4621	66.5079
2307	66.4621	66.4884
2308	66.4621	66.5184
2309	66.4621	66.5046
2310	66.4621	66.5149
2311	66.4621	66.4705
2312	66.4621	66.5093
2313	66.4621	66.6267
2314	66.4621	66.6288
2315	66.4621	66.598
2316	66.4621	66.4621
2317	66.4621	66.5404
2318	66.4621	66.6429
2319	66.4621	66.8795
2320	66.4621	66.6405
2321	66.4621	66.4866
2322	66.4621	66.5782
2323	66.4621	66.5584
2324	66.4621	66.5915
2325	66.4621	66.7049
2326	66.4621	66.505
2327	66.4621	66.5411
2328	66.4621	66.4779
2329	66.4621	66.4904
2330	66.4621	66.4621
2331	66.4621	66.4621
2332	66.4621	66.5255
2333	66.4621	66.4704
2334	66.4621	66.4646
2335	66.4621	66.4651
2336	66.4621	66.4651
2337	66.4621	66.5244
2338	66.4621	66.6486
2339	66.4621	66.6135
2340	66.4621	66.4752
2341	66.4621	66.4672
2342	66.4621	66.4882
2343	66.4621	66.4659
2344	66.4621	66.6022
2345	66.4621	66.6215
2346	66.4621	66.526
2347	66.4621	66.5777
2348	66.4621	66.5218
2349	66.4621	66.5393
2350	66.4621	66.4972
2351	66.4621	66.4991
2352	66.4621	66.6186
2353	66.4621	66.5687
2354	66.4621	66.6715
2355	66.4621	66.5458
2356	66.4621	66.5388
2357	66.4621	66.8539
2358	66.4621	66.7162
2359	66.4621	66.6089
2360	66.4621	66.5881
2361	66.4621	66.5573
2362	66.4621	66.4795
2363	66.4621	66.7072
2364	66.4621	66.4917
2365	66.4621	66.6173
2366	66.4621	66.4621
2367	66.4621	66.4621
2368	66.4621	66.4947
2369	66.4621	66.4782
2370	66.4621	66.6107
2371	66.4621	66.5599
2372	66.4621	66.6383
2373	66.4621	66.4847
2374	66.4621	66.639
2375	66.4621	66.598
2376	66.4621	66.5645
2377	66.4621	66.6343
2378	66.4621	66.5208
2379	66.4621	66.4757
2380	66.4621	66.4881
2381	66.4621	66.5727
2382	66.4621	66.4621
2383	66.4621	66.5045
2384	66.4621	66.5248
2385	66.4621	66.4915
2386	66.4621	66.475
2387	66.4621	66.4621
2388	66.4621	66.4621
2389	66.4621	66.4743
2390	66.4621	66.5105
2391	66.4621	66.6011
2392	66.4621	66.5617
2393	66.4621	66.4653
2394	66.4621	66.5475
2395	66.4621	66.4624
2396	66.4621	66.582
2397	66.4621	66.4762
2398	66.4621	66.4791
2399	66.4621	66.5182
2400	66.4621	66.4889
2401	66.4621	66.4621
2402	66.4621	66.5245
2403	66.4621	66.5409
2404	66.4621	66.5544
2405	66.4621	66.4919
2406	66.4621	66.5126
2407	66.4621	66.4621
2408	66.4621	66.51
2409	66.4621	66.4621
2410	66.4621	66.4621
2411	66.4621	66.4621
2412	66.4621	66.469
2413	66.4621	66.6585
2414	66.4621	66.6898
2415	66.4621	66.5497
2416	66.4621	66.54
2417	66.4621	66.5313
2418	66.4621	66.5187
2419	66.4621	66.5824
2420	66.4621	66.4642
2421	66.4621	66.492
2422	66.4621	66.7032
2423	66.4621	66.6805
2424	66.4621	66.5111
2425	66.4621	66.4754
2426	66.4621	66.4621
2427	66.4621	66.4761
2428	66.4621	66.4621
2429	66.4621	66.4621
2430	66.4621	66.4621
2431	66.4621	66.4621
2432	66.4621	66.4621
2433	66.4621	66.5311
2434	66.4621	66.4621
2435	66.4621	66.473
2436	66.4621	66.5359
2437	66.4621	66.5272
2438	66.4621	66.4621
2439	66.4621	66.493
2440	66.4621	66.4889
2441	66.4621	66.4891
2442	66.4621	66.6595
2443	66.4621	66.51
2444	66.4621	66.4818
2445	66.4621	66.4621
2446	66.4621	66.5827
2447	66.4621	66.4888
2448	66.4621	66.5936
2449	66.4621	66.491
2450	66.4621	66.5047
2451	66.4621	66.4638
2452	66.4621	66.4798
2453	66.4621	66.4621
2454	66.4621	66.4621
2455	66.4621	66.4621
2456	66.4621	66.5203
2457	66.4621	66.502
2458	66.4621	66.484
2459	66.4621	66.4629
2460	66.4621	66.4621
2461	66.4621	66.6202
2462	66.4621	66.6732
2463	66.4621	66.5349
2464	66.4621	66.4625
2465	66.4621	66.6105
2466	66.4621	66.5039
2467	66.4621	66.5193
2468	66.4621	66.4817
2469	66.4621	66.4852
2470	66.4621	66.6026
2471	66.4621	66.5946
2472	66.4621	66.5439
2473	66.4621	66.4905
2474	66.4621	66.4799
2475	66.4621	66.5347
2476	66.4621	66.491
2477	66.4621	66.5091
2478	66.4621	66.5774
2479	66.4621	66.5095
2480	66.4621	66.4621
2481	66.4621	66.4859
2482	66.4621	66.5487
2483	66.4621	66.8392
2484	66.4621	66.9318
2485	66.4621	66.7282
2486	66.4621	66.519
2487	66.4621	66.4621
2488	66.4621	66.4621
2489	66.4621	66.4921
2490	66.4621	66.6093
2491	66.4621	66.5741
2492	66.4621	66.4621
2493	66.4621	66.6383
2494	66.4621	66.4631
2495	66.4621	66.4755
2496	66.4621	66.4818
2497	66.4621	66.4621
2498	66.4621	66.4928
2499	66.4621	66.4805
2500	66.4621	66.4678
2501	66.4621	66.4621
2502	66.4621	66.4864
2503	66.4621	66.5351
2504	66.4621	66.5084
2505	66.4621	66.9025
2506	66.4621	66.7136
2507	66.4621	66.4621
2508	66.4621	66.5027
2509	66.4621	66.5594
2510	66.4621	66.5132
2511	66.4621	66.4621
2512	66.4621	66.4926
2513	66.4621	66.5016
2514	66.4621	66.5125
2515	66.4621	66.6404
2516	66.4621	66.507
2517	66.4621	66.4931
2518	66.4621	66.4621
2519	66.4621	66.4621
2520	66.4621	66.4621
2521	66.4621	66.4621
2522	66.4621	66.4897
2523	66.4621	66.4839
2524	66.4621	66.4843
2525	66.4621	66.4621
2526	66.4621	66.4777
2527	66.4621	66.6706
2528	66.4621	66.4621
2529	66.4621	66.4621
2530	66.4621	66.476
2531	66.4621	66.5485
2532	66.4621	66.4922
2533	66.4621	66.4881
2534	66.4621	66.4639
2535	66.4621	66.5102
2536	66.4621	66.4621
2537	66.4621	66.4759
2538	66.4621	66.4982
2539	66.4621	66.4636
2540	66.4621	66.4621
2541	66.4621	66.4621
2542	66.4621	66.5112
2543	66.4621	66.5509
2544	66.4621	66.5919
2545	66.4621	66.5439
2546	66.4621	66.5712
2547	66.4621	66.473
2548	66.4621	66.4703
2549	66.4621	66.4756
2550	66.4621	66.4621
2551	66.4621	66.5283
2552	66.4621	66.5633
2553	66.4621	66.4621
2554	66.4621	66.4621
2555	66.4621	66.4658
2556	66.4621	66.4991
2557	66.4621	66.501
2558	66.4621	66.482
2559	66.4621	66.5837
2560	66.4621	66.564
2561	66.4621	66.6394
2562	66.4621	66.5009
2563	66.4621	66.617
2564	66.4621	66.5993
2565	66.4621	66.6523
2566	66.4621	66.475
2567	66.4621	66.4945
2568	66.4621	66.4621
2569	66.4621	66.4639
2570	66.4621	66.4642
2571	66.4621	66.6042
2572	66.4621	66.7166
2573	66.4621	66.5827
2574	66.4621	66.4621
2575	66.4621	66.4621
2576	66.4621	66.4621
2577	66.4621	66.4621
2578	66.4621	66.4621
2579	66.4621	66.488
2580	66.4621	66.4665
2581	66.4621	66.4962
2582	66.4621	66.4621
2583	66.4621	66.4891
2584	66.4621	66.5144
2585	66.4621	66.4621
2586	66.4621	66.4621
2587	66.4621	66.4621
2588	66.4621	66.4621
2589	66.4621	66.6694
2590	66.4621	66.9582
2591	66.4621	66.484
2592	66.4621	66.4621
2593	66.4621	66.5173
2594	66.4621	66.4621
2595	66.4621	66.4631
2596	66.4621	66.4755
2597	66.4621	66.522
2598	66.4621	66.5936
2599	66.4621	66.6744
2600	66.4621	66.6084
2601	66.4621	66.6014
2602	66.4621	66.7997
2603	66.4621	66.8897
2604	66.4621	66.7299
2605	66.4621	66.6646
2606	66.4621	66.6197
2607	66.4621	66.4621
2608	66.4621	66.4621
2609	66.4621	66.4621
2610	66.4621	66.4629
2611	66.4621	66.4621
2612	66.4621	66.4642
2613	66.4621	66.4621
2614	66.4621	66.5002
2615	66.4621	66.4621
2616	66.4621	66.4621
2617	66.4621	66.4621
2618	66.4621	66.4621
2619	66.4621	66.4621
2620	66.4621	66.653
2621	66.4621	66.6111
2622	66.4621	66.5347
2623	66.4621	66.8648
2624	66.4621	66.6732
2625	66.4621	66.5178
2626	66.4621	66.4926
2627	66.4621	66.4778
2628	66.4621	66.4621
2629	66.4621	66.4852
2630	66.4621	66.5314
2631	66.4621	66.4931
2632	66.4621	66.556
2633	66.4621	66.489
2634	66.4621	66.4635
2635	66.4621	66.6481
2636	66.4621	66.7464
2637	66.4621	66.4621
2638	66.4621	66.4652
2639	66.4621	66.5952
2640	66.4621	66.4857
2641	66.4621	66.4622
2642	66.4621	66.4793
2643	66.4621	66.7059
2644	66.4621	66.7338
2645	66.4621	66.6369
2646	66.4621	66.7047
2647	66.4621	66.5933
2648	66.4621	66.4621
2649	66.4621	66.4621
2650	66.4621	66.4621
2651	66.4621	66.4621
2652	66.4621	66.4621
2653	66.4621	66.4621
2654	66.4621	66.4775
2655	66.4621	66.4621
2656	66.4621	66.4906
2657	66.4621	66.5787
2658	66.4621	66.4731
2659	66.4621	66.4835
2660	66.4621	66.699
2661	66.4621	66.7105
2662	66.4621	66.5633
2663	66.4621	66.503
2664	66.4621	66.5
2665	66.4621	66.5501
2666	66.4621	66.5527
2667	66.4621	66.5069
2668	66.4621	66.4664
2669	66.4621	66.4653
2670	66.4621	66.5598
2671	66.4621	66.4621
2672	66.4621	66.4621
2673	66.4621	66.4621
2674	66.4621	66.4878
2675	66.4621	66.4816
2676	66.4621	66.4651
2677	66.4621	66.4621
2678	66.4621	66.4621
2679	66.4621	66.4632
2680	66.4621	66.4621
2681	66.4621	66.4621
2682	66.4621	66.4621
2683	66.4621	66.4655
2684	66.4621	66.5424
2685	66.4621	66.5103
2686	66.4621	66.479
2687	66.4621	66.4663
2688	66.4621	66.4621
2689	66.4621	66.5175
2690	66.4621	66.4732
2691	66.4621	66.5112
2692	66.4621	66.4752
2693	66.4621	66.6221
2694	66.4621	66.8791
2695	66.4621	66.4687
2696	66.4621	66.4772
2697	66.4621	66.6388
2698	66.4621	66.6627
2699	66.4621	66.5941
2700	66.4621	66.4621
2701	66.4621	66.4621
2702	66.4621	66.5289
2703	66.4621	66.5517
2704	66.4621	66.5061
2705	66.4621	66.5298
2706	66.4621	66.4787
2707	66.4621	66.4841
2708	66.4621	66.4621
2709	66.4621	66.5256
2710	66.4621	66.4622
2711	66.4621	66.4876
2712	66.4621	66.4658
2713	66.4621	66.5827
2714	66.4621	66.5042
2715	66.4621	66.4621
2716	66.4621	66.4631
2717	66.4621	66.4621
2718	66.4621	66.4621
2719	66.4621	66.4621
2720	66.4621	66.4621
2721	66.4621	66.4621
2722	66.4621	66.4621
2723	66.4621	66.4721
2724	66.4621	66.4621
2725	66.4621	66.4832
2726	66.4621	66.5274
2727	66.4621	66.6744
2728	66.4621	66.5499
2729	66.4621	66.5444
2730	66.4621	66.4625
2731	66.4621	66.4621
2732	66.4621	66.482
2733	66.4621	66.4621
2734	66.4621	66.4621
2735	66.4621	66.4652
2736	66.4621	66.4621
2737	66.4621	66.5126
2738	66.4621	66.5506
2739	66.4621	66.5048
2740	66.4621	66.4641
2741	66.4621	66.4621
2742	66.4621	66.4621
2743	66.4621	66.5474
2744	66.4621	66.4621
2745	66.4621	66.4886
2746	66.4621	66.4957
2747	66.4621	66.4621
2748	66.4621	66.5112
2749	66.4621	66.5284
2750	66.4621	66.4621
2751	66.4621	66.5818
2752	66.4621	66.6573
2753	66.4621	66.5052
2754	66.4621	66.4851
2755	66.4621	66.5754
2756	66.4621	66.4817
2757	66.4621	66.6378
2758	66.4621	66.4621
2759	66.4621	66.4621
2760	66.4621	66.483
2761	66.4621	66.5246
2762	66.4621	66.6196
2763	66.4621	66.6456
2764	66.4621	66.4621
2765	66.4621	66.4621
2766	66.4621	66.4621
2767	66.4621	66.4621
2768	66.4621	66.59
2769	66.4621	66.4837
2770	66.4621	66.5711
2771	66.4621	66.5213
2772	66.4621	66.5293
2773	66.4621	66.7563
2774	66.4621	66.5029
2775	66.4621	66.494
2776	66.4621	66.5394
2777	66.4621	66.4645
2778	66.4621	66.4874
2779	66.4621	66.5229
2780	66.4621	66.4681
2781	66.4621	66.6083
2782	66.4621	66.4812
2783	66.4621	66.4621
2784	66.4621	66.5178
2785	66.4621	66.4777
2786	66.4621	66.5789
2787	66.4621	66.4642
2788	66.4621	66.4694
2789	66.4621	66.4621
2790	66.4621	66.4621
2791	66.4621	66.5175
2792	66.4621	66.4655
2793	66.4621	66.5392
2794	66.4621	66.4673
2795	66.4621	66.6078
2796	66.4621	66.5024
2797	66.4621	66.5083
2798	66.4621	66.5045
2799	66.4621	66.4621
2800	66.4621	66.4621
2801	66.4621	66.485
2802	66.4621	66.4621
2803	66.4621	66.4621
2804	66.4621	66.5565
2805	66.4621	66.5389
2806	66.4621	66.6586
2807	66.4621	66.6548
2808	66.4621	66.5872
2809	66.4621	66.5586
2810	66.4621	66.4621
2811	66.4621	66.4621
2812	66.4621	66.4621
2813	66.4621	66.4621
2814	66.4621	66.4629
2815	66.4621	66.759
2816	66.4621	66.4693
2817	66.4621	66.4779
2818	66.4621	66.7756
2819	66.4621	66.5102
2820	66.4621	66.5098
2821	66.4621	66.4877
2822	66.4621	66.5334
2823	66.4621	66.5934
2824	66.4621	66.4621
2825	66.4621	66.4621
2826	66.4621	66.4621
2827	66.4621	66.4621
2828	66.4621	66.5019
2829	66.4621	66.5969
2830	66.4621	66.5252
2831	66.4621	66.4689
2832	66.4621	66.5767
2833	66.4621	66.4765
2834	66.4621	66.4653
2835	66.4621	66.5499
2836	66.4621	66.4621
2837	66.4621	66.4621
2838	66.4621	66.5663
2839	66.4621	66.5
2840	66.4621	66.5283
2841	66.4621	66.5073
2842	66.4621	66.4621
2843	66.4621	66.4621
2844	66.4621	66.4865
2845	66.4621	66.5316
2846	66.4621	66.5298
2847	66.4621	66.7175
2848	66.4621	66.5411
2849	66.4621	66.4621
2850	66.4621	66.4621
2851	66.4621	66.4621
2852	66.4621	66.4621
2853	66.4621	66.4621
2854	66.4621	66.5336
2855	66.4621	66.4657
2856	66.4621	66.4621
2857	66.4621	66.4621
2858	66.4621	66.4693
2859	66.4621	66.4621
2860	66.4621	66.4621
2861	66.4621	66.4967
2862	66.4621	66.5085
2863	66.4621	66.4621
2864	66.4621	66.4621
2865	66.4621	66.5482
2866	66.4621	66.4646
2867	66.4621	66.4892
2868	66.4621	66.4776
2869	66.4621	66.4621
2870	66.4621	66.4884
2871	66.4621	66.929
2872	66.4621	66.4839
2873	66.4621	66.5055
2874	66.4621	66.4621
2875	66.4621	66.4621
2876	66.4621	66.4744
2877	66.4621	66.4621
2878	66.4621	66.5275
2879	66.4621	66.5531
2880	66.4621	66.6085
2881	66.4621	66.4621
2882	66.4621	66.4621
2883	66.4621	66.4776
2884	66.4621	66.4758
2885	66.4621	66.6428
2886	66.4621	66.4621
2887	66.4621	66.4621
2888	66.4621	66.5276
2889	66.4621	66.5364
2890	66.4621	66.5722
2891	66.4621	66.5027
2892	66.4621	66.4621
2893	66.4621	66.6354
2894	66.4621	66.5953
2895	66.4621	66.5037
2896	66.4621	66.4621
2897	66.4621	66.4621
2898	66.4621	66.4866
2899	66.4621	66.4621
2900	66.4621	66.4621
2901	66.4621	66.4621
2902	66.4621	66.4621
2903	66.4621	66.4621
2904	66.4621	66.5173
2905	66.4621	66.6358
2906	66.4621	66.4754
2907	66.4621	66.5579
2908	66.4621	66.4621
2909	66.4621	66.4621
2910	66.4621	66.4621
2911	66.4621	66.5534
2912	66.4621	66.6224
2913	66.4621	66.4904
2914	66.4621	66.5204
2915	66.4621	66.5333
2916	66.4621	66.4621
2917	66.4621	66.4682
2918	66.4621	66.4621
2919	66.4621	66.5337
2920	66.4621	66.4653
2921	66.4621	66.5052
2922	66.4621	66.5505
2923	66.4621	66.5288
2924	66.4621	66.5009
2925	66.4621	66.5501
2926	66.4621	66.5928
2927	66.4621	66.4621
2928	66.4621	66.5364
2929	66.4621	66.4621
2930	66.4621	66.4621
2931	66.4621	66.484
2932	66.4621	66.4983
2933	66.4621	66.6106
2934	66.4621	66.5578
2935	66.4621	66.4621
2936	66.4621	66.4621
2937	66.4621	66.4621
2938	66.4621	66.4621
2939	66.4621	66.5451
2940	66.4621	66.6442
2941	66.4621	66.6053
2942	66.4621	66.725
2943	66.4621	66.4937
2944	66.4621	66.4621
2945	66.4621	66.4621
2946	66.4621	66.4622
2947	66.4621	66.4621
2948	66.4621	66.5414
2949	66.4621	66.4907
2950	66.4621	66.5184
2951	66.4621	66.4887
2952	66.4621	66.5609
2953	66.4621	66.6054
2954	66.4621	66.8314
2955	66.4621	67.1113
2956	66.4621	66.5627
2957	66.4621	66.5469
2958	66.4621	66.4621
2959	66.4621	66.4621
2960	66.4621	66.4621
2961	66.4621	66.5104
2962	66.4621	66.6806
2963	66.4621	66.6126
2964	66.4621	66.748
2965	66.4621	66.5682
2966	66.4621	66.4621
2967	66.4621	66.4621
2968	66.4621	66.4621
2969	66.4621	66.4621
2970	66.4621	66.4621
2971	66.4621	66.4621
2972	66.4621	66.4621
2973	66.4621	66.4682
2974	66.4621	66.5007
2975	66.4621	66.4948
2976	66.4621	66.5011
2977	66.4621	66.5092
2978	66.4621	66.5112
2979	66.4621	66.5358
2980	66.4621	66.5218
2981	66.4621	66.5009
2982	66.4621	66.697
2983	66.4621	66.5253
2984	66.4621	66.4727
2985	66.4621	66.5271
2986	66.4621	66.5072
2987	66.4621	66.4745
2988	66.4621	66.4622
2989	66.4621	66.5555
2990	66.4621	66.4804
2991	66.4621	66.4622
2992	66.4621	66.5018
2993	66.4621	66.4662
2994	66.4621	66.4621
2995	66.4621	66.4692
2996	66.4621	66.4846
2997	66.4621	66.6961
2998	66.4621	66.5407
2999	66.4621	66.4652
3000	66.4621	66.4792
3001	66.4621	66.4621
3002	66.4621	66.4672
3003	66.4621	66.464
3004	66.4621	66.4974
3005	66.4621	66.4651
3006	66.4621	66.466
3007	66.4621	66.5508
3008	66.4621	66.5453
3009	66.4621	66.5705
3010	66.4621	66.4621
3011	66.4621	66.4838
3012	66.4621	66.4666
3013	66.4621	66.4713
3014	66.4621	66.4642
3015	66.4621	66.4621
3016	66.4621	66.4988
3017	66.4621	66.5017
3018	66.4621	66.4621
3019	66.4621	66.5527
3020	66.4621	66.5121
3021	66.4621	66.5853
3022	66.4621	66.4892
3023	66.4621	66.4874
3024	66.4621	66.4628
3025	66.4621	66.4621
3026	66.4621	66.4661
3027	66.4621	66.5215
3028	66.4621	66.5439
3029	66.4621	66.49
3030	66.4621	66.59
3031	66.4621	66.5635
3032	66.4621	66.5166
3033	66.4621	66.5794
3034	66.4621	66.471
3035	66.4621	66.4638
3036	66.4621	66.5416
3037	66.4621	66.5675
3038	66.4621	66.4771
3039	66.4621	66.5474
3040	66.4621	66.469
3041	66.4621	66.4914
3042	66.4621	66.4891
3043	66.4621	66.5145
3044	66.4621	66.6127
3045	66.4621	66.4795
3046	66.4621	66.4678
3047	66.4621	66.5126
3048	66.4621	66.6464
3049	66.4621	66.6791
3050	66.4621	66.6939
3051	66.4621	66.5146
3052	66.4621	66.469
3053	66.4621	66.4761
3054	66.4621	66.6036
3055	66.4621	66.5323
3056	66.4621	66.5263
3057	66.4621	66.7622
3058	66.4621	66.8458
3059	66.4621	66.666
3060	66.4621	66.7638
3061	66.4621	66.6391
3062	66.4621	66.465
3063	66.4621	66.4621
3064	66.4621	66.4621
3065	66.4621	66.5399
3066	66.4621	66.6618
3067	66.4621	66.4621
3068	66.4621	66.4621
3069	66.4621	66.4621
3070	66.4621	66.5927
3071	66.4621	66.6148
3072	66.4621	66.4621
3073	66.4621	66.4621
3074	66.4621	66.4814
3075	66.4621	66.4621
3076	66.4621	66.4622
3077	66.4621	66.4621
3078	66.4621	66.4621
3079	66.4621	66.4788
3080	66.4621	66.4621
3081	66.4621	66.62
3082	66.4621	66.6241
3083	66.4621	66.4621
3084	66.4621	66.4742
3085	66.4621	66.4722
3086	66.4621	66.6489
3087	66.4621	66.5896
3088	66.4621	66.5257
3089	66.4621	66.4842
3090	66.4621	66.5821
3091	66.4621	66.5274
3092	66.4621	66.501
3093	66.4621	66.5008
3094	66.4621	66.4861
3095	66.4621	66.4879
3096	66.4621	66.4983
3097	66.4621	66.468
3098	66.4621	66.5394
3099	66.4621	66.7207
3100	66.4621	66.4626
3101	66.4621	66.4621
3102	66.4621	66.4621
3103	66.4621	66.4621
3104	66.4621	66.4783
3105	66.4621	66.4896
3106	66.4621	66.5094
3107	66.4621	66.4984
3108	66.4621	66.4864
3109	66.4621	66.4846
3110	66.4621	66.4621
3111	66.4621	66.4621
3112	66.4621	66.4621
3113	66.4621	66.4704
3114	66.4621	66.4621
3115	66.4621	66.5739
3116	66.4621	66.4666
3117	66.4621	66.5525
3118	66.4621	66.5297
3119	66.4621	66.5476
3120	66.4621	66.6537
3121	66.4621	66.4836
3122	66.4621	66.501
3123	66.4621	66.4701
3124	66.4621	66.5412
3125	66.4621	66.588
3126	66.4621	66.4783
3127	66.4621	66.4842
3128	66.4621	66.4736
3129	66.4621	66.5079
3130	66.4621	66.5975
3131	66.4621	66.6213
3132	66.4621	66.4621
3133	66.4621	66.464
3134	66.4621	66.4936
3135	66.4621	66.5619
3136	66.4621	66.4621
3137	66.4621	66.4773
3138	66.4621	66.4771
3139	66.4621	66.4621
3140	66.4621	66.5041
3141	66.4621	66.5001
3142	66.4621	66.5099
3143	66.4621	66.4754
3144	66.4621	66.4621
3145	66.4621	66.4621
3146	66.4621	66.4789
3147	66.4621	66.4803
3148	66.4621	66.4621
3149	66.4621	66.5567
3150	66.4621	66.4763
3151	66.4621	66.4621
3152	66.4621	66.4647
3153	66.4621	66.4621
3154	66.4621	66.4621
3155	66.4621	66.4621
3156	66.4621	66.4894
3157	66.4621	66.5291
3158	66.4621	66.5164
3159	66.4621	66.4635
3160	66.4621	66.4621
3161	66.4621	66.4637
3162	66.4621	66.4621
3163	66.4621	66.5492
3164	66.4621	66.5787
3165	66.4621	66.4621
3166	66.4621	66.4621
3167	66.4621	66.4731
3168	66.4621	66.4905
3169	66.4621	66.4872
3170	66.4621	66.5137
3171	66.4621	66.6113
3172	66.4621	66.5428
3173	66.4621	66.4739
3174	66.4621	66.4716
3175	66.4621	66.5853
3176	66.4621	66.629
3177	66.4621	66.6945
3178	66.4621	66.813
3179	66.4621	66.5088
3180	66.4621	66.4751
3181	66.4621	66.4684
3182	66.4621	66.5053
3183	66.4621	66.4786
3184	66.4621	66.5908
3185	66.4621	66.4807
3186	66.4621	66.4729
3187	66.4621	66.4621
3188	66.4621	66.4639
3189	66.4621	66.5136
3190	66.4621	66.516
3191	66.4621	66.6874
3192	66.4621	66.4621
3193	66.4621	66.4621
3194	66.4621	66.4663
3195	66.4621	66.4621
3196	66.4621	66.4621
3197	66.4621	66.4654
3198	66.4621	66.4625
3199	66.4621	66.4621
3200	66.4621	66.5101
3201	66.2397	66.4591
3202	66.2397	66.4526
3203	66.2397	66.3015
3204	66.2397	66.4351
3205	66.2397	66.3886
3206	66.2397	66.348
3207	66.2397	66.2778
3208	66.2397	66.4632
3209	66.2397	66.2816
3210	66.2397	66.2936
3211	66.2397	66.2471
3212	66.2397	66.4516
3213	66.2397	66.3131
3214	66.2397	66.3053
3215	66.2397	66.3665
3216	66.2397	66.2434
3217	66.2397	66.3004
3218	66.2397	66.2397
3219	66.2397	66.2409
3220	66.2397	66.4708
3221	66.2397	66.2795
3222	66.2397	66.248
3223	66.2397	66.3756
3224	66.2397	66.5413
3225	66.2397	66.4246
3226	66.2397	66.2774
3227	66.2397	66.2602
3228	66.2397	66.408
3229	66.2397	66.5338
3230	66.2397	66.4697
3231	66.2397	66.2947
3232	66.2397	66.338
3233	66.2397	66.3038
3234	66.2397	66.2397
3235	66.2397	66.3119
3236	66.2397	66.2487
3237	66.2397	66.24
3238	66.2397	66.3411
3239	66.2397	66.2765
3240	66.2397	66.4023
3241	66.2397	66.3268
3242	66.2397	66.4271
3243	66.2397	66.2397
3244	66.2397	66.2397
3245	66.2397	66.2466
3246	66.2397	66.2765
3247	66.2397	66.2436
3248	66.2397	66.2397
3249	66.2397	66.4092
3250	66.2397	66.2645
3251	66.2397	66.2397
3252	66.2397	66.2397
3253	66.2397	66.2397
3254	66.2397	66.2397
3255	66.2397	66.2397
3256	66.2397	66.2397
3257	66.2397	66.246
3258	66.2397	66.3107
3259	66.2397	66.3562
3260	66.2397	66.584
3261	66.2397	66.4154
3262	66.2397	66.2862
3263	66.2397	66.3024
3264	66.2397	66.3206
3265	66.2397	66.2469
3266	66.2397	66.4493
3267	66.2397	66.4562
3268	66.2397	66.3397
3269	66.2397	66.3229
3270	66.2397	66.2397
3271	66.2397	66.2397
3272	66.2397	66.2397
3273	66.2397	66.2397
3274	66.2397	66.267
3275	66.2397	66.3119
3276	66.2397	66.2496
3277	66.2397	66.3221
3278	66.2397	66.3111
3279	66.2397	66.4415
3280	66.2397	66.3317
3281	66.2397	66.385
3282	66.2397	66.4233
3283	66.2397	66.454
3284	66.2397	66.3756
3285	66.2397	66.5443
3286	66.2397	66.3697
3287	66.2397	66.3183
3288	66.2397	66.5741
3289	66.2397	66.3051
3290	66.2397	66.2582
3291	66.2397	66.2798
3292	66.2397	66.319
3293	66.2397	66.4772
3294	66.2397	66.4278
3295	66.2397	66.3669
3296	66.2397	66.3029
3297	66.2397	66.5306
3298	66.2397	66.3136
3299	66.2397	66.2397
3300	66.2397	66.2507
3301	66.2397	66.2397
3302	66.2397	66.2577
3303	66.2397	66.2397
3304	66.2397	66.2397
3305	66.2397	66.2539
3306	66.2397	66.294
3307	66.2397	66.2964
3308	66.2397	66.2961
3309	66.2397	66.3705
3310	66.2397	66.2397
3311	66.2397	66.2397
3312	66.2397	66.2501
3313	66.2397	66.2404
3314	66.2397	66.3035
3315	66.2397	66.3633
3316	66.2397	66.3343
3317	66.2397	66.3786
3318	66.2397	66.2934
3319	66.2397	66.2582
3320	66.2397	66.2449
3321	66.2397	66.2946
3322	66.2397	66.3009
3323	66.2397	66.3494
3324	66.2397	66.2397
3325	66.2397	66.2397
3326	66.2397	66.2397
3327	66.2397	66.2734
3328	66.2397	66.2413
3329	66.2397	66.2397
3330	66.2397	66.2397
3331	66.2397	66.2397
3332	66.2397	66.2397
3333	66.2397	66.2397
3334	66.2397	66.2397
3335	66.2397	66.2651
3336	66.2397	66.2442
3337	66.2397	66.3802
3338	66.2397	66.7689
3339	66.2397	66.2465
3340	66.2397	66.2738
3341	66.2397	66.2397
3342	66.2397	66.2397
3343	66.2397	66.2397
3344	66.2397	66.3575
3345	66.2397	66.2548
3346	66.2397	66.2483
3347	66.2397	66.2568
3348	66.2397	66.3126
3349	66.2397	66.3526
3350	66.2397	66.2397
3351	66.2397	66.2397
3352	66.2397	66.2397
3353	66.2397	66.2448
3354	66.2397	66.2808
3355	66.2397	66.3801
3356	66.2397	66.4024
3357	66.2397	66.2397
3358	66.2397	66.2428
3359	66.2397	66.4219
3360	66.2397	66.3795
3361	66.2397	66.3623
3362	66.2397	66.3036
3363	66.2397	66.2397
3364	66.2397	66.4588
3365	66.2397	66.4978
3366	66.2397	66.2633
3367	66.2397	66.3437
3368	66.2397	66.3415
3369	66.2397	66.5196
3370	66.2397	66.4865
3371	66.2397	66.5696
3372	66.2397	66.3996
3373	66.2397	66.2902
3374	66.2397	66.3313
3375	66.2397	66.2533
3376	66.2397	66.4556
3377	66.2397	66.3286
3378	66.2397	66.2397
3379	66.2397	66.2675
3380	66.2397	66.2397
3381	66.2397	66.5191
3382	66.2397	66.3223
3383	66.2397	66.3361
3384	66.2397	66.3137
3385	66.2397	66.3852
3386	66.2397	66.2515
3387	66.2397	66.3451
3388	66.2397	66.3355
3389	66.2397	66.3129
3390	66.2397	66.2969
3391	66.2397	66.4625
3392	66.2397	66.2397
3393	66.2397	66.2931
3394	66.2397	66.3877
3395	66.2397	66.2589
3396	66.2397	66.2445
3397	66.2397	66.4313
3398	66.2397	66.2715
3399	66.2397	66.2812
3400	66.2397	66.2397
3401	66.2397	66.2757
3402	66.2397	66.2899
3403	66.2397	66.3077
3404	66.2397	66.2825
3405	66.2397	66.2717
3406	66.2397	66.251
3407	66.2397	66.3833
3408	66.2397	66.2721
3409	66.2397	66.2524
3410	66.2397	66.2494
3411	66.2397	66.2397
3412	66.2397	66.2397
3413	66.2397	66.2397
3414	66.2397	66.2519
3415	66.2397	66.2671
3416	66.2397	66.2456
3417	66.2397	66.2397
3418	66.2397	66.2397
3419	66.2397	66.2397
3420	66.2397	66.2397
3421	66.2397	66.2397
3422	66.2397	66.2397
3423	66.2397	66.3088
3424	66.2397	66.3163
3425	66.2397	66.3702
3426	66.2397	66.2566
3427	66.2397	66.2433
3428	66.2397	66.2397
3429	66.2397	66.2616
3430	66.2397	66.3404
3431	66.2397	66.328
3432	66.2397	66.25
3433	66.2397	66.2864
3434	66.2397	66.2632
3435	66.2397	66.2435
3436	66.2397	66.2435
3437	66.2397	66.2422
3438	66.2397	66.2397
3439	66.2397	66.2605
3440	66.2397	66.2397
3441	66.2397	66.2965
3442	66.2397	66.3881
3443	66.2397	66.2397
3444	66.2397	66.27
3445	66.2397	66.3244
3446	66.2397	66.2697
3447	66.2397	66.5187
3448	66.2397	66.5045
3449	66.2397	66.2566
3450	66.2397	66.2408
3451	66.2397	66.2397
3452	66.2397	66.2397
3453	66.2397	66.3253
3454	66.2397	66.3024
3455	66.2397	66.2512
3456	66.2397	66.2397
3457	66.2397	66.2841
3458	66.2397	66.2642
3459	66.2397	66.3332
3460	66.2397	66.245
3461	66.2397	66.2397
3462	66.2397	66.2397
3463	66.2397	66.3004
3464	66.2397	66.2585
3465	66.2397	66.313
3466	66.2397	66.3841
3467	66.2397	66.2397
3468	66.2397	66.3363
3469	66.2397	66.307
3470	66.2397	66.4046
3471	66.2397	66.308
3472	66.2397	66.4457
3473	66.2397	66.6106
3474	66.2397	66.4588
3475	66.2397	66.4062
3476	66.2397	66.2469
3477	66.2397	66.3265
3478	66.2397	66.3261
3479	66.2397	66.3255
3480	66.2397	66.2885
3481	66.2397	66.249
3482	66.2397	66.2501
3483	66.2397	66.4858
3484	66.2397	66.4512
3485	66.2397	66.4424
3486	66.2397	66.3321
3487	66.2397	66.5427
3488	66.2397	66.3535
3489	66.2397	66.2397
3490	66.2397	66.2565
3491	66.2397	66.4147
3492	66.2397	66.3704
3493	66.2397	66.2623
3494	66.2397	66.242
3495	66.2397	66.3524
3496	66.2397	66.3739
3497	66.2397	66.3406
3498	66.2397	66.3206
3499	66.2397	66.2566
3500	66.2397	66.3776
3501	66.2397	66.3187
3502	66.2397	66.2397
3503	66.2397	66.2397
3504	66.2397	66.2397
3505	66.2397	66.2419
3506	66.2397	66.2397
3507	66.2397	66.2397
3508	66.2397	66.2397
3509	66.2397	66.3609
3510	66.2397	66.2796
3511	66.2397	66.313
3512	66.2397	66.2446
3513	66.2397	66.2399
3514	66.2397	66.2397
3515	66.2397	66.2964
3516	66.2397	66.2397
3517	66.2397	66.2604
3518	66.2397	66.2445
3519	66.2397	66.5265
3520	66.2397	66.2736
3521	66.2397	66.3655
3522	66.2397	66.3335
3523	66.2397	66.3238
3524	66.2397	66.2397
3525	66.2397	66.2581
3526	66.2397	66.2576
3527	66.2397	66.2538
3528	66.2397	66.3053
3529	66.2397	66.2436
3530	66.2397	66.3401
3531	66.2397	66.3009
3532	66.2397	66.2731
3533	66.2397	66.2609
3534	66.2397	66.2579
3535	66.2397	66.2991
3536	66.2397	66.2642
3537	66.2397	66.2397
3538	66.2397	66.2397
3539	66.2397	66.2397
3540	66.2397	66.2508
3541	66.2397	66.2772
3542	66.2397	66.2453
3543	66.2397	66.321
3544	66.2397	66.2449
3545	66.2397	66.2903
3546	66.2397	66.2397
3547	66.2397	66.3245
3548	66.2397	66.2708
3549	66.2397	66.3343
3550	66.2397	66.2466
3551	66.2397	66.2695
3552	66.2397	66.2407
3553	66.2397	66.2397
3554	66.2397	66.2438
3555	66.2397	66.2947
3556	66.2397	66.2952
3557	66.2397	66.32
3558	66.2397	66.2585
3559	66.2397	66.2904
3560	66.2397	66.2397
3561	66.2397	66.2397
3562	66.2397	66.2669
3563	66.2397	66.2888
3564	66.2397	66.3944
3565	66.2397	66.3233
3566	66.2397	66.2506
3567	66.2397	66.2405
3568	66.2397	66.4074
3569	66.2397	66.2981
3570	66.2397	66.2397
3571	66.2397	66.3533
3572	66.2397	66.3006
3573	66.2397	66.3064
3574	66.2397	66.3262
3575	66.2397	66.4652
3576	66.2397	66.3327
3577	66.2397	66.2406
3578	66.2397	66.2397
3579	66.2397	66.2397
3580	66.2397	66.2869
3581	66.2397	66.3206
3582	66.2397	66.3359
3583	66.2397	66.2978
3584	66.2397	66.3408
3585	66.2397	66.2461
3586	66.2397	66.2644
3587	66.2397	66.2397
3588	66.2397	66.2511
3589	66.2397	66.2422
3590	66.2397	66.2397
3591	66.2397	66.2397
3592	66.2397	66.2803
3593	66.2397	66.3679
3594	66.2397	66.7046
3595	66.2397	66.4909
3596	66.2397	66.3021
3597	66.2397	66.3252
3598	66.2397	66.2856
3599	66.2397	66.4549
3600	66.2397	66.3481
3601	66.2397	66.3124
3602	66.2397	66.27
3603	66.2397	66.3067
3604	66.2397	66.2856
3605	66.2397	66.3065
3606	66.2397	66.2397
3607	66.2397	66.2796
3608	66.2397	66.2454
3609	66.2397	66.3077
3610	66.2397	66.41
3611	66.2397	66.2448
3612	66.2397	66.2758
3613	66.2397	66.2626
3614	66.2397	66.2432
3615	66.2397	66.3451
3616	66.2397	66.2471
3617	66.2397	66.2672
3618	66.2397	66.2814
3619	66.2397	66.2553
3620	66.2397	66.2787
3621	66.2397	66.2847
3622	66.2397	66.2397
3623	66.2397	66.345
3624	66.2397	66.2605
3625	66.2397	66.3728
3626	66.2397	66.2457
3627	66.2397	66.2892
3628	66.2397	66.243
3629	66.2397	66.2397
3630	66.2397	66.306
3631	66.2397	66.2849
3632	66.2397	66.2872
3633	66.2397	66.2942
3634	66.2397	66.3442
3635	66.2397	66.3365
3636	66.2397	66.2422
3637	66.2397	66.2397
3638	66.2397	66.2397
3639	66.2397	66.2397
3640	66.2397	66.3009
3641	66.2397	66.2533
3642	66.2397	66.2504
3643	66.2397	66.2397
3644	66.2397	66.2856
3645	66.2397	66.2397
3646	66.2397	66.2507
3647	66.2397	66.2397
3648	66.2397	66.3511
3649	66.2397	66.2519
3650	66.2397	66.2449
3651	66.2397	66.4427
3652	66.2397	66.3588
3653	66.2397	66.3369
3654	66.2397	66.2965
3655	66.2397	66.2615
3656	66.2397	66.2906
3657	66.2397	66.3659
3658	66.2397	66.3174
3659	66.2397	66.274
3660	66.2397	66.2397
3661	66.2397	66.2397
3662	66.2397	66.2603
3663	66.2397	66.3418
3664	66.2397	66.2397
3665	66.2397	66.2397
3666	66.2397	66.2397
3667	66.2397	66.2397
3668	66.2397	66.2445
3669	66.2397	66.242
3670	66.2397	66.2397
3671	66.2397	66.2397
3672	66.2397	66.2397
3673	66.2397	66.2615
3674	66.2397	66.393
3675	66.2397	66.3535
3676	66.2397	66.2745
3677	66.2397	66.2596
3678	66.2397	66.2546
3679	66.2397	66.2955
3680	66.2397	66.2536
3681	66.2397	66.2625
3682	66.2397	66.2602
3683	66.2397	66.2986
3684	66.2397	66.3052
3685	66.2397	66.3257
3686	66.2397	66.3421
3687	66.2397	66.2481
3688	66.2397	66.286
3689	66.2397	66.3358
3690	66.2397	66.2397
3691	66.2397	66.2998
3692	66.2397	66.3787
3693	66.2397	66.3409
3694	66.2397	66.5045
3695	66.2397	66.2398
3696	66.2397	66.3986
3697	66.2397	66.2722
3698	66.2397	66.2397
3699	66.2397	66.3127
3700	66.2397	66.3074
3701	66.2397	66.2397
3702	66.2397	66.2617
3703	66.2397	66.2784
3704	66.2397	66.2397
3705	66.2397	66.2505
3706	66.2397	66.2442
3707	66.2397	66.2539
3708	66.2397	66.2428
3709	66.2397	66.3111
3710	66.2397	66.355
3711	66.2397	66.2625
3712	66.2397	66.2799
3713	66.2397	66.4617
3714	66.2397	66.2815
3715	66.2397	66.2397
3716	66.2397	66.2397
3717	66.2397	66.2425
3718	66.2397	66.2397
3719	66.2397	66.3617
3720	66.2397	66.4859
3721	66.2397	66.2397
3722	66.2397	66.3139
3723	66.2397	66.2397
3724	66.2397	66.2397
3725	66.2397	66.2471
3726	66.2397	66.2993
3727	66.2397	66.4019
3728	66.2397	66.3144
3729	66.2397	66.2468
3730	66.2397	66.4003
3731	66.2397	66.4416
3732	66.2397	66.3356
3733	66.2397	66.3783
3734	66.2397	66.2667
3735	66.2397	66.2397
3736	66.2397	66.2569
3737	66.2397	66.3524
3738	66.2397	66.2397
3739	66.2397	66.2427
3740	66.2397	66.2407
3741	66.2397	66.518
3742	66.2397	66.484
3743	66.2397	66.3105
3744	66.2397	66.2621
3745	66.2397	66.4108
3746	66.2397	66.2611
3747	66.2397	66.291
3748	66.2397	66.5445
3749	66.2397	66.4475
3750	66.2397	66.3545
3751	66.2397	66.294
3752	66.2397	66.2397
3753	66.2397	66.2558
3754	66.2397	66.3346
3755	66.2397	66.2399
3756	66.2397	66.3025
3757	66.2397	66.2397
3758	66.2397	66.2397
3759	66.2397	66.2489
3760	66.2397	66.2397
3761	66.2397	66.2397
3762	66.2397	66.244
3763	66.2397	66.2397
3764	66.2397	66.275
3765	66.2397	66.2502
3766	66.2397	66.2727
3767	66.2397	66.2668
3768	66.2397	66.2397
3769	66.2397	66.5331
3770	66.2397	66.3266
3771	66.2397	66.2397
3772	66.2397	66.3428
3773	66.2397	66.2521
3774	66.2397	66.3096
3775	66.2397	66.2397
3776	66.2397	66.2609
3777	66.2397	66.2618
3778	66.2397	66.3475
3779	66.2397	66.2403
3780	66.2397	66.2397
3781	66.2397	66.2397
3782	66.2397	66.2606
3783	66.2397	66.321
3784	66.2397	66.2397
3785	66.2397	66.2397
3786	66.2397	66.2422
3787	66.2397	66.2397
3788	66.2397	66.2397
3789	66.2397	66.2397
3790	66.2397	66.3526
3791	66.2397	66.3431
3792	66.2397	66.3567
3793	66.2397	66.2499
3794	66.2397	66.2397
3795	66.2397	66.2397
3796	66.2397	66.2397
3797	66.2397	66.3435
3798	66.2397	66.286
3799	66.2397	66.3395
3800	66.2397	66.2587
3801	66.2397	66.4013
3802	66.2397	66.3571
3803	66.2397	66.2397
3804	66.2397	66.2397
3805	66.2397	66.2928
3806	66.2397	66.262
3807	66.2397	66.2719
3808	66.2397	66.2397
3809	66.2397	66.3746
3810	66.2397	66.3341
3811	66.2397	66.5181
3812	66.2397	66.439
3813	66.2397	66.4051
3814	66.2397	66.2397
3815	66.2397	66.2397
3816	66.2397	66.3267
3817	66.2397	66.3102
3818	66.2397	66.2659
3819	66.2397	66.3331
3820	66.2397	66.4606
3821	66.2397	66.3476
3822	66.2397	66.3708
3823	66.2397	66.2608
3824	66.2397	66.2925
3825	66.2397	66.3471
3826	66.2397	66.2931
3827	66.2397	66.2942
3828	66.2397	66.3943
3829	66.2397	66.2498
3830	66.2397	66.2397
3831	66.2397	66.2397
3832	66.2397	66.2397
3833	66.2397	66.2828
3834	66.2397	66.2485
3835	66.2397	66.2804
3836	66.2397	66.276
3837	66.2397	66.2715
3838	66.2397	66.3746
3839	66.2397	66.4937
3840	66.2397	66.2397
3841	66.2397	66.2397
3842	66.2397	66.2941
3843	66.2397	66.3195
3844	66.2397	66.2478
3845	66.2397	66.2658
3846	66.2397	66.2397
3847	66.2397	66.2397
3848	66.2397	66.2686
3849	66.2397	66.2397
3850	66.2397	66.2397
3851	66.2397	66.3131
3852	66.2397	66.2417
3853	66.2397	66.2764
3854	66.2397	66.2409
3855	66.2397	66.3287
3856	66.2397	66.29
3857	66.2397	66.3224
3858	66.2397	66.2397
3859	66.2397	66.2397
3860	66.2397	66.2753
3861	66.2397	66.2397
3862	66.2397	66.2453
3863	66.2397	66.2397
3864	66.2397	66.2412
3865	66.2397	66.2397
3866	66.2397	66.2457
3867	66.2397	66.2666
3868	66.2397	66.2759
3869	66.2397	66.2465
3870	66.2397	66.2726
3871	66.2397	66.6173
3872	66.2397	66.4857
3873	66.2397	66.2504
3874	66.2397	66.2397
3875	66.2397	66.2397
3876	66.2397	66.2397
3877	66.2397	66.2415
3878	66.2397	66.2397
3879	66.2397	66.27
3880	66.2397	66.2909
3881	66.2397	66.4127
3882	66.2397	66.3177
3883	66.2397	66.4245
3884	66.2397	66.3513
3885	66.2397	66.34
3886	66.2397	66.3341
3887	66.2397	66.2397
3888	66.2397	66.2641
3889	66.2397	66.2704
3890	66.2397	66.2741
3891	66.2397	66.2724
3892	66.2397	66.2409
3893	66.2397	66.392
3894	66.2397	66.2762
3895	66.2397	66.2985
3896	66.2397	66.3323
3897	66.2397	66.4032
3898	66.2397	66.2584
3899	66.2397	66.2397
3900	66.2397	66.4371
3901	66.2397	66.2397
3902	66.2397	66.2397
3903	66.2397	66.2397
3904	66.2397	66.2397
3905	66.2397	66.2397
3906	66.2397	66.2397
3907	66.2397	66.2507
3908	66.2397	66.2397
3909	66.2397	66.2824
3910	66.2397	66.2397
3911	66.2397	66.2397
3912	66.2397	66.2562
3913	66.2397	66.2495
3914	66.2397	66.2449
3915	66.2397	66.2576
3916	66.2397	66.2399
3917	66.2397	66.2471
3918	66.2397	66.2514
3919	66.2397	66.2397
3920	66.2397	66.3125
3921	66.2397	66.2704
3922	66.2397	66.2418
3923	66.2397	66.2397
3924	66.2397	66.2543
3925	66.2397	66.2456
3926	66.2397	66.2397
3927	66.2397	66.284
3928	66.2397	66.3809
3929	66.2397	66.2434
3930	66.2397	66.2397
3931	66.2397	66.2415
3932	66.2397	66.3024
3933	66.2397	66.2397
3934	66.2397	66.2911
3935	66.2397	66.2397
3936	66.2397	66.2397
3937	66.2397	66.2397
3938	66.2397	66.2397
3939	66.2397	66.241
3940	66.2397	66.2895
3941	66.2397	66.2974
3942	66.2397	66.2397
3943	66.2397	66.2825
3944	66.2397	66.3287
3945	66.2397	66.2397
3946	66.2397	66.3117
3947	66.2397	66.2397
3948	66.2397	66.3841
3949	66.2397	66.3156
3950	66.2397	66.2484
3951	66.2397	66.2526
3952	66.2397	66.2397
3953	66.2397	66.2397
3954	66.2397	66.2397
3955	66.2397	66.241
3956	66.2397	66.5803
3957	66.2397	66.3085
3958	66.2397	66.2451
3959	66.2397	66.2414
3960	66.2397	66.3643
3961	66.2397	66.2882
3962	66.2397	66.2823
3963	66.2397	66.2397
3964	66.2397	66.2922
3965	66.2397	66.245
3966	66.2397	66.3337
3967	66.2397	66.2409
3968	66.2397	66.2397
3969	66.2397	66.291
3970	66.2397	66.3237
3971	66.2397	66.2403
3972	66.2397	66.2481
3973	66.2397	66.2757
3974	66.2397	66.24
3975	66.2397	66.2397
3976	66.2397	66.3165
3977	66.2397	66.3363
3978	66.2397	66.3392
3979	66.2397	66.4204
3980	66.2397	66.6729
3981	66.2397	66.2765
3982	66.2397	66.2861
3983	66.2397	66.4458
3984	66.2397	66.4891
3985	66.2397	66.3947
3986	66.2397	66.3505
3987	66.2397	66.3308
3988	66.2397	66.3296
3989	66.2397	66.2969
3990	66.2397	66.2397
3991	66.2397	66.2665
3992	66.2397	66.3253
3993	66.2397	66.4344
3994	66.2397	66.2397
3995	66.2397	66.2402
3996	66.2397	66.2397
3997	66.2397	66.3037
3998	66.2397	66.3667
3999	66.2397	66.2397
