0	416.777	467.13
1	411.489	443.182
2	392.778	424.374
3	379.118	409.551
4	372.079	394.345
5	365.736	382.836
6	358.971	373.38
7	352.344	366.343
8	343.205	358.728
9	332.102	350.963
10	322.657	342.944
11	319.075	333.304
12	311.44	324.367
13	304.045	318.125
14	295.331	311.954
15	287.412	305.493
16	283.491	297.203
17	274.336	290.061
18	268.234	283.828
19	260.788	277.095
20	253.354	269.45
21	249.014	261.361
22	244.546	255.075
23	243.746	250.226
24	238.07	246.405
25	236.949	243.94
26	231.034	241.003
27	230.142	237.997
28	226.427	234.293
29	222.422	231.331
30	218.786	228.406
31	216.949	225.133
32	212.989	221.916
33	208.841	218.717
34	204.637	215.33
35	203.252	212.187
36	196.737	208.854
37	193.822	204.884
38	193.822	200.941
39	191.442	197.997
40	189.039	195.082
41	189.039	193.758
42	187.341	192.573
43	186.883	190.345
44	185.215	189.017
45	181.562	187.687
46	180.026	186.221
47	177.154	183.944
48	175.199	182.269
49	171.988	179.512
50	171.095	176.724
51	170.148	174.515
52	169.886	172.995
53	168.334	172.051
54	165.244	170.952
55	164.563	168.83
56	163.01	166.651
57	162.512	165.571
58	160.441	163.948
59	158.429	162.871
60	157.932	161.403
61	156.867	159.856
62	156.809	158.629
63	156.314	157.94
64	155.844	157.93
65	151.548	157.514
66	151.004	156.232
67	148.153	154.296
68	147.853	152.986
69	146.938	151.464
70	146.46	150.016
71	145.402	148.839
72	144.715	147.597
73	143.991	146.44
74	143.205	145.282
75	141.997	144.422
76	141.551	143.834
77	141.282	142.884
78	139.734	142.365
79	138.168	141.601
80	137.934	140.952
81	137.127	139.53
82	135.187	138.085
83	135.187	137.396
84	135.187	137.543
85	134.525	136.716
86	133.592	135.7
87	132.443	135.056
88	131.905	134.315
89	130.755	133.493
90	129.319	133.034
91	129.319	132.099
92	128.847	131.069
93	128.221	130.212
94	127.749	129.23
95	127.61	128.717
96	126.511	128.366
97	125.91	127.709
98	124.672	127.057
99	124.566	126.384
100	124.031	125.161
101	113.479	124.158
102	113.479	121.23
103	112.147	117.338
104	108.881	114.584
105	108.639	112.856
106	108.319	111.093
107	108.319	109.565
108	108.124	108.612
109	107.131	108.401
110	106.227	108.13
111	106.027	107.608
112	105.137	107.047
113	104.458	106.182
114	103.957	105.493
115	103.776	104.986
116	103.603	104.399
117	103.043	104.024
118	102.474	103.655
119	101.428	103.429
120	101.428	103.22
121	101.428	102.465
122	101.428	102.352
123	100.704	101.712
124	100.704	101.561
125	100.704	101.099
126	100.704	100.885
127	99.6726	100.766
128	99.6726	100.718
129	98.9718	101.363
130	98.3099	101.268
131	98.3099	100.544
132	98.0188	99.6542
133	97.3224	98.6339
134	97.0313	98.055
135	96.7717	97.7088
136	96.6049	97.2835
137	96.27	97.0395
138	96.0104	96.782
139	96.0104	96.4542
140	95.4179	96.2256
141	95.4179	96.0683
142	95.4179	95.6487
143	95.4159	95.5627
144	94.3571	95.4419
145	94.0332	95.3262
146	94.0332	94.8295
147	93.4745	94.4669
148	93.4745	94.0833
149	93.4745	93.8005
150	93.4745	93.6141
151	92.024	93.5393
152	91.8703	93.3545
153	91.8703	92.8068
154	91.8703	92.1432
155	91.8703	91.946
156	91.8703	91.9665
157	91.8703	92.1015
158	91.78	91.8699
159	91.3882	91.8967
160	91.3882	91.7924
161	90.6993	91.5847
162	90.6993	91.3254
163	90.6993	91.0412
164	90.3191	90.825
165	90.3191	90.8852
166	89.9542	90.5643
167	89.9542	90.4609
168	89.95	90.1563
169	89.2269	90.011
170	89.1124	89.9161
171	88.9628	90.0617
172	88.9628	89.9487
173	88.8753	89.837
174	88.8753	89.5205
175	88.4059	89.2344
176	88.4059	89.6003
177	88.4059	90.9789
178	88.4059	90.895
179	88.4059	89.5807
180	88.3994	88.7108
181	88.3994	88.4673
182	88.3994	88.5028
183	88.3529	88.4172
184	88.3529	89.4639
185	88.3529	90.8603
186	88.3529	91.5619
187	88.3529	89.5797
188	88.3529	88.6873
189	88.3529	88.6386
190	88.3529	88.6385
191	88.3529	88.3758
192	88.2746	88.3527
193	87.8662	88.3649
194	87.8662	88.3641
195	87.8662	88.1961
196	87.3595	88.0235
197	86.5432	88.2277
198	86.5432	89.0941
199	86.5432	88.5696
200	86.5432	87.7864
201	83.2949	87.9342
202	83.2949	88.2057
203	83.2768	86.9811
204	83.2768	85.2397
205	83.2768	83.8166
206	83.2768	83.3912
207	83.2768	83.4174
208	83.2768	83.3121
209	83.2768	83.3172
210	83.2768	83.3474
211	83.2768	83.2768
212	83.2768	83.2768
213	83.2768	83.2768
214	83.0279	83.2764
215	83.0279	83.3444
216	82.8585	83.2414
217	82.8585	83.3607
218	82.8585	83.8351
219	82.8585	84.283
220	82.8585	83.4393
221	82.707	83.297
222	82.707	83.1189
223	82.6254	83.0376
224	82.6254	82.7992
225	82.6254	82.9591
226	82.6254	82.8393
227	82.6254	82.7722
228	82.6254	82.7019
229	82.6254	82.7788
230	82.6254	82.7567
231	82.6254	82.7839
232	82.6254	82.6859
233	82.6254	82.8026
234	82.6254	82.8029
235	82.6254	82.6453
236	82.6254	82.6387
237	82.6254	82.6861
238	82.6254	82.6458
239	82.6254	82.7183
240	82.6254	82.6597
241	82.4088	82.6246
242	81.7793	82.7752
243	81.7793	82.9926
244	81.4432	82.5293
245	81.4432	82.4101
246	81.4432	82.4052
247	81.3339	82.2647
248	81.3339	81.9696
249	81.3339	81.5897
250	81.3339	81.5704
251	81.3339	81.4631
252	81.3339	81.3604
253	80.9778	81.441
254	80.8109	81.659
255	80.8109	81.9031
256	80.5622	82.0436
257	80.5622	81.1956
258	80.4913	80.9095
259	80.4913	80.7942
260	80.4913	80.6846
261	80.1352	80.511
262	80.1142	80.9336
263	80.1142	82.259
264	80.1142	83.9188
265	80.1142	82.9798
266	80.1142	81.8236
267	80.0276	80.7665
268	79.9424	80.5203
269	79.8098	80.175
270	79.8098	80.0922
271	79.8098	79.957
272	79.8098	80.1408
273	79.8098	79.8963
274	79.8098	79.8808
275	79.8098	79.8235
276	79.741	79.8463
277	79.741	79.8618
278	79.741	79.82
279	79.741	79.7598
280	79.741	79.7915
281	79.741	80.0903
282	79.6648	79.7726
283	79.6648	79.7922
284	79.6189	79.7198
285	79.6189	79.6754
286	79.6189	79.721
287	79.6189	79.8299
288	79.6189	79.837
289	79.6189	79.6535
290	79.6189	79.6253
291	79.6189	79.6189
292	79.6189	79.8688
293	79.6189	79.6713
294	79.6189	79.6189
295	79.6189	79.6189
296	79.6189	79.6189
297	79.6189	79.6282
298	79.6189	79.6455
299	79.6189	79.6189
300	79.6189	79.6189
301	78.316	79.7714
302	77.7605	80.9597
303	77.7605	81.5794
304	77.7605	81.0378
305	77.7605	79.4502
306	77.7605	78.9811
307	77.7605	78.1174
308	77.7605	77.8029
309	77.7605	77.7605
310	77.7605	77.7605
311	77.7605	77.7605
312	77.7605	77.8401
313	77.7605	77.7605
314	77.7605	77.7612
315	77.0716	77.8337
316	77.003	77.8802
317	77.003	78.0843
318	76.5916	78.0634
319	76.5916	77.729
320	76.5916	77.5149
321	76.5916	77.1786
322	76.5916	76.8847
323	76.5916	76.6435
324	76.2151	76.6153
325	76.12	77.2368
326	75.0711	77.3754
327	75.0711	77.5099
328	75.0711	76.4893
329	75.0711	76.0881
330	75.0711	75.4073
331	75.0413	75.2092
332	75.0413	75.2006
333	75.0413	75.2856
334	75.0413	75.1217
335	75.0413	75.2628
336	75.0413	75.1328
337	75.0371	75.0465
338	74.8282	75.0713
339	74.8282	75.1076
340	74.8239	75.2566
341	74.8239	75.2449
342	74.8239	74.9569
343	74.8239	74.9202
344	74.8239	74.9671
345	73.3719	75.0262
346	73.3719	74.8143
347	72.9581	74.2429
348	72.9581	73.8006
349	72.9581	73.3253
350	72.9581	73.0637
351	72.9581	73.0595
352	72.9581	72.9777
353	72.9581	72.9581
354	72.9581	72.9694
355	72.9581	72.9853
356	72.9581	72.9909
357	72.9581	73.0386
358	72.9581	72.9581
359	72.9581	73.2267
360	72.9581	73.0509
361	72.9581	73.1034
362	72.9581	72.9817
363	72.9581	73.0114
364	72.6657	72.9573
365	72.6657	72.9188
366	72.6657	72.8228
367	72.6657	72.7944
368	72.6657	72.753
369	72.6657	72.7549
370	72.6657	72.8522
371	72.6657	72.8378
372	72.6657	72.7541
373	72.6657	72.6657
374	72.6657	72.6657
375	72.6657	72.7257
376	72.6657	72.8292
377	72.6657	72.7301
378	72.6657	72.6872
379	72.6657	72.7202
380	72.611	72.74
381	72.611	72.6602
382	72.3002	72.6549
383	72.3002	72.6304
384	72.3002	72.4536
385	72.3002	72.477
386	72.3002	72.3236
387	72.3002	72.4558
388	72.3002	72.4586
389	72.2268	72.3375
390	71.4904	72.5721
391	71.4904	73.8338
392	71.4904	74.0126
393	71.4904	72.767
394	71.3944	72.069
395	71.3944	71.6001
396	71.3944	71.6468
397	71.3944	71.4291
398	71.3944	71.4038
399	71.3944	71.4462
400	71.3944	71.3947
401	71.3944	71.4848
402	71.3944	71.4932
403	71.3944	71.6312
404	71.3944	71.5587
405	71.3944	71.4122
406	71.3944	71.442
407	71.3944	71.5869
408	71.3944	71.4995
409	71.3944	71.4279
410	71.3944	71.3944
411	71.3944	71.72
412	71.3944	71.5218
413	71.3944	71.5309
414	71.3944	71.6358
415	71.3944	71.5044
416	71.3944	71.4497
417	71.3944	71.3944
418	71.3944	71.3944
419	71.3944	71.3944
420	71.3944	71.4571
421	71.3944	71.4759
422	71.3944	71.5167
423	71.3944	71.5788
424	71.3944	71.5173
425	71.3944	71.3944
426	71.3944	71.3944
427	71.3944	71.3944
428	71.3944	71.3944
429	71.3944	71.5262
430	71.3944	71.4983
431	71.3944	71.4518
432	71.3944	71.5275
433	71.3944	71.5366
434	71.3944	71.9816
435	71.3944	71.4732
436	71.3944	71.5905
437	71.3944	71.4781
438	71.3939	71.4154
439	71.3939	71.49
440	71.3939	71.5042
441	71.3939	71.6648
442	71.3939	71.4213
443	71.3939	71.4596
444	71.3939	71.4049
445	71.3939	71.4714
446	71.3939	71.4557
447	71.3939	71.4085
448	71.3939	71.3939
449	71.3939	71.3939
450	71.3939	71.3939
451	71.3939	71.3939
452	71.3939	71.3939
453	71.3939	71.3939
454	71.3939	71.4222
455	71.3939	71.3939
456	71.3939	71.4516
457	71.3939	71.3939
458	71.3939	71.4138
459	71.3939	71.3949
460	71.3939	71.4534
461	71.3939	71.3939
462	71.3939	71.3939
463	71.3939	71.4903
464	71.3939	71.5931
465	71.3939	71.6055
466	71.3939	71.4828
467	71.3939	71.3939
468	71.3939	71.4064
469	71.3939	71.4828
470	71.3483	71.4009
471	70.9565	71.386
472	70.9565	71.403
473	70.9565	71.1305
474	70.9565	71.0953
475	70.9565	70.992
476	70.9565	71.0546
477	70.9565	71.1841
478	70.9565	71.0471
479	70.9565	70.9996
480	70.9565	71.0043
481	70.9565	71.0178
482	70.9565	70.9565
483	70.9565	71.0128
484	70.9565	71.0706
485	70.9565	70.9565
486	70.9565	70.9893
487	70.9565	71.2977
488	70.9565	71.0658
489	70.9565	70.9565
490	70.9565	70.9565
491	70.9565	70.9974
492	70.9565	71.0973
493	70.9565	70.9794
494	70.9565	71.0284
495	70.9565	71.0533
496	70.9565	71.0187
497	70.9565	70.9565
498	70.9565	70.9596
499	70.9565	70.9863
500	70.9565	71.0068
501	70.9365	71.006
502	70.5128	71.0711
503	70.5128	71.0302
504	70.5128	70.7743
505	70.5128	70.6006
506	70.5128	70.5761
507	70.5128	70.6577
508	70.5128	70.5591
509	70.5128	70.726
510	70.5128	70.6053
511	70.5128	70.6892
512	70.4863	70.5136
513	70.4863	70.5761
514	70.4863	70.7619
515	70.4863	70.6626
516	70.4863	70.5552
517	70.3958	70.6004
518	70.3958	70.536
519	70.3958	70.5349
520	70.3958	70.4836
521	70.3958	70.4818
522	70.3958	70.4254
523	70.3958	70.3958
524	70.3958	70.4469
525	70.3958	70.3958
526	70.3958	70.4015
527	70.3958	70.3958
528	70.3958	70.3958
529	70.3958	70.3958
530	70.3958	70.4362
531	70.3958	70.3958
532	70.3958	70.4027
533	70.3958	70.3982
534	70.3958	70.3958
535	70.3958	70.4281
536	70.3958	70.3958
537	70.3958	70.4382
538	70.3958	70.4999
539	70.3958	70.5461
540	70.3958	70.8319
541	70.3958	70.3958
542	70.3958	70.4227
543	70.3958	70.4593
544	70.3958	70.3965
545	70.3958	70.4083
546	70.3958	70.3958
547	70.3958	70.5626
548	70.3958	70.4328
549	70.3958	70.6254
550	70.3958	70.4747
551	70.1734	70.4936
552	70.1734	70.5779
553	70.1734	70.4839
554	70.1734	70.5459
555	70.1734	70.3249
556	70.1734	70.2656
557	70.1734	70.2156
558	70.1734	70.3069
559	70.1734	70.2532
560	70.1734	70.2172
561	70.1117	70.1732
562	70.1117	70.2887
563	70.1117	70.2027
564	70.1117	70.387
565	70.1117	70.2329
566	70.1117	70.1246
567	70.1117	70.1162
568	69.8852	70.1927
569	69.8852	70.1573
570	69.8852	70.0533
571	69.8852	69.9463
572	69.8852	69.9647
573	69.8852	69.9733
574	69.8852	69.9755
575	69.8852	69.8852
576	69.8852	69.9059
577	69.8852	69.9216
578	69.8852	69.9682
579	69.8852	69.9189
580	69.8852	70.0682
581	69.8852	69.9134
582	69.8852	69.9555
583	69.8852	70.0219
584	69.8852	69.9141
585	69.8852	69.9813
586	69.8852	70.0346
587	69.8852	69.9332
588	69.8852	69.9741
589	69.8852	69.9454
590	69.8852	70.0545
591	69.8852	70.1563
592	69.8852	70.1143
593	69.8852	70.0342
594	69.8852	70.0131
595	69.8852	69.9467
596	69.8852	69.9432
597	69.8852	70.0731
598	69.8852	69.8886
599	69.8852	69.9188
600	69.8852	69.8927
601	69.8852	70.0017
602	69.8852	69.9707
603	69.8852	69.8852
604	69.8852	69.9157
605	69.8852	69.9263
606	69.8852	69.9198
607	69.8852	69.8852
608	69.8852	69.9618
609	69.8852	69.893
610	69.8852	69.8852
611	69.8852	69.955
612	69.8852	69.9219
613	69.8852	69.9368
614	69.8852	69.9529
615	69.8852	69.9271
616	69.8852	69.9125
617	69.8852	69.8852
618	69.8852	69.9008
619	69.8852	69.9275
620	69.8852	69.9437
621	69.8852	69.9595
622	69.8852	69.9876
623	69.8852	69.9208
624	69.8852	69.9333
625	69.8852	69.8978
626	69.8852	69.9313
627	69.8852	69.9414
628	69.8852	69.9396
629	69.8852	69.9663
630	69.8852	69.9679
631	69.8852	69.8852
632	69.8852	70.0013
633	69.8852	70.0223
634	69.8852	69.9934
635	69.8852	69.9565
636	69.8852	69.9008
637	69.8852	70.0134
638	69.8852	70.0265
639	69.8852	69.9377
640	69.8852	69.8852
641	69.8852	69.8852
642	69.8852	70.0287
643	69.8852	69.9743
644	69.8852	69.8934
645	69.8852	69.9003
646	69.8852	70.0812
647	69.8852	70.0702
648	69.8852	69.9901
649	69.8852	70.0226
650	69.8852	69.9002
651	69.8852	70.2776
652	69.8852	72.2672
653	69.8852	74.0494
654	69.8852	72.4481
655	69.8852	71.4416
656	69.8852	70.4756
657	69.8852	70.056
658	69.8852	69.9989
659	69.8852	69.8971
660	69.8852	69.8876
661	69.8852	69.9241
662	69.8852	69.9058
663	69.8852	69.8852
664	69.8852	69.8852
665	69.8852	69.9035
666	69.8852	69.9102
667	69.8852	69.9432
668	69.8852	69.9482
669	69.8852	69.8852
670	69.8852	69.9034
671	69.8852	69.9611
672	69.8852	69.9492
673	69.8852	70.1562
674	69.8852	70.136
675	69.8852	69.9051
676	69.8852	69.89
677	69.8852	69.9494
678	69.8852	70.0688
679	69.8852	70.1156
680	69.8852	70.0149
681	69.8852	69.892
682	69.8852	70.0489
683	69.8852	69.8964
684	69.8852	69.8852
685	69.8852	69.8852
686	69.8852	69.8852
687	69.8852	69.9078
688	69.8852	69.9257
689	69.8852	69.8852
690	69.8852	69.8852
691	69.8852	69.9413
692	69.8852	69.8922
693	69.8852	69.887
694	69.8852	69.8852
695	69.8852	69.8892
696	69.8852	69.9069
697	69.8852	70.0053
698	69.8852	70.2425
699	69.8852	70.0126
700	69.8852	70.1148
701	69.8852	69.8961
702	69.8852	69.9816
703	69.8852	69.8852
704	69.8852	69.8852
705	69.8852	69.9541
706	69.8852	69.8852
707	69.8852	69.9445
708	69.8852	69.9567
709	69.8852	70.1804
710	69.8852	70.016
711	69.8852	69.8852
712	69.8852	69.8852
713	69.8852	69.9575
714	69.8852	69.9875
715	69.8852	69.9804
716	69.8852	70.0033
717	69.8852	69.8852
718	69.8852	69.9162
719	69.8852	69.8852
720	69.8852	69.943
721	69.8852	70.1036
722	69.8852	70.0876
723	69.8852	69.8852
724	69.8852	69.8891
725	69.8852	69.8859
726	69.8852	69.9237
727	69.8852	69.9467
728	69.8852	69.8852
729	69.8852	69.8852
730	69.8852	69.8909
731	69.8852	69.8961
732	69.8852	69.8852
733	69.8852	69.8892
734	69.8852	69.8921
735	69.8852	69.8852
736	69.8852	69.8867
737	69.8852	69.9549
738	69.8852	69.8937
739	69.8852	69.8924
740	69.8852	70.027
741	69.8852	69.9215
742	69.8852	69.8944
743	69.8852	69.9147
744	69.8852	69.9393
745	69.8852	69.8852
746	69.8852	69.8852
747	69.8852	69.8942
748	69.8852	69.8852
749	69.8852	70.0152
750	69.8852	69.9511
751	69.8852	69.8852
752	69.8852	69.8862
753	69.8852	69.8852
754	69.8852	69.9249
755	69.8852	69.9675
756	69.8852	70.0108
757	69.8852	69.9947
758	69.8852	69.9071
759	69.8852	69.9969
760	69.8852	69.9791
761	69.8852	69.9462
762	69.8852	69.9498
763	69.8852	69.8913
764	69.8852	69.9175
765	69.8852	70.0216
766	69.8852	69.9758
767	69.8852	70.1347
768	69.8852	70.0231
769	69.8852	69.94
770	69.8852	69.8852
771	69.8852	69.8852
772	69.8852	70.0183
773	69.8852	69.8852
774	69.8852	69.9909
775	69.8852	70.0008
776	69.8852	69.9588
777	69.8852	69.9062
778	69.8852	69.8948
779	69.8852	69.8852
780	69.8852	69.8852
781	69.8852	69.8852
782	69.8852	69.8852
783	69.8852	69.8852
784	69.8852	69.8852
785	69.8852	69.8926
786	69.8852	69.8994
787	69.8852	69.9252
788	69.8852	69.8852
789	69.8852	69.9134
790	69.8852	69.8852
791	69.8852	69.9188
792	69.8852	69.973
793	69.8852	69.8852
794	69.8852	69.8864
795	69.8852	69.9496
796	69.8852	70.0394
797	69.8852	70.0045
798	69.8852	69.9577
799	69.8852	70.0649
800	69.8852	69.9604
801	69.8852	69.9142
802	69.8852	69.9649
803	69.8852	69.9266
804	69.8852	70.0713
805	69.8852	69.8852
806	69.8852	69.8852
807	69.8852	69.8852
808	69.8852	69.9285
809	69.8852	69.8873
810	69.8852	69.8852
811	69.8852	69.8874
812	69.8852	69.9023
813	69.8852	69.8852
814	69.8852	69.9442
815	69.8852	70.08
816	69.8852	69.961
817	69.8852	69.8852
818	69.8852	69.9068
819	69.8852	69.8953
820	69.8852	69.9501
821	69.8852	69.8852
822	69.8852	69.9184
823	69.8852	70.0832
824	69.8852	70.1069
825	69.8852	70.2711
826	69.8852	69.9401
827	69.8852	69.9014
828	69.8852	69.9219
829	69.8852	69.8908
830	69.8852	69.8982
831	69.8852	69.8852
832	69.8852	69.8996
833	69.8852	69.9028
834	69.8852	69.8852
835	69.8852	69.8852
836	69.8852	69.8891
837	69.8852	69.8858
838	69.8852	69.8852
839	69.8852	69.8852
840	69.8852	69.9462
841	69.8852	69.9268
842	69.8852	69.9578
843	69.8852	69.8992
844	69.8852	69.8882
845	69.8852	69.8852
846	69.8852	69.9749
847	69.8852	69.8973
848	69.8852	70.0065
849	69.8852	69.9646
850	69.8852	69.8852
851	69.7902	69.9409
852	69.7902	70.6299
853	69.7902	70.3704
854	69.7902	69.9224
855	69.7902	69.8272
856	69.7902	69.9378
857	69.7902	70.0549
858	69.7902	69.8109
859	69.7902	69.8234
860	69.7902	69.8373
861	69.7902	69.8573
862	69.7902	69.7902
863	69.7902	69.7937
864	69.7902	69.7902
865	69.7902	69.7902
866	69.7902	70.0177
867	69.7902	69.8024
868	69.7902	69.992
869	69.7902	69.8551
870	69.7902	69.9483
871	69.7902	69.7902
872	69.7902	69.7902
873	69.7902	69.8017
874	69.7902	69.7902
875	69.7902	69.7902
876	69.7902	69.7902
877	69.7902	69.8354
878	69.7902	69.7902
879	69.7902	69.8234
880	69.7902	69.8075
881	69.7902	69.7911
882	69.7902	69.8229
883	69.7902	69.805
884	69.7902	69.9004
885	69.7902	69.9292
886	69.7902	69.8998
887	69.7902	69.7902
888	69.7902	69.8687
889	69.7902	69.7902
890	69.7902	69.7902
891	69.7902	69.7902
892	69.7902	69.7902
893	69.7902	70.0099
894	69.7902	69.7902
895	69.7902	69.8278
896	69.7902	69.9124
897	69.7902	69.7902
898	69.7902	69.9043
899	69.7902	69.7922
900	69.7902	69.803
901	69.7902	69.7902
902	69.7902	69.7902
903	69.7902	69.7902
904	69.7902	69.8131
905	69.7902	69.9783
906	69.7902	69.9049
907	69.7902	69.9775
908	69.7902	69.9919
909	69.7902	69.9131
910	69.7902	69.9135
911	69.7902	69.8102
912	69.7902	69.8576
913	69.7902	69.8505
914	69.7902	69.8248
915	69.7902	69.876
916	69.7902	70.0134
917	69.7902	69.8699
918	69.7902	69.8046
919	69.7902	69.8
920	69.7902	69.8003
921	69.7902	69.8108
922	69.7902	69.7902
923	69.7902	69.8723
924	69.7902	69.8698
925	69.7902	69.7902
926	69.7902	69.7902
927	69.7902	69.8733
928	69.7902	69.9235
929	69.7902	69.9209
930	69.7902	69.8524
931	69.7902	69.7916
932	69.7902	69.8206
933	69.7902	69.8
934	69.7902	69.8134
935	69.7902	69.8119
936	69.7902	69.8379
937	69.7902	69.7902
938	69.7902	69.7992
939	69.7902	69.9502
940	69.7902	69.7902
941	69.7902	69.7902
942	69.7902	69.8614
943	69.7902	69.7902
944	69.7902	69.7902
945	69.7902	69.7916
946	69.7902	69.7935
947	69.7902	69.7902
948	69.7902	69.8382
949	69.7902	69.8063
950	69.7902	69.9341
951	69.7902	69.9716
952	69.7902	69.9789
953	69.7902	69.8638
954	69.7902	69.7938
955	69.7902	69.8196
956	69.7771	69.8117
957	69.7771	69.863
958	69.7771	69.7863
959	69.7771	70.0786
960	69.7771	69.7933
961	69.7771	69.943
962	69.7771	69.8413
963	69.7771	69.8182
964	69.7771	69.7804
965	69.7771	69.7771
966	69.7771	69.7771
967	69.7771	69.8394
968	69.7771	69.8732
969	69.7771	69.8233
970	69.7771	69.7771
971	69.7771	69.7771
972	69.7771	69.7771
973	69.7771	69.792
974	69.7771	69.7834
975	69.7771	69.7771
976	69.7771	69.7771
977	69.7771	69.7864
978	69.7771	69.8839
979	69.7771	69.7918
980	69.7771	69.8044
981	69.7771	69.8912
982	69.7771	69.7968
983	69.7771	69.9504
984	69.7771	69.7785
985	69.7771	69.8228
986	69.7771	69.869
987	69.7771	69.8786
988	69.7771	69.8845
989	69.7771	69.8101
990	69.7771	69.903
991	69.7771	69.9542
992	69.7771	70.1481
993	69.7771	69.9771
994	69.7771	69.9035
995	69.7771	69.7897
996	69.7771	69.8088
997	69.7771	69.8156
998	69.7771	69.7985
999	69.7771	69.8069
1000	69.7771	69.8584
1001	69.7771	69.8589
1002	69.7771	69.7771
1003	69.7771	69.7895
1004	69.7771	69.834
1005	69.7771	69.7771
1006	69.7771	69.8491
1007	69.7771	69.8643
1008	69.7771	69.9462
1009	69.7771	69.8299
1010	69.7771	69.9072
1011	69.7771	69.8439
1012	69.7771	69.7859
1013	69.7771	69.8598
1014	69.7771	69.7964
1015	69.7771	69.7771
1016	69.7771	69.8507
1017	69.7771	69.8574
1018	69.7771	69.9261
1019	69.7771	69.8007
1020	69.7771	69.8152
1021	69.7771	69.8347
1022	69.7771	69.7931
1023	69.7771	69.7844
1024	69.7771	69.8602
1025	69.7771	69.8356
1026	69.7771	69.7902
1027	69.7771	69.8964
1028	69.7771	69.9623
1029	69.7771	70.0201
1030	69.7771	70.0312
1031	69.7771	69.8224
1032	69.7771	69.8168
1033	69.7771	69.8475
1034	69.7771	69.7836
1035	69.7771	69.8769
1036	69.7771	69.7771
1037	69.7771	69.8457
1038	69.7771	69.8422
1039	69.7771	69.8436
1040	69.7771	69.8456
1041	69.7771	69.8361
1042	69.7771	69.7921
1043	69.7771	69.7778
1044	69.7771	69.8119
1045	69.7771	69.8474
1046	69.7771	69.9185
1047	69.7771	69.875
1048	69.7771	69.9402
1049	69.7771	69.8141
1050	69.7771	69.7771
1051	69.7771	69.7776
1052	69.7771	69.7918
1053	69.7771	69.7771
1054	69.7771	69.799
1055	69.7771	69.7967
1056	69.7771	69.855
1057	69.7771	69.9058
1058	69.7771	69.9005
1059	69.7771	69.9801
1060	69.7771	69.7771
1061	69.7771	69.8493
1062	69.7771	70.0618
1063	69.7771	69.7955
1064	69.7771	69.809
1065	69.7771	69.8401
1066	69.7771	69.8558
1067	69.7771	69.7771
1068	69.7771	69.7802
1069	69.7771	69.8054
1070	69.7771	69.995
1071	69.7771	69.8534
1072	69.7771	70.0068
1073	69.7771	69.9374
1074	69.7771	69.9952
1075	69.7771	69.8337
1076	69.7771	69.8256
1077	69.7771	69.8842
1078	69.7771	70.1708
1079	69.7771	69.9034
1080	69.7771	69.8852
1081	69.7771	69.7771
1082	69.7771	69.7771
1083	69.7771	69.8421
1084	69.7771	69.9274
1085	69.7771	69.8313
1086	69.7771	69.8967
1087	69.7771	69.869
1088	69.7771	69.8256
1089	69.7771	69.989
1090	69.7771	69.9548
1091	69.7771	69.893
1092	69.7771	69.8685
1093	69.7771	69.8451
1094	69.7771	69.8577
1095	69.7771	69.7966
1096	69.7771	69.8069
1097	69.7771	69.7771
1098	69.7771	69.7771
1099	69.7771	69.7771
1100	69.7771	69.9778
1101	69.7771	69.7771
1102	69.7771	69.8661
1103	69.7771	69.7771
1104	69.7771	69.7771
1105	69.7771	69.7771
1106	69.7771	69.9691
1107	69.7771	69.9699
1108	69.7771	69.8388
1109	69.7771	69.7772
1110	69.7771	69.7771
1111	69.7771	69.7794
1112	69.7771	69.7771
1113	69.7771	69.8388
1114	69.7771	69.8227
1115	69.7771	69.9002
1116	69.7771	69.8387
1117	69.7771	69.7771
1118	69.7771	69.7861
1119	69.7771	69.7771
1120	69.7771	69.7771
1121	69.7771	69.8089
1122	69.7771	69.8065
1123	69.7771	69.7771
1124	69.7771	69.8146
1125	69.7771	69.7771
1126	69.7771	69.7967
1127	69.7771	69.7834
1128	69.7771	69.9828
1129	69.7771	70.1174
1130	69.7771	70.1514
1131	69.7771	69.9821
1132	69.7771	69.7851
1133	69.7771	69.845
1134	69.7771	69.8735
1135	69.7771	70.0168
1136	69.7771	69.8535
1137	69.7771	69.8691
1138	69.7771	69.7972
1139	69.7771	69.7771
1140	69.7771	69.8748
1141	69.7771	69.8227
1142	69.7771	69.7771
1143	69.7771	69.7771
1144	69.7771	69.7914
1145	69.7771	69.971
1146	69.7771	69.7804
1147	69.7771	69.8037
1148	69.7771	69.7774
1149	69.7771	69.7771
1150	69.7771	69.8167
1151	69.7771	69.7771
1152	69.7771	69.7771
1153	69.7771	69.8155
1154	69.7771	69.8011
1155	69.7771	69.7956
1156	69.7771	69.7771
1157	69.7771	69.8547
1158	69.7771	69.8112
1159	69.7771	69.7771
1160	69.7771	69.7771
1161	69.7771	69.7771
1162	69.7771	69.7771
1163	69.7771	69.7771
1164	69.7771	69.7771
1165	69.7771	69.7838
1166	69.7771	69.8388
1167	69.7771	69.7985
1168	69.7771	69.7771
1169	69.7771	69.8441
1170	69.7771	69.8047
1171	69.7771	70.0754
1172	69.7771	70.2943
1173	69.7771	70.2439
1174	69.7771	69.794
1175	69.7771	69.864
1176	69.7771	69.7932
1177	69.7771	69.7774
1178	69.7771	69.7771
1179	69.7771	69.8371
1180	69.7771	69.7771
1181	69.7771	69.8419
1182	69.7771	69.9085
1183	69.7771	69.8905
1184	69.7771	69.8734
1185	69.7771	69.8746
1186	69.7771	69.9687
1187	69.7771	69.826
1188	69.7771	69.8151
1189	69.7771	69.7845
1190	69.7771	69.7771
1191	69.7771	69.7996
1192	69.7771	70.2089
1193	69.7771	69.8201
1194	69.7771	69.7895
1195	69.7771	70.0253
1196	69.7771	69.7875
1197	69.7771	69.7918
1198	69.7771	69.9724
1199	69.7771	69.8109
1200	69.7771	69.8552
1201	69.7771	69.9208
1202	69.7771	69.7943
1203	69.7771	69.7771
1204	69.7771	69.7771
1205	69.7771	69.7851
1206	69.7771	69.7771
1207	69.7771	69.7771
1208	69.7771	69.7776
1209	69.7771	69.8987
1210	69.7771	69.7885
1211	69.7771	69.8157
1212	69.7771	69.8104
1213	69.7771	69.934
1214	69.7771	69.7823
1215	69.7771	69.7776
1216	69.7771	69.7771
1217	69.7771	69.7771
1218	69.7771	69.8421
1219	69.7771	69.7872
1220	69.7771	69.8381
1221	69.7771	69.7899
1222	69.7771	69.8178
1223	69.7771	69.7775
1224	69.7771	69.8587
1225	69.7771	69.7771
1226	69.7771	69.7771
1227	69.7771	69.8643
1228	69.7771	70.1267
1229	69.7771	69.9302
1230	69.7771	69.8975
1231	69.7771	69.905
1232	69.7771	69.7787
1233	69.7771	69.7771
1234	69.7771	69.7857
1235	69.7771	69.8562
1236	69.7771	69.7771
1237	69.7771	69.7876
1238	69.7771	69.7771
1239	69.7771	69.7771
1240	69.7771	69.7771
1241	69.7771	69.7771
1242	69.7771	69.8045
1243	69.7771	69.8045
1244	69.7771	69.9757
1245	69.7771	69.86
1246	69.7771	69.8928
1247	69.7771	69.9887
1248	69.7771	69.8272
1249	69.7771	69.9028
1250	69.7771	69.7863
1251	69.7272	69.7854
1252	69.7272	69.7656
1253	69.7272	69.7359
1254	69.7272	69.7337
1255	69.7272	69.7272
1256	69.7272	69.7492
1257	69.7272	69.7482
1258	69.7272	69.7411
1259	69.7272	69.7835
1260	69.7272	69.7689
1261	69.7272	69.751
1262	69.7272	69.7272
1263	69.7272	69.7308
1264	69.7272	69.7272
1265	69.7272	69.7665
1266	69.7272	69.7272
1267	69.7272	69.7308
1268	69.7272	69.758
1269	69.7272	69.7272
1270	69.7272	69.7402
1271	69.7272	69.9908
1272	69.7272	69.7807
1273	69.7272	69.7719
1274	69.7272	69.8352
1275	69.7272	69.7314
1276	69.7272	69.7695
1277	69.7272	69.805
1278	69.7272	69.7394
1279	69.7272	69.7416
1280	69.7272	69.7459
1281	69.7272	69.939
1282	69.7272	69.7397
1283	69.7272	69.7272
1284	69.7272	69.7272
1285	69.7272	69.7272
1286	69.7272	69.7621
1287	69.7272	69.7673
1288	69.7272	69.7754
1289	69.7272	69.7571
1290	69.7272	69.8337
1291	69.7272	69.7872
1292	69.7272	69.8175
1293	69.7272	69.7272
1294	69.7272	69.7272
1295	69.7272	69.8211
1296	69.7272	70.2029
1297	69.7272	69.8243
1298	69.7272	69.7424
1299	69.7272	69.7514
1300	69.7272	69.761
1301	69.7272	69.7272
1302	69.7272	69.762
1303	69.7272	69.7272
1304	69.7272	69.8274
1305	69.7272	69.7624
1306	69.7272	69.7994
1307	69.7272	69.7831
1308	69.7272	69.7736
1309	69.7272	69.7272
1310	69.7272	69.7272
1311	69.7272	69.7272
1312	69.7272	69.7272
1313	69.7272	69.7399
1314	69.7272	69.8136
1315	69.7272	69.8426
1316	69.7272	69.8372
1317	69.7272	69.8643
1318	69.7272	69.8555
1319	69.7272	69.8358
1320	69.7272	69.7389
1321	69.7272	69.7978
1322	69.7272	69.747
1323	69.7272	69.7272
1324	69.7272	69.7272
1325	69.7272	69.7383
1326	69.7272	69.7272
1327	69.7272	69.7401
1328	69.7272	69.8062
1329	69.7272	69.7272
1330	69.7272	69.816
1331	69.7272	69.8899
1332	69.7272	69.7467
1333	69.7272	69.7704
1334	69.7272	69.7824
1335	69.7272	69.7509
1336	69.7272	69.7272
1337	69.7272	69.7272
1338	69.7272	69.7753
1339	69.7272	69.8493
1340	69.7272	69.7402
1341	69.7272	69.7272
1342	69.7272	69.7278
1343	69.7272	69.7695
1344	69.7272	69.786
1345	69.7272	69.7491
1346	69.7272	69.7376
1347	69.7272	69.7272
1348	69.7272	69.7272
1349	69.7272	69.7721
1350	69.7272	69.814
1351	69.7272	69.7343
1352	69.7272	69.8333
1353	69.7272	69.7797
1354	69.7272	69.9118
1355	69.7272	69.8897
1356	69.7272	69.7526
1357	69.7272	69.7302
1358	69.7272	69.8385
1359	69.7272	69.7438
1360	69.7272	69.7675
1361	69.7272	69.7272
1362	69.7272	69.7484
1363	69.7272	69.7272
1364	69.7272	69.7272
1365	69.7272	70.0187
1366	69.7272	69.7272
1367	69.7272	69.7293
1368	69.7272	69.7405
1369	69.7272	69.7683
1370	69.7272	69.9366
1371	69.6203	69.8574
1372	69.6203	70.0185
1373	69.6203	70.2064
1374	69.6203	70.0998
1375	69.6203	69.7064
1376	69.6203	69.7121
1377	69.6203	69.6723
1378	69.6203	69.6543
1379	69.6203	69.6893
1380	69.6203	69.7173
1381	69.6203	69.7628
1382	69.6203	69.6204
1383	69.6203	69.6274
1384	69.6203	69.6203
1385	69.6203	69.6203
1386	69.6203	69.6203
1387	69.6203	69.6375
1388	69.6203	69.6203
1389	69.6203	69.6203
1390	69.6203	69.6203
1391	69.6203	69.6533
1392	69.6203	69.7744
1393	69.6203	69.7116
1394	69.6203	69.6253
1395	69.6203	69.6226
1396	69.6203	69.6705
1397	69.6203	69.6249
1398	69.6203	69.6203
1399	69.6203	69.6514
1400	69.6203	69.6261
1401	69.6203	69.6203
1402	69.6203	69.6674
1403	69.6203	69.6782
1404	69.6203	69.7211
1405	69.6203	69.6203
1406	69.6203	69.6551
1407	69.6203	69.6203
1408	69.6203	69.6203
1409	69.6203	69.6426
1410	69.6203	69.6203
1411	69.6203	69.6558
1412	69.6203	69.625
1413	69.6203	69.638
1414	69.6203	69.6357
1415	69.6203	69.6418
1416	69.6203	69.6367
1417	69.6203	69.6458
1418	69.6203	69.6203
1419	69.6203	69.6217
1420	69.6203	69.6739
1421	69.6203	69.6365
1422	69.6203	69.7677
1423	69.6203	69.6227
1424	69.6203	69.6556
1425	69.6203	69.8901
1426	69.6203	69.76
1427	69.6203	69.7482
1428	69.6203	69.6203
1429	69.6203	69.6203
1430	69.6203	69.642
1431	69.6203	69.6501
1432	69.6203	69.6475
1433	69.6203	69.6424
1434	69.6203	69.6901
1435	69.6203	69.6485
1436	69.6203	69.811
1437	69.6203	69.763
1438	69.6203	69.6746
1439	69.6203	69.6398
1440	69.6203	69.6203
1441	69.6203	69.6393
1442	69.6203	69.6203
1443	69.6203	69.6216
1444	69.6203	70.001
1445	69.6203	70.0744
1446	69.6203	70.2639
1447	69.6203	69.8948
1448	69.6203	69.6259
1449	69.6203	69.6203
1450	69.6203	69.6203
1451	69.6203	69.6203
1452	69.6203	69.6203
1453	69.6203	69.6203
1454	69.6203	69.6203
1455	69.6203	69.8065
1456	69.6203	69.8348
1457	69.6203	69.6609
1458	69.6203	69.6203
1459	69.6203	69.6203
1460	69.6203	69.6933
1461	69.6203	69.6912
1462	69.6203	69.7182
1463	69.6203	69.6203
1464	69.6203	69.6742
1465	69.6203	69.6254
1466	69.6203	69.6489
1467	69.6203	69.8005
1468	69.6203	69.8185
1469	69.6203	69.9887
1470	69.6203	69.6485
1471	69.6203	69.6441
1472	69.6203	69.7992
1473	69.6203	69.7697
1474	69.6203	69.7802
1475	69.6094	69.6522
1476	69.6094	69.7089
1477	69.6094	69.7752
1478	69.6094	69.6543
1479	69.6094	69.6873
1480	69.6094	69.615
1481	69.6094	69.6627
1482	69.6094	69.6271
1483	69.6094	69.9479
1484	69.6094	69.8921
1485	69.6094	69.7698
1486	69.6094	69.6094
1487	69.6094	69.6094
1488	69.6094	69.6094
1489	69.6094	69.7268
1490	69.6094	69.6496
1491	69.6094	69.6993
1492	69.6094	69.6108
1493	69.6094	69.6601
1494	69.6094	69.6275
1495	69.6094	69.6573
1496	69.6094	69.6996
1497	69.6094	69.7443
1498	69.6094	69.9725
1499	69.6094	69.9819
1500	69.6094	69.8208
1501	69.6094	69.7028
1502	69.6094	69.6574
1503	69.6094	69.6094
1504	69.6094	69.7403
1505	69.6094	69.7025
1506	69.6094	69.6589
1507	69.6094	69.6391
1508	69.6094	69.6238
1509	69.6094	69.6094
1510	69.6094	69.6095
1511	69.6094	69.7506
1512	69.6094	69.7744
1513	69.6094	69.6663
1514	69.6094	69.7115
1515	69.6094	69.6446
1516	69.6094	69.6258
1517	69.6094	69.61
1518	69.6094	69.7448
1519	69.6094	69.6219
1520	69.6094	69.6607
1521	69.6094	69.6425
1522	69.6094	69.6135
1523	69.6094	69.6256
1524	69.6094	69.6094
1525	69.6094	69.6094
1526	69.6094	69.6094
1527	69.6094	69.9232
1528	69.6094	69.8271
1529	69.6094	69.6269
1530	69.6094	69.6299
1531	69.6094	69.6094
1532	69.6094	69.6856
1533	69.6094	69.7519
1534	69.6094	69.7508
1535	69.6094	69.8271
1536	69.6094	70.0669
1537	69.6094	69.6965
1538	69.6094	69.6094
1539	69.6094	69.6094
1540	69.6094	69.6094
1541	69.6094	69.6094
1542	69.6094	69.6094
1543	69.6094	69.6412
1544	69.6094	69.6258
1545	69.6094	69.6126
1546	69.6094	69.6094
1547	69.6094	69.6094
1548	69.6094	69.6094
1549	69.6094	69.6094
1550	69.6094	69.6097
1551	69.6094	69.6364
1552	69.6094	69.7353
1553	69.6094	69.6416
1554	69.6094	69.6409
1555	69.6094	69.8198
1556	69.6094	69.7732
1557	69.6094	69.6618
1558	69.6094	69.6837
1559	69.6094	69.7911
1560	69.6094	69.6417
1561	69.6094	69.6094
1562	69.6094	69.6094
1563	69.6094	69.6094
1564	69.6094	69.6209
1565	69.6094	69.6094
1566	69.6094	69.6094
1567	69.6094	69.6481
1568	69.6094	69.7527
1569	69.6094	69.6127
1570	69.6094	69.6094
1571	69.6094	69.6094
1572	69.6094	69.6355
1573	69.6094	69.6117
1574	69.6094	69.7331
1575	69.6094	69.6094
1576	69.6094	69.6442
1577	69.6094	69.6552
1578	69.6094	69.6662
1579	69.6094	69.6094
1580	69.6094	69.678
1581	69.6094	69.612
1582	69.6094	69.8493
1583	69.6094	70.123
1584	69.6094	69.7036
1585	69.6094	69.6094
1586	69.6094	69.6373
1587	69.6094	69.6094
1588	69.6094	69.6547
1589	69.6094	69.7137
1590	69.6094	69.6515
1591	69.6094	69.6166
1592	69.6094	69.7583
1593	69.6094	69.7055
1594	69.6094	69.6823
1595	69.6094	69.7019
1596	69.6094	69.6094
1597	69.6094	69.6094
1598	69.6094	69.7962
1599	69.6094	69.6299
1600	69.6094	69.6952
1601	69.6094	69.6432
1602	69.6094	69.6732
1603	69.6094	69.712
1604	69.6094	69.7218
1605	69.6094	69.632
1606	69.6094	69.6986
1607	69.6094	69.7738
1608	69.6094	69.6208
1609	69.6094	69.6094
1610	69.6094	69.6094
1611	69.6094	69.6094
1612	69.6094	69.6554
1613	69.6094	69.6857
1614	69.6094	69.6094
1615	69.6094	69.6094
1616	69.6094	69.6809
1617	69.6094	69.6379
1618	69.6094	69.6531
1619	69.6094	69.7372
1620	69.6094	69.6094
1621	69.6094	69.6309
1622	69.6094	69.64
1623	69.6094	69.6094
1624	69.6094	69.6563
1625	69.6094	69.6174
1626	69.6094	69.6094
1627	69.6094	69.6823
1628	69.6094	69.7079
1629	69.6094	69.6388
1630	69.6094	69.874
1631	69.6094	69.8625
1632	69.6094	70.3074
1633	69.6094	70.1053
1634	69.6094	69.7618
1635	69.6094	69.9041
1636	69.6094	69.8423
1637	69.6094	69.7045
1638	69.6094	69.6319
1639	69.6094	69.7272
1640	69.6094	69.6863
1641	69.6094	69.6801
1642	69.6094	69.7195
1643	69.6094	69.6982
1644	69.6094	69.7037
1645	69.6094	69.6187
1646	69.6094	69.6094
1647	69.6094	69.6094
1648	69.6094	69.6131
1649	69.6094	69.6285
1650	69.6094	69.7101
1651	69.6094	69.6333
1652	69.6094	69.6539
1653	69.6094	69.6696
1654	69.6094	69.632
1655	69.6094	69.6094
1656	69.6094	69.7845
1657	69.6094	69.6904
1658	69.6094	69.6776
1659	69.6094	69.7415
1660	69.6094	69.6525
1661	69.6094	69.6597
1662	69.6094	69.7106
1663	69.6094	69.7463
1664	69.6094	69.6407
1665	69.6094	69.8114
1666	69.6094	69.9491
1667	69.6094	69.6322
1668	69.6094	69.6094
1669	69.6094	69.6094
1670	69.6094	69.7643
1671	69.6094	69.7446
1672	69.6094	69.929
1673	69.6094	69.6884
1674	69.6094	69.7847
1675	69.6094	69.8766
1676	69.6094	69.6317
1677	69.6094	69.6283
1678	69.6094	69.6605
1679	69.6094	69.7843
1680	69.6094	69.6753
1681	69.6094	69.6326
1682	69.6094	69.6534
1683	69.6094	69.6094
1684	69.6094	69.6094
1685	69.6094	69.6635
1686	69.6094	69.7037
1687	69.6094	69.7081
1688	69.6094	69.6666
1689	69.6094	69.6829
1690	69.6094	69.6922
1691	69.6094	69.614
1692	69.6094	69.6168
1693	69.6094	69.6111
1694	69.6094	69.6094
1695	69.6094	69.7286
1696	69.6094	69.6237
1697	69.6094	69.7327
1698	69.6094	69.8521
1699	69.6094	69.6448
1700	69.6094	69.6927
1701	69.6094	69.8559
1702	69.6094	69.6959
1703	69.6094	69.6553
1704	69.6094	69.6094
1705	69.6094	69.8098
1706	69.6094	69.7374
1707	69.6094	69.657
1708	69.6094	69.7694
1709	69.6094	69.8167
1710	69.6094	69.6543
1711	69.6094	69.6094
1712	69.6094	69.7062
1713	69.6094	69.677
1714	69.6094	69.7511
1715	69.6094	69.6681
1716	69.6094	69.6621
1717	69.6094	69.6805
1718	69.6094	69.7034
1719	69.6094	69.6094
1720	69.6094	69.677
1721	69.6094	69.7234
1722	69.6094	69.6689
1723	69.6094	69.7016
1724	69.6094	69.7217
1725	69.6094	69.6476
1726	69.6094	69.6273
1727	69.6094	69.6568
1728	69.6094	69.6094
1729	69.6094	69.7309
1730	69.6094	69.7412
1731	69.6094	69.6094
1732	69.6094	69.6094
1733	69.6094	69.6094
1734	69.6094	69.6105
1735	69.6094	69.6094
1736	69.6094	69.6094
1737	69.6094	69.6107
1738	69.6094	69.6425
1739	69.6094	69.7047
1740	69.6094	69.6352
1741	69.6094	69.6094
1742	69.6094	69.6094
1743	69.6094	69.6094
1744	69.6094	69.6896
1745	69.6094	69.6094
1746	69.6094	69.6094
1747	69.6094	69.6094
1748	69.6094	69.6119
1749	69.6094	69.6094
1750	69.6094	69.6094
1751	69.6094	69.6118
1752	69.6094	69.6094
1753	69.6094	69.6094
1754	69.6094	69.6176
1755	69.6094	69.6489
1756	69.6094	69.6253
1757	69.6094	69.6094
1758	69.6094	69.6362
1759	69.6094	69.6094
1760	69.6094	69.6094
1761	69.6094	69.6594
1762	69.6094	69.6161
1763	69.6094	69.6094
1764	69.6094	69.6465
1765	69.6094	69.6386
1766	69.6094	69.6094
1767	69.6094	69.6701
1768	69.6094	69.6094
1769	69.6094	69.6094
1770	69.6094	69.6126
1771	69.6094	69.6381
1772	69.6094	69.6578
1773	69.6094	69.6219
1774	69.6094	69.8697
1775	69.6094	69.6542
1776	69.6094	69.6134
1777	69.6094	69.6327
1778	69.6094	69.7174
1779	69.6094	69.7783
1780	69.6094	69.6975
1781	69.6094	69.678
1782	69.6094	69.6756
1783	69.6094	69.6094
1784	69.6094	69.6302
1785	69.6094	69.6843
1786	69.6094	69.6478
1787	69.6094	69.6938
1788	69.6094	69.7049
1789	69.6094	69.6637
1790	69.6094	69.6786
1791	69.6094	69.6177
1792	69.6094	69.6094
1793	69.6094	69.6235
1794	69.6094	69.6094
1795	69.6094	69.6094
1796	69.6094	69.6094
1797	69.6094	69.6623
1798	69.6094	69.7153
1799	69.6094	69.8475
1800	69.6094	69.7088
1801	69.6094	69.6335
1802	69.6094	69.6455
1803	69.6094	69.6541
1804	69.6094	69.6177
1805	69.6094	69.6398
1806	69.6094	69.6222
1807	69.6094	69.6587
1808	69.6094	69.7302
1809	69.6094	69.7045
1810	69.6094	69.7972
1811	69.6094	69.6588
1812	69.6094	69.8042
1813	69.6094	69.6823
1814	69.6094	69.7914
1815	69.6094	69.7355
1816	69.6094	69.6963
1817	69.6094	69.9582
1818	69.6094	69.8234
1819	69.6094	69.9434
1820	69.6094	69.7047
1821	69.6094	69.631
1822	69.6094	69.6094
1823	69.6094	69.7271
1824	69.6094	69.7232
1825	69.6094	69.6094
1826	69.6094	69.6094
1827	69.6094	69.7217
1828	69.6094	69.626
1829	69.6094	69.6389
1830	69.6094	69.6377
1831	69.6094	69.6094
1832	69.6094	69.6263
1833	69.6094	69.6138
1834	69.6094	69.6203
1835	69.6094	69.6748
1836	69.6094	69.644
1837	69.6094	69.7816
1838	69.6094	69.6094
1839	69.6094	69.7532
1840	69.6094	69.7657
1841	69.6094	69.6094
1842	69.6094	69.827
1843	69.6094	69.656
1844	69.6094	69.7926
1845	69.6094	69.8438
1846	69.6094	69.7422
1847	69.6094	69.7263
1848	69.6094	69.6235
1849	69.6094	69.7382
1850	69.6094	69.6094
1851	69.6094	69.6094
1852	69.6094	69.7052
1853	69.6094	69.6399
1854	69.6094	69.6105
1855	69.6094	69.6094
1856	69.6094	69.8769
1857	69.6094	69.7037
1858	69.6094	69.6159
1859	69.6094	69.6094
1860	69.6094	69.6394
1861	69.6094	69.6918
1862	69.6094	69.9567
1863	69.6094	69.7207
1864	69.6094	69.6094
1865	69.6094	69.6858
1866	69.6094	69.7065
1867	69.6094	69.6431
1868	69.6094	69.7131
1869	69.6094	69.6644
1870	69.6094	69.9282
1871	69.6094	69.8167
1872	69.6094	69.6094
1873	69.6094	69.6094
1874	69.6094	69.707
1875	69.6094	69.6094
1876	69.6094	69.6094
1877	69.6094	69.6995
1878	69.6094	69.6165
1879	69.6094	69.6094
1880	69.6094	69.6094
1881	69.6094	69.6094
1882	69.6094	69.6094
1883	69.6094	69.6255
1884	69.6094	69.639
1885	69.6094	69.6491
1886	69.6094	69.6094
1887	69.6094	69.6094
1888	69.6094	69.6094
1889	69.6094	69.6906
1890	69.6094	69.6315
1891	69.6094	69.9319
1892	69.6094	69.6872
1893	69.6094	69.6553
1894	69.6094	69.635
1895	69.6094	69.6102
1896	69.6094	69.6502
1897	69.6094	69.7187
1898	69.6094	69.6198
1899	69.6094	69.6178
1900	69.6094	69.6102
1901	69.6094	69.628
1902	69.6094	69.6094
1903	69.6094	69.6094
1904	69.6094	69.642
1905	69.6094	69.6938
1906	69.6094	69.8951
1907	69.6094	69.7192
1908	69.6094	69.8062
1909	69.6094	70.0196
1910	69.6094	69.7069
1911	69.6094	69.6825
1912	69.6094	69.9204
1913	69.6094	69.7956
1914	69.6094	69.6094
1915	69.6094	69.6094
1916	69.6094	69.6167
1917	69.6094	69.6855
1918	69.6094	69.6094
1919	69.6094	69.6533
1920	69.6094	69.6094
1921	69.6094	69.6094
1922	69.6094	69.677
1923	69.6094	69.6567
1924	69.6094	69.6632
1925	69.6094	69.6094
1926	69.6094	69.6474
1927	69.6094	69.6664
1928	69.6094	69.6873
1929	69.6094	69.6094
1930	69.6094	69.6094
1931	69.6094	69.6094
1932	69.6094	69.6154
1933	69.6094	69.6094
1934	69.6094	69.6094
1935	69.6094	69.7641
1936	69.6094	69.6094
1937	69.6094	69.6176
1938	69.6094	69.6202
1939	69.6094	69.6436
1940	69.6094	69.647
1941	69.6094	69.6656
1942	69.6094	69.633
1943	69.6094	69.6094
1944	69.6094	69.6094
1945	69.6094	69.6094
1946	69.6094	69.6094
1947	69.6094	69.6353
1948	69.6094	69.6543
1949	69.6094	69.64
1950	69.6094	69.6682
1951	69.6094	69.6214
1952	69.6094	69.8512
1953	69.6094	69.6437
1954	69.6094	69.6649
1955	69.6094	69.7959
1956	69.6094	69.723
1957	69.6094	69.8216
1958	69.6094	69.7235
1959	69.6094	69.6099
1960	69.6094	69.6094
1961	69.6094	69.6145
1962	69.6094	69.6094
1963	69.6094	69.6094
1964	69.6094	69.6094
1965	69.6094	69.6809
1966	69.6094	69.6094
1967	69.6094	69.6474
1968	69.6094	69.6635
1969	69.6094	69.6602
1970	69.6094	69.8638
1971	69.6094	69.6094
1972	69.6094	69.8353
1973	69.6094	69.8969
1974	69.6094	69.7439
1975	69.6094	69.7048
1976	69.6094	69.6592
1977	69.6094	69.6546
1978	69.6094	69.7558
1979	69.6094	69.7241
1980	69.6094	69.809
1981	69.6094	69.6427
1982	69.6094	69.7324
1983	69.6094	69.6836
1984	69.6094	69.8661
1985	69.6094	70.2231
1986	69.6094	69.9842
1987	69.6094	69.7944
1988	69.6094	69.7582
1989	69.6094	69.7069
1990	69.6094	69.6256
1991	69.6094	69.6457
1992	69.6094	69.6471
1993	69.6094	69.64
1994	69.6094	69.6094
1995	69.6094	69.6094
1996	69.6094	69.6094
1997	69.6094	69.6496
1998	69.6094	69.7357
1999	69.6094	69.6846
2000	69.6094	69.7055
2001	69.6094	69.7247
2002	69.6094	69.6094
2003	69.6094	69.615
2004	69.6094	69.6183
2005	69.6094	69.7521
2006	69.6094	69.6343
2007	69.6094	69.7337
2008	69.6094	69.639
2009	69.6094	69.6692
2010	69.6094	70.0403
2011	69.6094	69.7559
2012	69.6094	69.6716
2013	69.6094	69.6565
2014	69.6094	69.6705
2015	69.6094	69.6857
2016	69.6094	69.6443
2017	69.6094	69.6655
2018	69.6094	69.7572
2019	69.6094	69.6216
2020	69.6094	69.6601
2021	69.6094	69.6447
2022	69.6094	69.6116
2023	69.6094	69.6094
2024	69.6094	69.6094
2025	69.6094	69.6944
2026	69.6094	69.6094
2027	69.6094	69.6148
2028	69.6094	69.6269
2029	69.6094	69.6124
2030	69.6094	69.6504
2031	69.6094	69.8403
2032	69.6094	69.6817
2033	69.6094	69.6094
2034	69.6094	69.6094
2035	69.6094	69.8035
2036	69.6094	69.6094
2037	69.6094	69.6207
2038	69.6094	69.6962
2039	69.6094	69.8185
2040	69.6094	69.632
2041	69.6094	69.6094
2042	69.6094	69.612
2043	69.6094	69.611
2044	69.6094	69.6174
2045	69.6094	69.6696
2046	69.6094	69.6325
2047	69.6094	69.6833
2048	69.6094	69.6417
2049	69.6094	69.6099
2050	69.6094	69.6094
2051	69.6094	69.6562
2052	69.6094	69.6129
2053	69.6094	69.6094
2054	69.6094	69.6094
2055	69.6094	69.7322
2056	69.6094	69.6552
2057	69.6094	69.7358
2058	69.6094	69.8611
2059	69.6094	69.6128
2060	69.6094	69.6094
2061	69.6094	69.6194
2062	69.6094	69.6125
2063	69.6094	69.6308
2064	69.6094	69.6094
2065	69.6094	69.621
2066	69.6094	69.6717
2067	69.6094	69.7432
2068	69.6094	69.666
2069	69.6094	69.6094
2070	69.6094	69.6469
2071	69.6094	69.7991
2072	69.6094	69.6125
2073	69.6094	69.7266
2074	69.6094	69.643
2075	69.6094	69.6268
2076	69.6094	69.6094
2077	69.6094	69.619
2078	69.6094	69.6234
2079	69.6094	69.6459
2080	69.6094	69.6359
2081	69.6094	69.7384
2082	69.6094	69.6873
2083	69.6094	69.6094
2084	69.6094	69.6094
2085	69.6094	69.651
2086	69.6094	69.7205
2087	69.6094	69.6557
2088	69.6094	69.6223
2089	69.6094	69.6787
2090	69.6094	69.6409
2091	69.6094	69.8104
2092	69.6094	69.7377
2093	69.6094	69.7675
2094	69.6094	69.6094
2095	69.6094	69.6273
2096	69.6094	69.6095
2097	69.6094	69.6829
2098	69.6094	69.6598
2099	69.6094	69.6295
2100	69.6094	69.6094
2101	69.6094	69.6094
2102	69.6094	69.741
2103	69.6094	69.624
2104	69.6094	69.6894
2105	69.6094	69.6963
2106	69.6094	69.7121
2107	69.6094	70.2528
2108	69.6094	69.8815
2109	69.6094	69.7854
2110	69.6094	69.7337
2111	69.6094	69.6127
2112	69.6094	69.7229
2113	69.6094	69.6909
2114	69.6094	69.6261
2115	69.6094	69.6361
2116	69.6094	69.6265
2117	69.6094	69.6094
2118	69.6094	69.6094
2119	69.6094	69.6329
2120	69.6094	69.7993
2121	69.6094	69.6485
2122	69.6094	69.7344
2123	69.6094	69.6166
2124	69.6094	69.611
2125	69.6094	69.7517
2126	69.6094	69.6427
2127	69.6094	69.6305
2128	69.6094	69.612
2129	69.6094	69.6144
2130	69.6094	69.7153
2131	69.6094	69.6368
2132	69.6094	69.6094
2133	69.6094	69.617
2134	69.6094	69.6575
2135	69.6094	69.7219
2136	69.6094	69.6094
2137	69.6094	69.6094
2138	69.6094	69.6094
2139	69.6094	69.6134
2140	69.6094	69.7573
2141	69.6094	69.684
2142	69.6094	69.661
2143	69.6094	69.6661
2144	69.6094	69.708
2145	69.6094	69.7168
2146	69.6094	69.6611
2147	69.6094	69.6094
2148	69.6094	69.6396
2149	69.6094	69.6094
2150	69.6094	69.6094
2151	69.6094	69.721
2152	69.6094	69.6331
2153	69.6094	69.6358
2154	69.6094	69.882
2155	69.6094	69.8569
2156	69.6094	69.6857
2157	69.6094	69.6577
2158	69.6094	69.6224
2159	69.6094	69.6094
2160	69.6094	69.6359
2161	69.6094	69.6715
2162	69.6094	69.7086
2163	69.6094	69.6348
2164	69.6094	69.6094
2165	69.6094	69.6384
2166	69.6094	69.6133
2167	69.6094	69.6103
2168	69.6094	69.6126
2169	69.6094	69.6234
2170	69.6094	69.6581
2171	69.6094	69.6094
2172	69.6094	69.6099
2173	69.6094	69.6108
2174	69.6094	69.7425
2175	69.6094	69.7443
2176	69.6094	69.6683
2177	69.6094	69.6224
2178	69.6094	69.6509
2179	69.6094	69.6814
2180	69.6094	69.6408
2181	69.6094	69.6237
2182	69.6094	69.6347
2183	69.6094	69.6094
2184	69.6094	69.6094
2185	69.6094	69.6094
2186	69.6094	69.6094
2187	69.6094	69.6452
2188	69.6094	69.6959
2189	69.6094	69.6596
2190	69.6094	69.7661
2191	69.6094	69.6828
2192	69.6094	69.6774
2193	69.6094	69.6094
2194	69.6094	69.6223
2195	69.6094	69.6094
2196	69.6094	69.6094
2197	69.6094	69.6094
2198	69.6094	69.6199
2199	69.6094	69.6491
2200	69.6094	69.6103
2201	69.6094	69.8209
2202	69.6094	69.6161
2203	69.6094	69.6107
2204	69.6094	69.6118
2205	69.6094	69.6226
2206	69.6094	69.6094
2207	69.6094	69.611
2208	69.6094	69.6873
2209	69.6094	69.6094
2210	69.6094	69.6145
2211	69.6094	69.6098
2212	69.6094	69.7043
2213	69.6094	69.6927
2214	69.6094	69.7198
2215	69.6094	69.8764
2216	69.6094	69.6397
2217	69.6094	69.708
2218	69.6094	69.7573
2219	69.6094	69.8127
2220	69.6094	69.7707
2221	69.6094	69.6637
2222	69.6094	69.6159
2223	69.6094	69.6222
2224	69.6094	69.8889
2225	69.6094	69.9553
2226	69.6094	69.6131
2227	69.6094	69.6964
2228	69.6094	69.7036
2229	69.6094	69.7036
2230	69.6094	69.6094
2231	69.6094	69.6791
2232	69.6094	69.6161
2233	69.6094	69.7389
2234	69.6094	69.8519
2235	69.6094	69.7193
2236	69.6094	69.6546
2237	69.6094	69.6094
2238	69.6094	69.6354
2239	69.6094	69.7738
2240	69.6094	69.66
2241	69.6094	69.6246
2242	69.6094	69.6094
2243	69.6094	69.6094
2244	69.6094	69.6094
2245	69.6094	69.6805
2246	69.6094	69.6094
2247	69.6094	69.7252
2248	69.6094	69.7755
2249	69.6094	69.6811
2250	69.6094	69.6507
2251	69.6094	69.7065
2252	69.6094	69.7088
2253	69.6094	69.8564
2254	69.6094	69.8648
2255	69.6094	69.7066
2256	69.6094	69.6317
2257	69.6094	69.6094
2258	69.6094	69.6094
2259	69.6094	69.6094
2260	69.6094	69.631
2261	69.6094	69.6316
2262	69.6094	69.633
2263	69.6094	69.6094
2264	69.6094	69.7783
2265	69.6094	69.7456
2266	69.6094	69.6249
2267	69.6094	69.7995
2268	69.6094	69.6762
2269	69.6094	69.6715
2270	69.6094	69.7128
2271	69.6094	69.6324
2272	69.6094	69.8161
2273	69.6094	69.7079
2274	69.6094	69.6209
2275	69.6094	69.6094
2276	69.6094	69.68
2277	69.6094	69.7082
2278	69.6094	69.6094
2279	69.6094	69.6094
2280	69.6094	69.6146
2281	69.6094	69.7011
2282	69.6094	69.6798
2283	69.6094	69.6159
2284	69.6094	69.7721
2285	69.6094	69.8423
2286	69.6094	69.8116
2287	69.6094	69.6141
2288	69.6094	69.7418
2289	69.6094	69.6268
2290	69.6094	69.6094
2291	69.6094	69.6094
2292	69.6094	69.6423
2293	69.6094	69.6317
2294	69.6094	69.6094
2295	69.6094	69.6094
2296	69.6094	69.6094
2297	69.6094	69.736
2298	69.6094	69.6573
2299	69.6094	69.9269
2300	69.6094	69.6443
2301	69.6094	69.7381
2302	69.6094	69.7041
2303	69.6094	69.6619
2304	69.6094	69.6094
2305	69.6094	69.7058
2306	69.6094	69.6754
2307	69.6094	69.7089
2308	69.6094	69.6335
2309	69.6094	69.6176
2310	69.6094	69.6304
2311	69.6094	69.6561
2312	69.6094	69.7024
2313	69.6094	69.6134
2314	69.6094	69.6094
2315	69.6094	69.6094
2316	69.6094	69.7005
2317	69.6094	69.6602
2318	69.6094	69.6094
2319	69.6094	69.6094
2320	69.6094	69.6221
2321	69.6094	69.6616
2322	69.6094	69.6412
2323	69.6094	69.767
2324	69.6094	69.7138
2325	69.6094	69.7465
2326	69.6094	69.8418
2327	69.6094	69.716
2328	69.6094	69.6585
2329	69.6094	69.7098
2330	69.6094	69.6149
2331	69.6094	69.6223
2332	69.6094	69.6487
2333	69.6094	69.6371
2334	69.6094	69.6094
2335	69.6094	69.6608
2336	69.6094	69.7204
2337	69.6094	69.736
2338	69.6094	69.7679
2339	69.6094	69.9612
2340	69.6094	69.7003
2341	69.6094	69.7057
2342	69.6094	70.0326
2343	69.6094	69.8482
2344	69.6094	69.7378
2345	69.6094	69.6771
2346	69.6094	69.6781
2347	69.6094	69.6775
2348	69.6094	69.7323
2349	69.6094	69.6855
2350	69.6094	69.7054
2351	69.6094	69.6094
2352	69.6094	69.8426
2353	69.6094	69.7827
2354	69.6094	69.8439
2355	69.6094	69.6433
2356	69.6094	69.6931
2357	69.6094	69.6189
2358	69.6094	69.6627
2359	69.6094	69.6519
2360	69.6094	69.8116
2361	69.6094	69.7498
2362	69.6094	69.7438
2363	69.6094	69.684
2364	69.6094	69.7725
2365	69.6094	69.7063
2366	69.6094	69.618
2367	69.6094	69.6156
2368	69.6094	69.7392
2369	69.6094	69.6436
2370	69.6094	69.6839
2371	69.6094	69.8804
2372	69.6094	69.9076
2373	69.6094	69.6592
2374	69.6094	69.7752
2375	69.6094	69.6094
2376	69.6094	69.6203
2377	69.6094	69.6403
2378	69.6094	69.7279
2379	69.6094	69.6094
2380	69.6094	69.6094
2381	69.6094	69.6117
2382	69.6094	69.6094
2383	69.6094	69.6462
2384	69.6094	69.6578
2385	69.6094	69.6344
2386	69.6094	69.6453
2387	69.6094	69.6191
2388	69.6094	69.6291
2389	69.6094	69.6094
2390	69.6094	69.6455
2391	69.6094	69.6508
2392	69.6094	69.6231
2393	69.6094	69.6145
2394	69.6094	69.7094
2395	69.6094	69.6094
2396	69.6094	69.6094
2397	69.6094	69.6094
2398	69.6094	69.632
2399	69.6094	70.032
2400	69.6094	69.6227
2401	69.6094	69.6199
2402	69.6094	69.6214
2403	69.6094	69.7266
2404	69.6094	69.6426
2405	69.6094	69.6847
2406	69.6094	69.7763
2407	69.6094	69.7308
2408	69.6094	69.6945
2409	69.6094	69.615
2410	69.6094	69.6531
2411	69.6094	69.7406
2412	69.6094	69.8271
2413	69.6094	69.7636
2414	69.6094	69.6422
2415	69.6094	69.6999
2416	69.6094	69.612
2417	69.6094	69.621
2418	69.6094	69.6107
2419	69.6094	69.6107
2420	69.6094	69.6487
2421	69.6094	69.621
2422	69.6094	69.6094
2423	69.6094	69.6182
2424	69.6094	69.6094
2425	69.6094	69.679
2426	69.6094	69.7188
2427	69.6094	69.6661
2428	69.6094	69.6154
2429	69.6094	69.6141
2430	69.6094	69.6239
2431	69.6094	69.8455
2432	69.6094	69.8383
2433	69.6094	70.0292
2434	69.6094	69.8517
2435	69.6094	69.6205
2436	69.6094	69.6416
2437	69.6094	69.6094
2438	69.6094	69.6126
2439	69.6094	69.8441
2440	69.6094	69.6902
2441	69.6094	69.6882
2442	69.6094	69.6279
2443	69.6094	69.6911
2444	69.6094	69.7599
2445	69.6094	69.8765
2446	69.6094	69.7069
2447	69.6094	69.6408
2448	69.6094	69.7152
2449	69.6094	69.6486
2450	69.6094	69.7198
2451	69.6094	69.6296
2452	69.6094	69.6094
2453	69.6094	69.6184
2454	69.6094	69.6094
2455	69.6094	69.6094
2456	69.6094	69.6113
2457	69.6094	69.6094
2458	69.6094	69.6094
2459	69.6094	69.6511
2460	69.6094	69.7044
2461	69.6094	69.6201
2462	69.6094	69.6105
2463	69.6094	69.6136
2464	69.6094	69.7153
2465	69.6094	69.6404
2466	69.6094	69.7094
2467	69.6094	69.6094
2468	69.6094	69.6094
2469	69.6094	69.6094
2470	69.6094	69.6659
2471	69.6094	69.6346
2472	69.6094	69.6338
2473	69.6094	69.6303
2474	69.6094	69.6094
2475	69.6094	69.6094
2476	69.6094	69.6113
2477	69.6094	69.6094
2478	69.6094	69.6358
2479	69.6094	69.6486
2480	69.6094	69.7345
2481	69.6094	69.7018
2482	69.6094	69.6126
2483	69.6094	69.6292
2484	69.6094	69.6094
2485	69.6094	69.6094
2486	69.6094	69.6271
2487	69.6094	69.6094
2488	69.6094	69.6209
2489	69.6094	69.6094
2490	69.6094	69.6133
2491	69.6094	69.6211
2492	69.6094	69.8138
2493	69.6094	69.6162
2494	69.6094	69.6105
2495	69.6094	69.6094
2496	69.6094	69.7299
2497	69.6094	69.8501
2498	69.6094	69.7663
2499	69.6094	69.8875
2500	69.6094	69.7431
2501	69.6094	69.6414
2502	69.6094	69.7223
2503	69.6094	69.7443
2504	69.6094	69.6564
2505	69.6094	69.6094
2506	69.6094	69.6438
2507	69.6094	69.7487
2508	69.6094	69.7004
2509	69.6094	69.652
2510	69.6094	69.6317
2511	69.6094	69.6283
2512	69.6094	69.6178
2513	69.6094	69.6094
2514	69.6094	69.6821
2515	69.6094	69.6373
2516	69.6094	69.6269
2517	69.6094	69.6146
2518	69.6094	69.8083
2519	69.6094	69.8002
2520	69.6094	69.7053
2521	69.6094	69.7821
2522	69.6094	69.7967
2523	69.6094	69.9188
2524	69.6094	70.0278
2525	69.6094	69.946
2526	69.6094	69.7204
2527	69.6094	69.9777
2528	69.6094	70.2191
2529	69.6094	69.9214
2530	69.6094	69.7641
2531	69.6094	69.6726
2532	69.6094	69.6094
2533	69.6094	69.6748
2534	69.6094	69.6172
2535	69.6094	69.6094
2536	69.6094	69.6134
2537	69.6094	69.6497
2538	69.6094	69.7566
2539	69.6094	69.8172
2540	69.6094	70.1989
2541	69.6094	69.7098
2542	69.6094	69.849
2543	69.6094	69.8467
2544	69.6094	69.6094
2545	69.6094	69.6094
2546	69.6094	69.6094
2547	69.6094	69.6145
2548	69.6094	69.7607
2549	69.6094	69.6186
2550	69.6094	69.6897
2551	69.6094	69.7015
2552	69.6094	69.6311
2553	69.6094	69.6094
2554	69.6094	69.6094
2555	69.6094	69.6094
2556	69.6094	69.6166
2557	69.6094	69.655
2558	69.6094	69.6094
2559	69.6094	69.6094
2560	69.6094	69.6094
2561	69.6094	69.6094
2562	69.6094	69.6094
2563	69.6094	69.6094
2564	69.6094	69.6094
2565	69.6094	69.6094
2566	69.6094	69.6094
2567	69.6094	69.7267
2568	69.6094	69.7041
2569	69.6094	69.6298
2570	69.6094	69.6467
2571	69.6094	69.7011
2572	69.6094	69.9321
2573	69.6094	69.8575
2574	69.6094	69.7896
2575	69.6094	69.7333
2576	69.6094	69.6371
2577	69.6094	69.709
2578	69.6094	69.6177
2579	69.6094	69.6687
2580	69.6094	69.9071
2581	69.6094	69.7545
2582	69.6094	69.6094
2583	69.6094	69.6532
2584	69.6094	69.7295
2585	69.6094	69.6892
2586	69.6094	69.6509
2587	69.6094	69.6263
2588	69.6094	69.6162
2589	69.6094	69.7133
2590	69.6094	69.6949
2591	69.6094	69.6537
2592	69.6094	69.6289
2593	69.6094	69.6189
2594	69.6094	69.6107
2595	69.6094	69.6445
2596	69.6094	69.6094
2597	69.6094	69.6094
2598	69.6094	69.6094
2599	69.6094	69.6094
2600	69.6094	69.6472
2601	69.6094	69.7729
2602	69.6094	69.6293
2603	69.6094	69.6606
2604	69.6094	69.6094
2605	69.6094	69.6094
2606	69.6094	69.6289
2607	69.6094	69.686
2608	69.6094	69.6514
2609	69.6094	69.6177
2610	69.6094	69.6094
2611	69.6094	69.6094
2612	69.6094	69.7178
2613	69.6094	69.6094
2614	69.6094	69.647
2615	69.6094	69.6189
2616	69.6094	69.6094
2617	69.6094	69.6153
2618	69.6094	69.6094
2619	69.6094	69.6718
2620	69.6094	69.6287
2621	69.6094	69.6488
2622	69.6094	69.6771
2623	69.6094	69.623
2624	69.6094	69.6094
2625	69.6094	69.6118
2626	69.6094	69.6094
2627	69.6094	69.6094
2628	69.6094	69.6352
2629	69.6094	69.6487
2630	69.6094	69.6094
2631	69.6094	69.6094
2632	69.6094	69.6094
2633	69.6094	69.6573
2634	69.6094	69.7771
2635	69.6094	69.6276
2636	69.6094	69.8014
2637	69.6094	69.8037
2638	69.6094	69.7499
2639	69.6094	69.611
2640	69.6094	69.6094
2641	69.6094	69.6094
2642	69.6094	69.6094
2643	69.6094	69.6094
2644	69.6094	69.6094
2645	69.6094	69.6154
2646	69.6094	69.6904
2647	69.6094	69.8703
2648	69.6094	69.6951
2649	69.6094	69.7353
2650	69.6094	69.6414
2651	69.6094	69.6395
2652	69.6094	69.6094
2653	69.6094	69.6121
2654	69.6094	69.6947
2655	69.6094	69.6288
2656	69.6094	69.6214
2657	69.6094	69.6094
2658	69.6094	69.6182
2659	69.6094	69.6844
2660	69.6094	69.6224
2661	69.6094	69.6913
2662	69.6094	69.6094
2663	69.6094	69.6116
2664	69.6094	69.6492
2665	69.6094	69.6094
2666	69.6094	69.6094
2667	69.6094	69.6094
2668	69.6094	69.6094
2669	69.6094	69.6094
2670	69.6094	69.6187
2671	69.6094	69.7601
2672	69.6094	69.7366
2673	69.6094	69.6254
2674	69.6094	70.0472
2675	69.6094	69.6806
2676	69.6094	69.6651
2677	69.6094	69.6458
2678	69.6094	69.6261
2679	69.6094	69.6242
2680	69.6094	69.8278
2681	69.6094	69.7488
2682	69.6094	69.6405
2683	69.6094	69.6094
2684	69.6094	69.6094
2685	69.6094	69.7267
2686	69.6094	69.8443
2687	69.6094	69.6094
2688	69.6094	69.6881
2689	69.6094	69.6286
2690	69.6094	69.684
2691	69.6094	69.6094
2692	69.6094	69.649
2693	69.6094	69.7557
2694	69.6094	69.6631
2695	69.6094	69.6385
2696	69.6094	69.6794
2697	69.6094	69.6899
2698	69.6094	69.6208
2699	69.6094	69.6965
2700	69.6094	69.6927
2701	69.6094	69.7202
2702	69.6094	69.6094
2703	69.6094	69.6094
2704	69.6094	69.6132
2705	69.6094	69.7365
2706	69.6094	69.7095
2707	69.6094	69.6629
2708	69.6094	69.683
2709	69.6094	69.6094
2710	69.6094	69.6094
2711	69.6094	69.6094
2712	69.6094	69.6111
2713	69.6094	69.6911
2714	69.6094	69.7768
2715	69.6094	69.7734
2716	69.6094	69.6341
2717	69.6094	69.7336
2718	69.6094	69.6107
2719	69.6094	69.6094
2720	69.6094	69.6094
2721	69.6094	69.678
2722	69.6094	69.6094
2723	69.6094	69.6094
2724	69.6094	69.6094
2725	69.6094	69.6438
2726	69.6094	70.056
2727	69.6094	69.8711
2728	69.6094	69.7308
2729	69.6094	69.6556
2730	69.6094	69.6245
2731	69.6094	69.7751
2732	69.6094	69.8496
2733	69.6094	69.6403
2734	69.6094	69.6094
2735	69.6094	69.645
2736	69.6094	69.6094
2737	69.6094	69.6169
2738	69.6094	69.7042
2739	69.6094	69.666
2740	69.6094	69.6163
2741	69.6094	69.6094
2742	69.6094	69.6949
2743	69.6094	69.6351
2744	69.6094	69.9157
2745	69.6094	69.8239
2746	69.6094	69.7446
2747	69.6094	69.9987
2748	69.6094	70.0091
2749	69.6094	69.6333
2750	69.6094	69.6119
2751	69.6094	69.7358
2752	69.6094	69.6094
2753	69.6094	69.6215
2754	69.6094	69.6094
2755	69.6094	69.6368
2756	69.6094	69.6995
2757	69.6094	69.6369
2758	69.6094	69.7527
2759	69.6094	69.6094
2760	69.6094	69.6104
2761	69.6094	69.6094
2762	69.6094	69.6198
2763	69.6094	69.6668
2764	69.6094	69.6398
2765	69.6094	69.6691
2766	69.6094	69.6094
2767	69.6094	69.644
2768	69.6094	69.6154
2769	69.6094	69.6321
2770	69.6094	69.6128
2771	69.6094	69.6094
2772	69.6094	69.6687
2773	69.6094	69.8116
2774	69.6094	69.6737
2775	69.6094	69.6094
2776	69.6094	69.7105
2777	69.6094	69.6328
2778	69.6094	69.6094
2779	69.6094	69.6968
2780	69.6094	69.6999
2781	69.6094	69.6909
2782	69.6094	69.6096
2783	69.6094	69.6725
2784	69.6094	69.6094
2785	69.6094	69.6094
2786	69.6094	69.6094
2787	69.6094	69.6176
2788	69.6094	69.6094
2789	69.6094	69.6094
2790	69.6094	69.6094
2791	69.6094	69.6094
2792	69.6094	69.6094
2793	69.6094	69.6094
2794	69.6094	69.6094
2795	69.6094	69.6654
2796	69.6094	69.6453
2797	69.6094	69.6453
2798	69.6094	69.6752
2799	69.6094	69.7246
2800	69.6094	69.6271
2801	69.6094	69.6184
2802	69.6094	69.641
2803	69.6094	69.6094
2804	69.6094	69.6094
2805	69.6094	69.6094
2806	69.6094	69.6624
2807	69.6094	69.7003
2808	69.6094	69.6094
2809	69.6094	69.6549
2810	69.6094	69.6094
2811	69.6094	69.6094
2812	69.6094	69.6724
2813	69.6094	69.7155
2814	69.6094	69.6202
2815	69.6094	69.6094
2816	69.6094	69.6258
2817	69.6094	69.6195
2818	69.6094	69.6915
2819	69.6094	69.6094
2820	69.6094	69.6135
2821	69.6094	69.6233
2822	69.6094	69.6174
2823	69.6094	69.6334
2824	69.6094	69.6094
2825	69.6094	69.6122
2826	69.6094	69.6094
2827	69.6094	69.6629
2828	69.6094	70.0923
2829	69.6094	69.7001
2830	69.6094	69.6699
2831	69.6094	69.6564
2832	69.6094	69.6094
2833	69.6094	69.613
2834	69.6094	69.6632
2835	69.6094	69.7141
2836	69.6094	69.8913
2837	69.6094	69.7332
2838	69.6094	69.8728
2839	69.6094	69.8572
2840	69.6094	70.1125
2841	69.6094	69.875
2842	69.6094	69.7807
2843	69.6094	69.6099
2844	69.6094	69.6343
2845	69.6094	69.6094
2846	69.6094	69.6094
2847	69.6094	69.6094
2848	69.6094	69.6178
2849	69.6094	69.6149
2850	69.6094	69.612
2851	69.6094	69.6094
2852	69.6094	69.6125
2853	69.6094	69.6094
2854	69.6094	69.6094
2855	69.6094	69.6094
2856	69.6094	69.6102
2857	69.6094	69.6388
2858	69.6094	69.6688
2859	69.6094	69.7639
2860	69.6094	69.8555
2861	69.6094	69.7541
2862	69.6094	69.6153
2863	69.6094	69.6562
2864	69.6094	69.6094
2865	69.6094	69.6214
2866	69.6094	69.6953
2867	69.6094	69.6094
2868	69.6094	69.6094
2869	69.6094	69.6122
2870	69.6094	69.6094
2871	69.6094	69.6162
2872	69.6094	69.6329
2873	69.6094	69.6448
2874	69.6094	69.7131
2875	69.6094	69.628
2876	69.6094	69.7977
2877	69.6094	69.6407
2878	69.6094	69.6897
2879	69.6094	69.7578
2880	69.6094	69.6599
2881	69.6094	69.6671
2882	69.6094	69.6887
2883	69.6094	69.6783
2884	69.6094	69.7104
2885	69.6094	69.6094
2886	69.6094	69.6909
2887	69.6094	69.651
2888	69.6094	69.6094
2889	69.6094	69.6094
2890	69.6094	69.6094
2891	69.6094	69.6094
2892	69.6094	69.6606
2893	69.6094	69.6992
2894	69.6094	69.6094
2895	69.6094	69.6094
2896	69.6094	69.6094
2897	69.6094	69.6677
2898	69.6094	69.6094
2899	69.6094	69.6094
2900	69.6094	69.63
2901	69.6094	69.6094
2902	69.6094	69.6094
2903	69.6094	69.6094
2904	69.6094	69.7313
2905	69.6094	69.7193
2906	69.6094	69.7192
2907	69.6094	69.6226
2908	69.6094	69.6094
2909	69.6094	69.8568
2910	69.6094	69.6418
2911	69.6094	69.6152
2912	69.6094	69.6286
2913	69.6094	69.6864
2914	69.6094	69.8448
2915	69.6094	69.7263
2916	69.6094	69.6413
2917	69.6094	69.6094
2918	69.6094	69.7419
2919	69.6094	69.646
2920	69.6094	69.6094
2921	69.6094	69.6094
2922	69.6094	69.6985
2923	69.6094	69.646
2924	69.6094	69.6933
2925	69.6094	69.6751
2926	69.6094	69.6094
2927	69.6094	69.6094
2928	69.6094	69.6094
2929	69.6094	69.6355
2930	69.6094	69.6259
2931	69.6094	69.6094
2932	69.6094	69.6915
2933	69.6094	69.8353
2934	69.6094	69.7627
2935	69.6094	69.7871
2936	69.6094	69.7297
2937	69.6094	69.7939
2938	69.6094	69.6411
2939	69.6094	69.708
2940	69.6094	69.6282
2941	69.6094	69.6494
2942	69.6094	69.6119
2943	69.6094	69.701
2944	69.6094	69.6995
2945	69.6094	70.0043
2946	69.6094	69.8026
2947	69.6094	69.9384
2948	69.6094	69.7521
2949	69.6094	69.753
2950	69.6094	69.6749
2951	69.6094	69.7185
2952	69.6094	69.6953
2953	69.6094	69.7644
2954	69.6094	69.8823
2955	69.6094	69.663
2956	69.6094	69.6324
2957	69.6094	69.6094
2958	69.6094	69.6453
2959	69.6094	69.6642
2960	69.6094	69.6311
2961	69.6094	69.6472
2962	69.6094	69.7264
2963	69.6094	69.8824
2964	69.6094	69.6545
2965	69.6094	69.6094
2966	69.6094	69.6723
2967	69.6094	69.6217
2968	69.6094	69.6094
2969	69.6094	69.6336
2970	69.6094	69.7841
2971	69.6094	69.6505
2972	69.6094	69.6094
2973	69.6094	69.6094
2974	69.6094	69.6114
2975	69.6094	69.6094
2976	69.6094	69.6478
2977	69.6094	69.7074
2978	69.6094	69.7371
2979	69.6094	69.781
2980	69.6094	69.6094
2981	69.6094	69.6094
2982	69.6094	69.649
2983	69.6094	69.6393
2984	69.6094	69.6334
2985	69.6094	69.6274
2986	69.6094	69.6321
2987	69.6094	69.6961
2988	69.6094	69.6693
2989	69.6094	69.63
2990	69.6094	69.6762
2991	69.6094	69.6603
2992	69.6094	69.6179
2993	69.6094	69.6611
2994	69.6094	69.7506
2995	69.6094	69.6094
2996	69.6094	69.6287
2997	69.6094	69.7545
2998	69.6094	69.7184
2999	69.6094	69.6679
3000	69.6094	69.7211
3001	69.6094	69.9334
3002	69.6094	69.7194
3003	69.6094	69.6094
3004	69.6094	69.6094
3005	69.6094	69.6196
3006	69.6094	69.6202
3007	69.6094	69.6664
3008	69.6094	69.7839
3009	69.6094	69.6561
3010	69.6094	69.6974
3011	69.6094	69.7829
3012	69.6094	69.682
3013	69.6094	69.7731
3014	69.6094	69.6861
3015	69.6094	69.6094
3016	69.6094	69.6852
3017	69.6094	69.7388
3018	69.6094	69.6262
3019	69.6094	69.7786
3020	69.6094	69.8949
3021	69.6094	69.6413
3022	69.6094	69.6094
3023	69.6094	69.6253
3024	69.6094	69.6216
3025	69.6094	69.6384
3026	69.6094	69.6094
3027	69.6094	69.6094
3028	69.6094	69.6282
3029	69.6094	69.6238
3030	69.6094	69.6105
3031	69.6094	69.6367
3032	69.6094	69.7304
3033	69.6094	69.6094
3034	69.6094	69.6094
3035	69.6094	69.6213
3036	69.6094	69.6419
3037	69.6094	69.6094
3038	69.6094	69.6115
3039	69.6094	69.6449
3040	69.6094	69.7081
3041	69.6094	69.6128
3042	69.6094	69.7257
3043	69.6094	69.9965
3044	69.6094	69.7421
3045	69.6094	69.6486
3046	69.6094	69.6094
3047	69.6094	69.6948
3048	69.6094	69.6797
3049	69.6094	69.6543
3050	69.6094	69.7123
3051	69.6094	69.6477
3052	69.6094	69.644
3053	69.6094	69.6209
3054	69.6094	69.6419
3055	69.6094	69.7187
3056	69.6094	69.7254
3057	69.6094	69.6138
3058	69.6094	69.611
3059	69.6094	69.6322
3060	69.6094	69.6248
3061	69.6094	69.677
3062	69.6094	69.8405
3063	69.6094	69.9823
3064	69.6094	69.6225
3065	69.6094	69.6094
3066	69.6094	69.6193
3067	69.6094	69.6094
3068	69.6094	69.6201
3069	69.6094	69.6251
3070	69.6094	69.615
3071	69.6094	69.7353
3072	69.6094	69.6157
3073	69.6094	69.6116
3074	69.6094	69.6094
3075	69.6094	69.6094
3076	69.6094	69.616
3077	69.6094	69.6094
3078	69.6094	69.6094
3079	69.6094	69.6139
3080	69.6094	69.6153
3081	69.6094	69.6094
3082	69.6094	69.6459
3083	69.6094	69.6094
3084	69.6094	69.6185
3085	69.6094	69.6629
3086	69.6094	69.6609
3087	69.6094	69.7158
3088	69.6094	69.6843
3089	69.6094	69.6177
3090	69.6094	69.6787
3091	69.6094	69.6927
3092	69.6094	69.615
3093	69.6094	69.6094
3094	69.6094	69.6408
3095	69.6094	69.6117
3096	69.6094	69.6094
3097	69.6094	69.6094
3098	69.6094	69.6094
3099	69.6094	69.6094
3100	69.6094	69.6094
3101	69.6094	69.6532
3102	69.6094	69.6708
3103	69.6094	69.6328
3104	69.6094	69.6248
3105	69.6094	69.6094
3106	69.6094	69.6094
3107	69.6094	69.7298
3108	69.6094	69.8839
3109	69.6094	69.7313
3110	69.6094	69.7186
3111	69.6094	69.6094
3112	69.6094	69.6813
3113	69.6094	69.6094
3114	69.6094	69.6263
3115	69.6094	69.6094
3116	69.6094	69.6617
3117	69.6094	69.6094
3118	69.6094	69.6094
3119	69.6094	69.632
3120	69.6094	69.6094
3121	69.6094	69.6121
3122	69.6094	69.7394
3123	69.6094	69.6445
3124	69.6094	69.7969
3125	69.6094	69.8272
3126	69.6094	69.7892
3127	69.6094	69.693
3128	69.6094	69.7927
3129	69.6094	70.3361
3130	69.6094	70.493
3131	69.6094	69.6758
3132	69.6094	69.6662
3133	69.6094	69.614
3134	69.6094	69.6185
3135	69.6094	69.6405
3136	69.6094	69.6647
3137	69.6094	69.6094
3138	69.6094	69.6837
3139	69.6094	69.6106
3140	69.6094	69.6453
3141	69.6094	69.617
3142	69.6094	69.6094
3143	69.6094	69.6216
3144	69.6094	69.6532
3145	69.6094	69.6291
3146	69.6094	69.7167
3147	69.6094	69.807
3148	69.6094	69.7389
3149	69.6094	69.7452
3150	69.6094	69.6582
3151	69.6094	69.6094
3152	69.6094	69.6094
3153	69.6094	69.6122
3154	69.6094	69.6653
3155	69.6094	69.6646
3156	69.6094	69.6615
3157	69.6094	69.7186
3158	69.6094	69.6094
3159	69.6094	69.7387
3160	69.6094	69.6428
3161	69.6094	69.6577
3162	69.6094	69.6641
3163	69.6094	69.7287
3164	69.6094	69.6094
3165	69.6094	69.6094
3166	69.6094	69.6094
3167	69.6094	69.6259
3168	69.6094	69.716
3169	69.6094	69.7016
3170	69.6094	69.6161
3171	69.6094	69.6406
3172	69.6094	69.6094
3173	69.6094	69.6094
3174	69.6094	69.6094
3175	69.6094	69.6796
3176	69.6094	69.7608
3177	69.6094	69.6094
3178	69.6094	69.611
3179	69.6094	69.668
3180	69.6094	69.7031
3181	69.6094	69.8192
3182	69.6094	69.6137
3183	69.6094	69.657
3184	69.6094	69.6094
3185	69.6094	69.6094
3186	69.6094	69.7868
3187	69.6094	69.6094
3188	69.6094	69.6809
3189	69.6094	69.679
3190	69.6094	69.6555
3191	69.6094	69.6094
3192	69.6094	69.6117
3193	69.6094	69.6094
3194	69.6094	69.6094
3195	69.6094	69.612
3196	69.6094	69.6273
3197	69.6094	69.7468
3198	69.6094	69.6105
3199	69.6094	69.6627
3200	69.6094	69.6094
3201	69.6094	69.6495
3202	69.6094	69.6267
3203	69.6094	69.6094
3204	69.6094	69.7532
3205	69.6094	69.8339
3206	69.6094	69.6432
3207	69.6094	69.6094
3208	69.6094	69.6311
3209	69.6094	69.6287
3210	69.6094	69.8696
3211	69.6094	69.6447
3212	69.6094	69.7219
3213	69.6094	69.7878
3214	69.6094	69.6408
3215	69.6094	69.6094
3216	69.6094	69.6101
3217	69.6094	69.7047
3218	69.6094	69.6094
3219	69.6094	69.6987
3220	69.6094	69.6252
3221	69.6094	69.8845
3222	69.6094	69.6538
3223	69.6094	69.62
3224	69.6094	69.6094
3225	69.6094	69.7192
3226	69.6094	69.6328
3227	69.6094	69.6124
3228	69.6094	69.6094
3229	69.6094	69.6094
3230	69.6094	69.6094
3231	69.6094	69.6574
3232	69.6094	69.6094
3233	69.6094	69.6215
3234	69.6094	69.6632
3235	69.6094	69.6125
3236	69.6094	69.6094
3237	69.6094	69.6104
3238	69.6094	69.6094
3239	69.6094	69.8714
3240	69.6094	70.0337
3241	69.6094	69.7702
3242	69.6094	69.6094
3243	69.6094	69.6094
3244	69.6094	69.7317
3245	69.6094	69.79
3246	69.6094	69.7621
3247	69.6094	69.7186
3248	69.6094	69.6145
3249	69.6094	69.6552
3250	69.6094	69.6094
3251	69.6094	69.804
3252	69.6094	69.6312
3253	69.6094	69.6094
3254	69.6094	69.6094
3255	69.6094	69.6094
3256	69.6094	69.6554
3257	69.6094	69.6491
3258	69.6094	69.6094
3259	69.6094	69.6094
3260	69.6094	69.7335
3261	69.6094	69.6647
3262	69.6094	69.6564
3263	69.6094	69.6517
3264	69.6094	69.9744
3265	69.6094	69.7634
3266	69.6094	69.6556
3267	69.6094	69.6527
3268	69.6094	69.7
3269	69.6094	69.6116
3270	69.6094	69.6095
3271	69.6094	69.6094
3272	69.6094	69.6095
3273	69.6094	69.6736
3274	69.6094	69.7453
3275	69.6094	69.6385
3276	69.6094	69.6729
3277	69.6094	69.6376
3278	69.6094	69.6831
3279	69.6094	69.7948
3280	69.6094	69.6555
3281	69.6094	69.6647
3282	69.6094	69.674
3283	69.6094	69.6133
3284	69.6094	69.6119
3285	69.6094	69.6312
3286	69.6094	69.7263
3287	69.6094	69.6703
3288	69.6094	69.6511
3289	69.6094	69.6094
3290	69.6094	69.6294
3291	69.6094	69.6094
3292	69.6094	69.6094
3293	69.6094	69.6111
3294	69.6094	69.6406
3295	69.6094	69.7872
3296	69.6094	69.9315
3297	69.6094	69.8654
3298	69.6094	70.0874
3299	69.6094	70.1145
3300	69.6094	69.6934
3301	69.6094	69.7168
3302	69.6094	69.8518
3303	69.6094	69.6094
3304	69.6094	69.6149
3305	69.6094	69.6948
3306	69.6094	69.647
3307	69.6094	69.6997
3308	69.6094	69.7958
3309	69.6094	69.7853
3310	69.6094	69.8479
3311	69.6094	69.8044
3312	69.6094	69.8004
3313	69.6094	69.6094
3314	69.6094	69.6942
3315	69.6094	69.6248
3316	69.6094	69.8295
3317	69.6094	69.8154
3318	69.6094	69.7122
3319	69.6094	69.7175
3320	69.6094	69.7086
3321	69.6094	69.7217
3322	69.6094	69.6105
3323	69.6094	69.6974
3324	69.6094	69.6336
3325	69.6094	69.6222
3326	69.6094	69.7641
3327	69.6094	69.6224
3328	69.6094	69.6605
3329	69.6094	69.6094
3330	69.6094	69.6094
3331	69.6094	69.6807
3332	69.6094	69.7486
3333	69.6094	69.6094
3334	69.6094	69.7035
3335	69.6094	69.7878
3336	69.6094	69.6349
3337	69.6094	69.6113
3338	69.6094	69.6094
3339	69.6094	69.6265
3340	69.6094	69.6113
3341	69.6094	69.6167
3342	69.6094	69.6454
3343	69.6094	69.6094
3344	69.6094	69.6094
3345	69.6094	69.6309
3346	69.6094	69.8233
3347	69.6094	69.6809
3348	69.6094	69.6094
3349	69.6094	69.6094
3350	69.6094	69.688
3351	69.6094	69.6203
3352	69.6094	69.6528
3353	69.6094	69.6747
3354	69.6094	69.6488
3355	69.6094	69.6902
3356	69.6094	69.7054
3357	69.6094	69.6094
3358	69.6094	69.6094
3359	69.6094	69.6563
3360	69.6094	69.6144
3361	69.6094	69.6094
3362	69.6094	69.6817
3363	69.6094	69.6711
3364	69.6094	69.6266
3365	69.6094	69.6416
3366	69.6094	69.6094
3367	69.6094	69.634
3368	69.6094	69.6094
3369	69.6094	69.6094
3370	69.6094	69.6094
3371	69.6094	69.6247
3372	69.6094	69.6739
3373	69.6094	69.6371
3374	69.6094	69.6094
3375	69.6094	69.6094
3376	69.6094	69.7099
3377	69.6094	69.7778
3378	69.6094	69.9132
3379	69.6094	69.994
3380	69.6094	69.6311
3381	69.6094	69.6906
3382	69.6094	69.8169
3383	69.6094	69.9222
3384	69.6094	69.6363
3385	69.6094	69.6147
3386	69.6094	69.656
3387	69.6094	69.6094
3388	69.6094	69.6094
3389	69.6094	69.6139
3390	69.6094	69.6094
3391	69.6094	69.6155
3392	69.6094	69.6775
3393	69.6094	69.7317
3394	69.6094	69.672
3395	69.6094	69.6858
3396	69.6094	69.6148
3397	69.6094	69.6196
3398	69.6094	69.6406
3399	69.6094	69.6094
3400	69.6094	69.6133
3401	69.6094	69.6094
3402	69.6094	69.6222
3403	69.6094	69.9134
3404	69.6094	69.788
3405	69.6094	69.6675
3406	69.6094	69.691
3407	69.6094	69.6752
3408	69.6094	69.6521
3409	69.6094	69.6094
3410	69.6094	69.6094
3411	69.6094	69.6094
3412	69.6094	69.6094
3413	69.6094	69.7494
3414	69.6094	69.6224
3415	69.6094	69.6094
3416	69.6094	69.6106
3417	69.6094	69.6721
3418	69.6094	69.796
3419	69.6094	69.6666
3420	69.6094	69.6819
3421	69.6094	69.6203
3422	69.6094	69.684
3423	69.6094	69.6094
3424	69.6094	69.7277
3425	69.6094	69.6094
3426	69.6094	69.6094
3427	69.6094	69.7712
3428	69.6094	69.7367
3429	69.6094	69.7223
3430	69.6094	69.6094
3431	69.6094	69.617
3432	69.6094	69.6094
3433	69.6094	69.6631
3434	69.6094	69.6465
3435	69.6094	69.712
3436	69.6094	69.6837
3437	69.6094	69.6222
3438	69.6094	69.6181
3439	69.6094	69.6626
3440	69.6094	69.6728
3441	69.6094	69.6094
3442	69.6094	69.6094
3443	69.6094	69.6094
3444	69.6094	69.6275
3445	69.6094	69.6734
3446	69.6094	69.6299
3447	69.6094	69.6305
3448	69.6094	69.6586
3449	69.6094	69.6205
3450	69.6094	69.6126
3451	69.6094	69.6094
3452	69.6094	69.7834
3453	69.6094	69.6638
3454	69.6094	69.6189
3455	69.6094	69.6094
3456	69.6094	69.668
3457	69.6094	69.6281
3458	69.6094	69.6426
3459	69.6094	69.6112
3460	69.6094	69.6094
3461	69.6094	69.6094
3462	69.6094	69.6226
3463	69.6094	69.7599
3464	69.6094	69.7195
3465	69.6094	69.7267
3466	69.6094	69.6094
3467	69.6094	69.6833
3468	69.6094	69.7189
3469	69.6094	69.6347
3470	69.6094	69.6094
3471	69.6094	69.6439
3472	69.6094	69.7764
3473	69.6094	69.7686
3474	69.6094	69.6517
3475	69.6094	69.705
3476	69.6094	69.6194
3477	69.6094	69.6094
3478	69.6094	69.6094
3479	69.6094	69.6094
3480	69.6094	69.6268
3481	69.6094	69.6094
3482	69.6094	69.62
3483	69.6094	69.6157
3484	69.6094	69.6863
3485	69.6094	69.7475
3486	69.6094	69.6389
3487	69.6094	69.6985
3488	69.6094	69.8041
3489	69.6094	69.7808
3490	69.6094	69.9685
3491	69.6094	69.8869
3492	69.6094	69.639
3493	69.6094	69.6368
3494	69.6094	69.7346
3495	69.6094	69.7206
3496	69.6094	69.6195
3497	69.6094	69.6094
3498	69.6094	69.618
3499	69.6094	69.6094
3500	69.6094	69.6867
3501	69.6094	69.6584
3502	69.6094	69.6239
3503	69.6094	69.7175
3504	69.6094	69.6094
3505	69.6094	69.6094
3506	69.6094	69.6094
3507	69.6094	69.6094
3508	69.6094	69.6835
3509	69.6094	69.6357
3510	69.6094	69.7794
3511	69.6094	69.7833
3512	69.6094	69.6673
3513	69.6094	69.6094
3514	69.6094	69.7035
3515	69.6094	69.6563
3516	69.6094	69.6188
3517	69.6094	69.6094
3518	69.6094	69.6429
3519	69.6094	69.6275
3520	69.6094	69.6095
3521	69.6094	69.6094
3522	69.6094	69.6096
3523	69.6094	69.6094
3524	69.6094	69.693
3525	69.6094	69.6811
3526	69.6094	69.6094
3527	69.6094	69.6151
3528	69.6094	69.6094
3529	69.6094	69.6094
3530	69.6094	69.6165
3531	69.6094	69.6242
3532	69.6094	69.7247
3533	69.6094	69.7643
3534	69.6094	69.6094
3535	69.6094	69.6094
3536	69.6094	69.7387
3537	69.6094	69.6114
3538	69.6094	69.6102
3539	69.6094	69.6714
3540	69.6094	69.6253
3541	69.6094	69.6622
3542	69.6094	69.6094
3543	69.6094	69.6191
3544	69.6094	69.6965
3545	69.6094	69.6733
3546	69.6094	69.6094
3547	69.6094	69.6094
3548	69.6094	69.6094
3549	69.6094	69.6135
3550	69.6094	69.7221
3551	69.6094	69.6271
3552	69.6094	69.6219
3553	69.6094	69.6094
3554	69.6094	69.6289
3555	69.6094	69.6137
3556	69.6094	69.7389
3557	69.6094	69.6746
3558	69.6094	69.8085
3559	69.6094	69.6805
3560	69.6094	69.6495
3561	69.6094	69.7852
3562	69.6094	69.614
3563	69.6094	69.6094
3564	69.6094	69.6409
3565	69.6094	69.7283
3566	69.6094	69.6492
3567	69.6094	69.6142
3568	69.6094	69.6094
3569	69.6094	69.6412
3570	69.6094	69.6151
3571	69.6094	69.6587
3572	69.6094	69.6471
3573	69.6094	69.6811
3574	69.6094	69.6094
3575	69.6094	69.6094
3576	69.6094	69.6101
3577	69.6094	69.6094
3578	69.6094	69.6094
3579	69.6094	69.6197
3580	69.6094	69.6709
3581	69.6094	69.6735
3582	69.6094	69.6094
3583	69.6094	69.6398
3584	69.6094	69.6094
3585	69.6094	69.6327
3586	69.6094	69.6108
3587	69.6094	69.6094
3588	69.6094	69.6094
3589	69.6094	69.6133
3590	69.6094	69.7841
3591	69.6094	69.6381
3592	69.6094	69.6094
3593	69.6094	69.6094
3594	69.6094	69.6106
3595	69.6094	69.628
3596	69.6094	69.6563
3597	69.6094	69.8523
3598	69.6094	69.6804
3599	69.6094	69.723
3600	69.6094	69.7167
3601	69.6094	69.6371
3602	69.6094	69.6989
3603	69.6094	69.621
3604	69.6094	69.6094
3605	69.6094	69.6106
3606	69.6094	69.8211
3607	69.6094	69.6115
3608	69.6094	69.7638
3609	69.6094	69.7401
3610	69.6094	69.616
3611	69.6094	69.6769
3612	69.6094	69.6987
3613	69.6094	69.7327
3614	69.6094	69.6211
3615	69.6094	69.6094
3616	69.6094	69.6121
3617	69.6094	69.6419
3618	69.6094	69.7828
3619	69.6094	69.6901
3620	69.6094	69.7526
3621	69.6094	69.6741
3622	69.6094	69.6818
3623	69.6094	69.638
3624	69.6094	69.7919
3625	69.6094	69.7872
3626	69.6094	69.7139
3627	69.6094	69.6796
3628	69.6094	69.7888
3629	69.6094	69.9122
3630	69.6094	69.7528
3631	69.6094	69.6236
3632	69.6094	69.6486
3633	69.6094	69.6438
3634	69.6094	69.626
3635	69.6094	69.6094
3636	69.6094	69.6329
3637	69.6094	69.8597
3638	69.6094	69.8299
3639	69.6094	69.692
3640	69.6094	69.7537
3641	69.6094	69.6094
3642	69.6094	69.6282
3643	69.6094	69.6838
3644	69.6094	69.675
3645	69.6094	69.6225
3646	69.6094	69.6527
3647	69.6094	69.6141
3648	69.6094	69.6836
3649	69.6094	69.6389
3650	69.6094	69.6094
3651	69.6094	69.6094
3652	69.6094	69.6996
3653	69.6094	69.6341
3654	69.6094	69.7086
3655	69.6094	69.8514
3656	69.6094	69.7225
3657	69.6094	69.6742
3658	69.6094	69.6935
3659	69.6094	69.9876
3660	69.6094	69.9569
3661	69.6094	69.8102
3662	69.6094	70.1437
3663	69.6094	69.8572
3664	69.6094	69.6926
3665	69.6094	69.6628
3666	69.6094	69.8005
3667	69.6094	70.082
3668	69.6094	69.629
3669	69.6094	69.8374
3670	69.6094	69.8446
3671	69.6094	69.6934
3672	69.6094	69.6721
3673	69.6094	69.781
3674	69.6094	69.7265
3675	69.6094	69.7493
3676	69.6094	69.7154
3677	69.6094	69.6094
3678	69.6094	69.6626
3679	69.6094	69.7028
3680	69.6094	69.6417
3681	69.6094	69.7342
3682	69.6094	69.6612
3683	69.6094	69.6645
3684	69.6094	69.8063
3685	69.6094	69.7248
3686	69.6094	69.6948
3687	69.6094	69.7142
3688	69.6094	69.6094
3689	69.6094	69.6094
3690	69.6094	69.6094
3691	69.6094	69.6297
3692	69.6094	69.6094
3693	69.6094	69.613
3694	69.6094	69.6816
3695	69.6094	69.6384
3696	69.6094	69.6915
3697	69.6094	69.6108
3698	69.6094	69.6094
3699	69.6094	69.6387
3700	69.6094	69.7807
3701	69.6094	69.7222
3702	69.6094	69.683
3703	69.6094	69.6094
3704	69.6094	69.6857
3705	69.6094	69.7001
3706	69.6094	69.6249
3707	69.6094	69.6094
3708	69.6094	69.69
3709	69.6094	69.6176
3710	69.6094	69.6528
3711	69.6094	69.6972
3712	69.6094	69.6314
3713	69.6094	69.6939
3714	69.6094	69.6327
3715	69.6094	69.638
3716	69.6094	69.6902
3717	69.6094	69.619
3718	69.6094	69.6636
3719	69.6094	69.6094
3720	69.6094	69.7266
3721	69.6094	69.6501
3722	69.6094	69.6677
3723	69.6094	69.8374
3724	69.6094	69.7139
3725	69.6094	69.6735
3726	69.6094	69.7302
3727	69.6094	69.8894
3728	69.6094	69.7613
3729	69.6094	69.7858
3730	69.6094	69.738
3731	69.6094	69.7324
3732	69.6094	69.7021
3733	69.6094	69.6094
3734	69.6094	69.6094
3735	69.6094	69.6942
3736	69.6094	69.613
3737	69.6094	69.6094
3738	69.6094	69.6716
3739	69.6094	69.6094
3740	69.6094	69.6094
3741	69.6094	69.6094
3742	69.6094	69.6094
3743	69.6094	69.6094
3744	69.6094	69.6176
3745	69.6094	69.6223
3746	69.6094	69.7457
3747	69.6094	69.6483
3748	69.6094	69.6094
3749	69.6094	69.6499
3750	69.6094	69.6262
3751	69.6094	69.7797
3752	69.6094	69.6541
3753	69.6094	69.6599
3754	69.6094	69.9283
3755	69.6094	69.7214
3756	69.6094	69.9616
3757	69.6094	69.6663
3758	69.6094	69.6466
3759	69.6094	69.6128
3760	69.6094	69.7928
3761	69.6094	69.6393
3762	69.6094	69.7352
3763	69.6094	69.6461
3764	69.6094	69.6199
3765	69.6094	69.6204
3766	69.6094	69.6094
3767	69.6094	69.7993
3768	69.6094	69.74
3769	69.6094	69.6125
3770	69.6094	69.6828
3771	69.6094	69.7954
3772	69.6094	69.9034
3773	69.6094	70.0241
3774	69.6094	70.0025
3775	69.6094	69.7088
3776	69.6094	69.6787
3777	69.6094	69.7871
3778	69.6094	69.9113
3779	69.6094	69.809
3780	69.6094	69.734
3781	69.6094	69.8659
3782	69.6094	69.6808
3783	69.6094	69.6094
3784	69.6094	69.7092
3785	69.6094	69.6431
3786	69.6094	69.6561
3787	69.6094	69.6094
3788	69.6094	69.6186
3789	69.6094	69.7725
3790	69.6094	69.8052
3791	69.6094	69.9683
3792	69.6094	69.7196
3793	69.6094	69.7754
3794	69.6094	69.8171
3795	69.6094	69.9584
3796	69.6094	69.7187
3797	69.6094	69.6094
3798	69.6094	69.6211
3799	69.6094	69.6987
3800	69.6094	69.6235
3801	69.6094	69.6136
3802	69.6094	69.6314
3803	69.6094	69.6094
3804	69.6094	69.6094
3805	69.6094	69.6519
3806	69.6094	69.6094
3807	69.6094	69.6767
3808	69.6094	69.6118
3809	69.6094	69.6974
3810	69.6094	69.7356
3811	69.6094	69.8985
3812	69.6094	69.6223
3813	69.6094	69.6094
3814	69.6094	69.6094
3815	69.6094	69.6094
3816	69.6094	69.6094
3817	69.6094	69.6094
3818	69.6094	69.61
3819	69.6094	69.6623
3820	69.6094	69.6094
3821	69.6094	69.6094
3822	69.6094	69.8398
3823	69.6094	70.0451
3824	69.6094	69.9596
3825	69.6094	69.6511
3826	69.6094	69.6915
3827	69.6094	69.7644
3828	69.6094	69.6094
3829	69.6094	69.6094
3830	69.6094	69.6461
3831	69.6094	69.7251
3832	69.6094	69.6648
3833	69.6094	69.6094
3834	69.6094	69.6163
3835	69.6094	69.6807
3836	69.6094	69.612
3837	69.6094	69.6149
3838	69.6094	69.6161
3839	69.6094	69.6094
3840	69.6094	69.6094
3841	69.6094	69.6212
3842	69.6094	69.6144
3843	69.6094	69.6419
3844	69.6094	69.9371
3845	69.6094	69.8586
3846	69.6094	69.6592
3847	69.6094	69.6215
3848	69.6094	69.7173
3849	69.6094	69.8134
3850	69.6094	69.644
3851	69.6094	69.6094
3852	69.6094	69.7296
3853	69.6094	69.6692
3854	69.6094	69.8237
3855	69.6094	69.7703
3856	69.6094	69.8318
3857	69.6094	69.757
3858	69.6094	69.6413
3859	69.6094	69.6282
3860	69.6094	69.7653
3861	69.6094	69.7517
3862	69.6094	69.7048
3863	69.6094	69.6877
3864	69.6094	69.6894
3865	69.6094	69.7484
3866	69.6094	69.693
3867	69.6094	69.7652
3868	69.6094	69.6094
3869	69.6094	69.6171
3870	69.6094	69.7207
3871	69.6094	69.8465
3872	69.6094	69.7943
3873	69.6094	69.636
3874	69.6094	69.9072
3875	69.6094	69.6911
3876	69.6094	69.611
3877	69.6094	69.6282
3878	69.6094	69.6105
3879	69.6094	69.6094
3880	69.6094	69.6114
3881	69.6094	69.9025
3882	69.6094	69.8953
3883	69.6094	69.8091
3884	69.6094	69.9858
3885	69.6094	69.6094
3886	69.6094	69.6094
3887	69.6094	69.6094
3888	69.6094	69.6896
3889	69.6094	69.7695
3890	69.6094	69.8127
3891	69.6094	69.7096
3892	69.6094	69.7345
3893	69.6094	69.742
3894	69.6094	69.6395
3895	69.6094	69.6389
3896	69.6094	69.6105
3897	69.6094	69.6308
3898	69.6094	69.6255
3899	69.6094	69.6094
3900	69.6094	69.7082
3901	69.6094	69.7008
3902	69.6094	69.6171
3903	69.6094	69.6602
3904	69.6094	69.8558
3905	69.6094	69.7075
3906	69.6094	69.6953
3907	69.6094	69.8664
3908	69.6094	69.6945
3909	69.6094	69.6977
3910	69.6094	69.7888
3911	69.6094	69.7247
3912	69.6094	69.6439
3913	69.6094	69.6633
3914	69.6094	69.6512
3915	69.6094	69.6618
3916	69.6094	69.6336
3917	69.6094	69.6636
3918	69.6094	69.6094
3919	69.6094	69.6488
3920	69.6094	69.6439
3921	69.6094	69.842
3922	69.6094	69.6402
3923	69.6094	69.6841
3924	69.6094	69.6713
3925	69.6094	69.6099
3926	69.6094	69.6451
3927	69.6094	69.6861
3928	69.6094	69.73
3929	69.6094	69.7508
3930	69.6094	69.6094
3931	69.6094	69.6716
3932	69.6094	69.6306
3933	69.6094	69.6748
3934	69.6094	69.6094
3935	69.6094	69.6094
3936	69.6094	69.7514
3937	69.6094	69.626
3938	69.6094	69.6407
3939	69.6094	69.6094
3940	69.6094	69.6094
3941	69.6094	69.6094
3942	69.6094	69.6234
3943	69.6094	69.6975
3944	69.6094	69.6094
3945	69.6094	69.6286
3946	69.6094	69.638
3947	69.6094	69.6732
3948	69.6094	69.639
3949	69.6094	69.6188
3950	69.6094	69.6094
3951	69.6094	69.6365
3952	69.6094	69.6094
3953	69.6094	69.6287
3954	69.6094	69.6155
3955	69.6094	69.6094
3956	69.6094	69.61
3957	69.6094	69.652
3958	69.6094	69.8145
3959	69.6094	69.8578
3960	69.6094	69.6094
3961	69.6094	69.6094
3962	69.6094	69.6128
3963	69.6094	69.6094
3964	69.6094	69.6644
3965	69.6094	69.6415
3966	69.6094	69.6902
3967	69.6094	69.6721
3968	69.6094	69.648
3969	69.6094	69.6094
3970	69.6094	69.649
3971	69.6094	69.6119
3972	69.6094	69.6686
3973	69.6094	69.7088
3974	69.6094	69.6377
3975	69.6094	69.7276
3976	69.6094	69.6094
3977	69.6094	69.691
3978	69.6094	69.6426
3979	69.6094	69.6094
3980	69.6094	69.6507
3981	69.6094	69.7281
3982	69.6094	69.6366
3983	69.6094	69.6094
3984	69.6094	69.6189
3985	69.6094	69.6094
3986	69.6094	69.6094
3987	69.6094	69.6094
3988	69.6094	69.7365
3989	69.6094	69.648
3990	69.6094	69.629
3991	69.6094	69.6873
3992	69.6094	69.7144
3993	69.6094	69.6378
3994	69.6094	69.6245
3995	69.6094	69.6095
3996	69.6094	69.6446
3997	69.6094	69.7613
3998	69.6094	69.7114
3999	69.6094	69.7124
