#     BLOCK:  ACTUAL_PE:     PE_AVE:      ERROR:
           1    -1.43612    -1.43612           0
           2    -1.62137    -1.52875   0.0654961
           3    -1.49344    -1.51698   0.0447091
           4    -1.38084    -1.48294   0.0446452
           5    -1.15135    -1.41662   0.0692407
           6    -1.03206    -1.35253   0.0821746
           7   -0.927882    -1.29187   0.0900863
           8    -0.82349    -1.23332   0.0959831
           9   -0.720044    -1.17629    0.100848
          10    -0.65155    -1.12382    0.103519
          11    -0.60991     -1.0771    0.104118
          12   -0.603277    -1.03761    0.102656
          13   -0.646535    -1.00753   0.0990689
          14   -0.653927   -0.982272   0.0951577
          15   -0.653787   -0.960373   0.0912989
          16   -0.633761   -0.939959   0.0878452
          17   -0.636174    -0.92209   0.0844758
          18   -0.606642   -0.904565   0.0815802
          19   -0.568846   -0.886895   0.0791769
          20   -0.550172   -0.870059   0.0769873
          21    -0.54396   -0.854531   0.0748709
          22   -0.488195   -0.837879    0.073296
          23   -0.450996   -0.821058   0.0720135
          24   -0.439888   -0.805176   0.0707426
          25   -0.437317   -0.790462   0.0694263
          26   -0.458485   -0.777693   0.0679201
          27   -0.463196   -0.766045   0.0663958
          28   -0.439016   -0.754366   0.0650437
          29    -0.45879   -0.744173   0.0635943
          30   -0.476007   -0.735234   0.0620996
          31   -0.460608   -0.726376    0.060725
          32   -0.428541   -0.717068   0.0595363
          33   -0.423936   -0.708185   0.0583911
          34   -0.435691   -0.700171   0.0572211
          35   -0.451623    -0.69307   0.0560251
          36   -0.417125   -0.685404   0.0549907
          37   -0.398913   -0.677661   0.0540469
          38    -0.40818    -0.67057   0.0530878
          39    -0.41908   -0.664121   0.0521167
          40   -0.431274     -0.6583   0.0511379
          41   -0.454258   -0.653324   0.0501322
          42   -0.487808   -0.649383   0.0490932
          43   -0.474229   -0.645309   0.0481202
          44   -0.433812   -0.640503    0.047266
          45   -0.412112   -0.635427   0.0464874
          46   -0.398141   -0.630269   0.0457621
          47   -0.399378   -0.625356   0.0450513
          48   -0.398829   -0.620637   0.0443592
          49   -0.364953   -0.615419   0.0437598
          50   -0.357412   -0.610259   0.0431878
          51    -0.36394   -0.605429   0.0426101
          52     -0.3626   -0.600759   0.0420458
          53   -0.370744   -0.596419   0.0414759
          54   -0.397263   -0.592731   0.0408715
          55   -0.390229   -0.589049   0.0402938
          56   -0.369295   -0.585125   0.0397649
          57   -0.378196   -0.581495   0.0392327
          58   -0.377723   -0.577982   0.0387132
          59   -0.387616   -0.574755   0.0381913
          60   -0.394299   -0.571747    0.037673
          61   -0.374237    -0.56851   0.0371943
          62   -0.374198   -0.565375   0.0367262
          63   -0.384979   -0.562512   0.0362547
          64   -0.382052   -0.559692   0.0357977
          65   -0.372549   -0.556813   0.0353626
          66   -0.350008    -0.55368   0.0349653
          67   -0.372495   -0.550976   0.0345479
          68   -0.402335    -0.54879   0.0341089
          69   -0.414022   -0.546836   0.0336704
          70   -0.376966    -0.54441   0.0332768
          71   -0.366652   -0.541906   0.0329021
          72    -0.36404   -0.539436   0.0325377
          73   -0.370471   -0.537121   0.0321742
          74   -0.350106   -0.534594   0.0318386
          75   -0.343909   -0.532052   0.0315154
          76   -0.370195   -0.529922   0.0311726
          77   -0.373161   -0.527886   0.0308342
          78   -0.361515   -0.525753   0.0305125
          79   -0.356644   -0.523612   0.0302013
          80   -0.353515   -0.521486   0.0298985
          81   -0.335818   -0.519194   0.0296171
          82   -0.327175   -0.516852   0.0293484
          83   -0.344535   -0.514776   0.0290681
          84    -0.35413   -0.512864   0.0287849
          85     -0.3604    -0.51107   0.0285021
          86   -0.384622     -0.5096   0.0282086
          87   -0.406451   -0.508414   0.0279093
          88   -0.399745   -0.507179   0.0276194
          89   -0.400383   -0.505979   0.0273351
          90   -0.382635   -0.504609   0.0270658
          91   -0.361761   -0.503039   0.0268138
          92   -0.364588   -0.501534   0.0265646
          93    -0.35188   -0.499925   0.0263276
          94    -0.35756    -0.49841    0.026091
          95    -0.36512   -0.497007   0.0258541
          96   -0.367464   -0.495658     0.02562
          97   -0.359739   -0.494257   0.0253941
          98   -0.345575    -0.49274   0.0251803
          99   -0.377053   -0.491571   0.0249531
         100   -0.376449    -0.49042   0.0247301
         101   -0.357073     -0.4891   0.0245204
         102   -0.351443    -0.48775   0.0243171
         103   -0.342158   -0.486336   0.0241221
         104   -0.361441   -0.485135     0.02392
         105   -0.357128   -0.483916   0.0237233
         106   -0.378846   -0.482925   0.0235202
         107    -0.38577   -0.482017   0.0233179
         108    -0.39115   -0.481176   0.0231171
         109    -0.38173   -0.480263   0.0229231
         110   -0.356661    -0.47914   0.0227422
         111   -0.362562    -0.47809   0.0225615
         112   -0.387876   -0.477284   0.0223745
         113   -0.389373   -0.476506     0.02219
         114   -0.383785   -0.475693   0.0220102
         115   -0.386588   -0.474918   0.0218325
         116     -0.4046   -0.474312   0.0216527
         117   -0.389674   -0.473588   0.0214797
         118   -0.392388     -0.4729   0.0213087
         119   -0.397881    -0.47227   0.0211389
         120   -0.406335    -0.47172   0.0209699
         121   -0.406073   -0.471178   0.0208036
         122   -0.421733   -0.470772   0.0206371
         123   -0.437232     -0.4705   0.0204711
         124   -0.421032   -0.470101   0.0203099
         125   -0.404967    -0.46958   0.0201541
         126   -0.423841   -0.469217   0.0199974
         127   -0.448862   -0.469057   0.0198406
         128   -0.437213   -0.468808   0.0196871
         129   -0.439195   -0.468578   0.0195359
         130   -0.431447   -0.468293   0.0193877
         131   -0.437554   -0.468058   0.0192411
         132   -0.459991   -0.467997   0.0190954
         133   -0.443038   -0.467809   0.0189528
         134   -0.450929   -0.467683   0.0188118
         135   -0.449689    -0.46755   0.0186729
         136   -0.445871    -0.46739   0.0185363
         137   -0.439932    -0.46719    0.018402
         138   -0.440153   -0.466994   0.0182697
         139   -0.457195   -0.466924   0.0181384
         140   -0.435483   -0.466699   0.0180103
         141   -0.400621    -0.46623   0.0178886
         142   -0.359982   -0.465482   0.0177783
         143   -0.389017   -0.464947    0.017662
         144   -0.407625   -0.464549   0.0175438
         145   -0.401675   -0.464116   0.0174282
         146   -0.393679   -0.463633   0.0173155
         147    -0.39995     -0.4632   0.0172031
         148   -0.432702   -0.462994   0.0170881
         149   -0.416932   -0.462685   0.0169763
         150   -0.384515   -0.462164   0.0168711
         151     -0.3985   -0.461742   0.0167646
         152    -0.41157   -0.461412   0.0166576
         153   -0.425819   -0.461179   0.0165503
         154   -0.421258    -0.46092   0.0164449
         155   -0.403583    -0.46055   0.0163429
         156   -0.352848    -0.45986   0.0162528
         157   -0.356163   -0.459199   0.0161627
         158    -0.41071   -0.458893   0.0160633
         159   -0.458291   -0.458889   0.0159622
         160   -0.409897   -0.458583   0.0158654
         161   -0.378916   -0.458088   0.0157746
         162   -0.354371   -0.457447   0.0156902
         163   -0.322691   -0.456621   0.0156157
         164   -0.312954   -0.455745    0.015545
         165   -0.320616   -0.454926   0.0154724
         166   -0.353439   -0.454314   0.0153913
         167   -0.370303   -0.453811   0.0153073
         168   -0.366915   -0.453294   0.0152249
         169   -0.351179    -0.45269   0.0151468
         170   -0.354147    -0.45211   0.0150688
         171   -0.350116   -0.451514   0.0149925
         172   -0.369657   -0.451038   0.0149129
         173   -0.393018   -0.450702   0.0148304
         174   -0.440261   -0.450642   0.0147453
         175   -0.421741   -0.450477    0.014662
         176   -0.427755   -0.450348   0.0145793
         177   -0.400878   -0.450069   0.0144996
         178   -0.399135   -0.449783   0.0144209
         179   -0.425692   -0.449648    0.014341
         180   -0.459996   -0.449705   0.0142614
         181   -0.475802    -0.44985   0.0141834
         182   -0.451144   -0.449857   0.0141055
         183   -0.417801   -0.449682   0.0140295
         184   -0.379819   -0.449302   0.0139584
         185   -0.336943   -0.448695   0.0138961
         186   -0.340539   -0.448113   0.0138336
         187   -0.362532   -0.447655   0.0137672
         188   -0.368331   -0.447233   0.0137004
         189   -0.353496   -0.446738   0.0136369
         190   -0.346269   -0.446209   0.0135753
         191    -0.34293   -0.445668    0.013515
         192    -0.37761   -0.445314   0.0134493
         193   -0.394716   -0.445051   0.0133822
         194    -0.41991   -0.444922   0.0133138
         195   -0.432369   -0.444857   0.0132457
         196    -0.44357   -0.444851   0.0131781
         197   -0.459185   -0.444924   0.0131114
         198   -0.422564   -0.444811   0.0130457
         199   -0.396023   -0.444566   0.0129824
         200   -0.393933   -0.444312     0.01292
         201   -0.402788   -0.444106   0.0128574
         202   -0.409639   -0.443935   0.0127948
         203   -0.415708   -0.443796   0.0127326
         204   -0.407435   -0.443618   0.0126714
         205   -0.402576   -0.443418   0.0126112
         206   -0.412578   -0.443268   0.0125508
         207   -0.404477   -0.443081   0.0124916
         208   -0.386402   -0.442808   0.0124345
         209   -0.388807    -0.44255   0.0123777
         210   -0.387737   -0.442289   0.0123215
         211    -0.38004   -0.441994   0.0122667
         212    -0.38911   -0.441744   0.0122113
         213   -0.414693   -0.441617   0.0121547
         214   -0.403307   -0.441438   0.0120992
         215   -0.401211   -0.441251   0.0120444
         216    -0.39519   -0.441038   0.0119905
         217   -0.403733   -0.440866   0.0119365
         218    -0.34793    -0.44044   0.0118893
         219   -0.339819    -0.43998   0.0118439
         220   -0.352628   -0.439583   0.0117967
         221     -0.3701   -0.439269   0.0117475
         222   -0.357909   -0.438902   0.0117003
         223   -0.378113    -0.43863    0.011651
         224   -0.370439   -0.438325    0.011603
         225   -0.355596   -0.437957   0.0115573
         226   -0.348996   -0.437564   0.0115128
         227   -0.357313    -0.43721   0.0114675
         228   -0.399629   -0.437045   0.0114184
         229   -0.427543   -0.437004   0.0113686
         230   -0.435985      -0.437   0.0113192
         231   -0.466258   -0.437126   0.0112709
         232   -0.456618    -0.43721   0.0112226
         233   -0.449446   -0.437263   0.0111746
         234   -0.431516   -0.437238   0.0111269
         235   -0.428249     -0.4372   0.0110796
         236   -0.433435   -0.437184   0.0110326
         237   -0.444228   -0.437214   0.0109861
         238   -0.463939   -0.437326   0.0109406
         239   -0.444352   -0.437355   0.0108948
         240   -0.430642   -0.437327   0.0108495
         241   -0.410574   -0.437216    0.010805
         242   -0.423659    -0.43716   0.0107605
         243   -0.410643   -0.437051   0.0107168
         244   -0.447422   -0.437094   0.0106729
         245   -0.457695   -0.437178   0.0106297
         246   -0.455048    -0.43725   0.0105867
         247   -0.422615   -0.437191    0.010544
         248   -0.399814   -0.437041   0.0105026
         249   -0.371877   -0.436779   0.0104637
         250   -0.392843   -0.436603   0.0104233
