3	0.974697	1.01444	0.717125
3	1.00514	1.05664	0.909178
3	0.960779	1.05634	0.716484
3	0.994186	1.09594	1.12142
3	1.0151	1.1015	1.3476
3	0.977126	1.05203	0.884632
3	1.02604	1.06713	1.05858
3	0.981057	1.03188	0.736845
3	0.972786	1.02853	0.647122
3	0.979131	1.0048	0.634207
3	0.988883	1.0536	0.828825
3	0.988624	1.0156	0.796824
3	1.02175	0.995868	0.778449
3	0.980305	0.974454	0.547531
3	0.992283	0.961333	0.5747
3	1.01912	0.98906	0.677819
3	1.00388	0.945764	0.482343
3	1.0028	0.937232	0.564998
3	1.02451	0.887426	0.410711
0.6	0.999197	0.939968	0.459477
0.6	0.946281	0.990697	0.478059
0.6	0.995612	1.04336	0.837179
0.6	1.03487	1.09242	1.39553
0.6	1.05595	1.07741	1.31572
0.6	1.06041	1.08576	1.44744
0.6	1.03037	1.12678	1.41653
0.6	0.98083	1.1032	1.02891
0.6	0.988938	1.09389	1.11861
0.6	0.989079	1.06676	1.00958
0.6	0.976418	1.06722	0.969874
0.6	0.983066	1.07164	0.950158
0.6	0.933806	1.06096	0.768291
0.6	0.894919	1.07699	0.632304
0.6	0.92451	1.04444	0.562074
0.6	0.959694	1.01908	0.634519
0.6	0.940973	0.981853	0.420975
0.6	0.954633	0.947667	0.323408
0.333333	0.987428	0.942572	0.412625
0.333333	0.956301	0.938244	0.322656
0.333333	0.947864	0.879538	0.139075
0.333333	0.910915	0.895084	0.0461143
0.333333	0.952426	0.900663	0.205989
0.333333	0.988795	0.882307	0.226567
0.333333	0.979131	0.867483	0.162193
0.333333	1.01308	0.876911	0.304493
0.333333	0.969328	0.905822	0.22485
0.333333	1.00101	0.846006	0.133838
0.333333	1.03407	0.812587	0.214013
0.333333	1.0235	0.804313	0.124093
0.333333	1.04425	0.762983	0.0754885
0.333333	1.03052	0.756253	0.0196629
0.333333	1.0073	0.769652	-0.00920853
0.333333	0.978528	0.74064	-0.142472
0.230769	0.994294	0.715981	-0.163201
0.230769	0.95786	0.667022	-0.303899
0.230769	0.895865	0.647818	-0.399773
0.230769	0.844363	0.6349	-0.436494
0.230769	0.907863	0.630522	-0.39665
0.230769	0.947252	0.677759	-0.306259
0.230769	0.947192	0.655997	-0.339137
0.230769	0.990546	0.621152	-0.285641
0.230769	0.964964	0.68542	-0.276034
0.230769	0.941755	0.647085	-0.339872
0.230769	1.00298	0.688296	-0.193189
0.230769	1.00427	0.647229	-0.250321
0.230769	0.942497	0.621407	-0.36182
0.230769	0.989893	0.640055	-0.280082
0.230769	0.925016	0.649041	-0.372168
0.230769	0.964133	0.607	-0.335654
0.176471	0.948423	0.592228	-0.350381
0.176471	0.990312	0.613655	-0.285892
0.176471	0.953128	0.549275	-0.311919
0.176471	0.940338	0.547873	-0.319167
0.176471	0.872139	0.496431	-0.251234
0.176471	0.942866	0.525466	-0.275404
0.176471	0.963954	0.562022	-0.309704
0.176471	0.957726	0.531048	-0.272021
0.176471	0.974684	0.552423	-0.287495
0.176471	0.980049	0.581189	-0.303436
0.176471	0.942153	0.536705	-0.29439
0.176471	0.916367	0.568963	-0.371966
0.176471	0.951881	0.619871	-0.349726
0.176471	0.915489	0.67162	-0.358151
0.176471	0.879901	0.659489	-0.403798
0.176471	0.887626	0.731529	-0.317124
0.176471	0.876831	0.77848	-0.252592
0.142857	0.830752	0.749456	-0.333674
0.142857	0.829327	0.744347	-0.346315
0.142857	0.822951	0.750626	-0.329087
0.142857	0.871713	0.828673	-0.163599
0.142857	0.939309	0.825109	-0.0395583
0.142857	0.916559	0.792161	-0.19055
0.142857	0.853114	0.859147	-0.111373
0.142857	0.879853	0.817434	-0.164566
0.142857	0.860704	0.840534	-0.156979
0.142857	0.910428	0.883016	0.0433313
0.142857	0.831743	0.855664	-0.180853
0.12	0.789934	0.812025	-0.295987
0.12	0.804182	0.802439	-0.277631
0.12	0.787116	0.752413	-0.344028
0.12	0.843003	0.743554	-0.345964
0.12	0.775084	0.672665	-0.428894
0.12	0.752235	0.637182	-0.434709
0.12	0.675886	0.630648	-0.390037
0.12	0.728967	0.674133	-0.415811
0.12	0.686454	0.672406	-0.393623
0.12	0.659538	0.607855	-0.379892
0.12	0.720816	0.594731	-0.420533
0.12	0.742296	0.581504	-0.417399
0.12	0.758623	0.608506	-0.44203
0.12	0.810369	0.59433	-0.439561
0.12	0.854307	0.609861	-0.429951
0.12	0.864122	0.669644	-0.399941
0.12	0.857512	0.628236	-0.427635
0.103448	0.924617	0.566534	-0.364657
0.103448	0.858904	0.501145	-0.27596
0.103448	0.803457	0.502171	-0.294293
0.103448	0.733478	0.482976	-0.247225
0.103448	0.674629	0.522538	-0.324946
0.103448	0.705603	0.598127	-0.411881
0.103448	0.767905	0.596547	-0.439753
0.103448	0.855633	0.618236	-0.429236
0.103448	0.769781	0.541542	-0.39331
0.103448	0.795919	0.518959	-0.363973
0.103448	0.851179	0.56661	-0.410265
0.103448	0.796679	0.554615	-0.410787
0.103448	0.80349	0.580307	-0.429389
0.103448	0.807935	0.659165	-0.429144
0.103448	0.729652	0.68337	-0.40724
0.103448	0.707073	0.7185	-0.383929
0.0909091	0.790912	0.761437	-0.344513
0.0909091	0.734848	0.732541	-0.378756
0.0909091	0.762647	0.803223	-0.297304
0.0909091	0.795743	0.714448	-0.395408
0.0909091	0.698945	0.676935	-0.396303
0.0909091	0.723331	0.671161	-0.412219
0.0909091	0.786345	0.600638	-0.442181
0.0909091	0.725226	0.581124	-0.413151
0.0909091	0.674385	0.613537	-0.392802
0.0909091	0.659779	0.610986	-0.377724
0.0909091	0.755105	0.698213	-0.41257
0.0909091	0.818577	0.665273	-0.430381
0.0909091	0.749168	0.633219	-0.434814
0.0909091	0.782846	0.692862	-0.413675
0.0810811	0.766145	0.658334	-0.433869
0.0810811	0.82063	0.662421	-0.425804
0.0810811	0.816271	0.577773	-0.42954
0.0810811	0.792976	0.674758	-0.421219
0.0810811	0.883769	0.590046	-0.411839
0.0810811	0.926299	0.639241	-0.363683
0.0810811	0.946498	0.554305	-0.314497
0.0810811	0.894284	0.602431	-0.408974
0.0810811	0.847603	0.663674	-0.419453
0.0810811	0.872331	0.57161	-0.407849
0.0810811	0.862415	0.508298	-0.289303
0.0810811	0.967928	0.612128	-0.33145
0.0810811	0.967394	0.644807	-0.318974
0.0810811	0.885379	0.653271	-0.403043
0.0731707	0.805451	0.561967	-0.416358
0.0731707	0.753007	0.570937	-0.419117
0.0731707	0.665197	0.61624	-0.384579
0.0731707	0.764054	0.584403	-0.428722
0.0731707	0.731417	0.624158	-0.426965
0.0731707	0.679244	0.653839	-0.390938
0.0731707	0.771382	0.574599	-0.429238
0.0731707	0.839261	0.596145	-0.437833
0.0731707	0.755072	0.68733	-0.415772
0.0731707	0.714562	0.69099	-0.396268
0.0731707	0.795769	0.576914	-0.431938
0.0731707	0.812859	0.694387	-0.411203
0.0666667	0.83363	0.612636	-0.437154
0.0666667	0.868526	0.677546	-0.391551
0.0666667	0.800336	0.667683	-0.427976
0.0666667	0.797585	0.75126	-0.322512
0.0666667	0.86562	0.68718	-0.392265
0.0666667	0.824027	0.752232	-0.348949
0.0666667	0.827862	0.738276	-0.347238
0.0666667	0.826117	0.637158	-0.43339
0.0666667	0.762339	0.58354	-0.432666
0.0666667	0.746958	0.689904	-0.414561
0.0666667	0.702904	0.740817	-0.361031
0.0666667	0.682407	0.695515	-0.378155
0.0612245	0.657719	0.680939	-0.374467
0.0612245	0.651806	0.742848	-0.351953
0.0612245	0.540835	0.69961	-0.272218
0.0612245	0.623461	0.764994	-0.332028
0.0612245	0.633739	0.710786	-0.347547
0.0612245	0.675576	0.683068	-0.376513
0.0612245	0.74494	0.760348	-0.36406
0.0612245	0.745017	0.710113	-0.398568
0.0612245	0.69629	0.611489	-0.409184
0.0612245	0.751861	0.61073	-0.433492
0.0612245	0.810553	0.716327	-0.386279
0.0612245	0.820193	0.607409	-0.4417
0.0566038	0.7118	0.563114	-0.395869
0.0566038	0.816495	0.484791	-0.237872
0.0566038	0.922239	0.485626	-0.173845
0.0566038	0.938819	0.502413	-0.229329
0.0566038	0.845403	0.505018	-0.291226
0.0566038	0.930306	0.545828	-0.327756
0.0566038	0.878363	0.639853	-0.410484
0.0566038	0.785781	0.681934	-0.418096
0.0566038	0.766165	0.718638	-0.388223
0.0566038	0.8193	0.686661	-0.407836
0.0566038	0.819241	0.636786	-0.441126
0.0566038	0.793315	0.648543	-0.437409
0.0566038	0.744824	0.687444	-0.407965
0.0566038	0.836229	0.710749	-0.374696
0.0526316	0.849768	0.672988	-0.404052
0.0526316	0.874865	0.62788	-0.427095
0.0526316	0.812177	0.683883	-0.407774
0.0526316	0.778392	0.789033	-0.305333
0.0526316	0.719609	0.794073	-0.31624
0.0526316	0.774131	0.723118	-0.381028
0.0526316	0.65888	0.664317	-0.376565
0.0526316	0.671525	0.626862	-0.387467
0.0526316	0.65293	0.633578	-0.371408
0.0491803	0.73955	0.682878	-0.417659
0.0491803	0.627911	0.619784	-0.344793
0.0491803	0.65962	0.595947	-0.375455
0.0491803	0.671182	0.580567	-0.376987
0.0491803	0.713393	0.565411	-0.401351
0.0491803	0.828089	0.568272	-0.425603
0.0491803	0.814638	0.536771	-0.380635
0.0461538	0.855182	0.574324	-0.412849
0.0461538	0.826605	0.57587	-0.425541
0.0461538	0.814242	0.647004	-0.439616
0.0461538	0.783415	0.611225	-0.445933
0.0461538	0.707495	0.616788	-0.412442
0.0434783	0.705108	0.593942	-0.409524
0.0434783	0.774071	0.683197	-0.412221
0.0434783	0.730839	0.72219	-0.386738
0.0434783	0.748587	0.718989	-0.390754
0.0434783	0.718068	0.672068	-0.41085
0.0434783	0.784118	0.600646	-0.443734
0.0434783	0.756264	0.533368	-0.378827
0.0410959	0.739459	0.626983	-0.430059
0.0410959	0.717814	0.604352	-0.41797
0.0410959	0.774156	0.592702	-0.438048
0.0410959	0.866566	0.578639	-0.419436
0.0410959	0.831686	0.664802	-0.42404
0.0410959	0.741945	0.624446	-0.432854
0.0410959	0.757634	0.713219	-0.403766
0.0410959	0.683414	0.673086	-0.392745
0.0410959	0.715314	0.638491	-0.418988
0.0410959	0.648667	0.643537	-0.371561
0.038961	0.698776	0.57297	-0.39768
0.038961	0.775553	0.625464	-0.439513
0.038961	0.689986	0.599287	-0.398939
0.038961	0.710401	0.679253	-0.405532
0.038961	0.648001	0.605735	-0.363491
0.038961	0.640484	0.6642	-0.360447
0.038961	0.68615	0.623815	-0.398119
0.038961	0.761485	0.664681	-0.425121
0.038961	0.787998	0.65753	-0.43532
0.038961	0.798425	0.660535	-0.427084
0.038961	0.750154	0.725549	-0.387305
0.038961	0.737095	0.716432	-0.39231
0.037037	0.741558	0.740586	-0.373312
0.037037	0.821932	0.706503	-0.399462
0.037037	0.898929	0.642226	-0.399055
0.037037	0.827367	0.656302	-0.427319
0.037037	0.824147	0.586187	-0.430992
0.037037	0.791509	0.678936	-0.421938
0.037037	0.885549	0.652026	-0.397099
0.037037	0.843933	0.561313	-0.404355
0.037037	0.804274	0.649483	-0.437071
0.037037	0.878537	0.633972	-0.416467
0.037037	0.822091	0.667108	-0.426579
0.037037	0.819642	0.66269	-0.431484
0.0352941	0.821773	0.647423	-0.433955
0.0352941	0.808237	0.576093	-0.426617
0.0352941	0.809609	0.651483	-0.43584
0.0352941	0.816091	0.613306	-0.445663
0.0352941	0.74229	0.634707	-0.433564
0.0352941	0.818813	0.645673	-0.436865
0.0352941	0.767822	0.655596	-0.433732
0.0352941	0.70195	0.703268	-0.392706
0.0352941	0.789702	0.728764	-0.385107
0.0352941	0.756802	0.637188	-0.43704
0.0352941	0.697024	0.623103	-0.407986
0.0352941	0.780903	0.594583	-0.437491
0.0352941	0.830161	0.631689	-0.438646
0.0337079	0.766968	0.664265	-0.433842
0.0337079	0.782767	0.652986	-0.441835
0.0337079	0.873925	0.668892	-0.40096
0.0337079	0.827791	0.743958	-0.354284
0.0337079	0.91214	0.716596	-0.313739
0.0337079	0.955402	0.6592	-0.311895
0.0337079	0.857881	0.678175	-0.406641
0.0337079	0.793476	0.580952	-0.434797
0.0337079	0.767355	0.632691	-0.438243
0.0337079	0.74245	0.673636	-0.416367
0.0337079	0.795068	0.683256	-0.414449
0.0337079	0.758696	0.631713	-0.43817
0.0337079	0.767913	0.541351	-0.389962
0.0337079	0.673385	0.612756	-0.38578
0.0337079	0.660164	0.590434	-0.372196
0.0337079	0.622205	0.670044	-0.35084
0.0322581	0.599613	0.659902	-0.331445
0.0322581	0.668252	0.773523	-0.345309
0.0322581	0.618791	0.732416	-0.338383
0.0322581	0.716745	0.703085	-0.396591
0.0322581	0.684858	0.734678	-0.364384
0.0322581	0.693426	0.745408	-0.370544
0.0322581	0.718937	0.774005	-0.342229
0.0322581	0.626964	0.842672	-0.299392
0.0322581	0.514039	0.779756	-0.279638
0.0322581	0.594958	0.734287	-0.326951
0.0322581	0.700347	0.788716	-0.343479
0.0322581	0.682035	0.739085	-0.362536
0.0322581	0.719527	0.667469	-0.409698
0.0322581	0.782412	0.60952	-0.441151
0.0309278	0.813812	0.582223	-0.431322
0.0309278	0.846492	0.582017	-0.427432
0.0309278	0.844258	0.546564	-0.387532
0.0309278	0.734498	0.520464	-0.35837
0.0309278	0.83824	0.544021	-0.392909
0.029703	0.814639	0.540828	-0.387402
0.029703	0.851876	0.538115	-0.373307
0.029703	0.864076	0.625194	-0.42761
0.029703	0.830791	0.622746	-0.437896
0.029703	0.788046	0.660648	-0.425259
0.029703	0.701246	0.584485	-0.40188
0.029703	0.751438	0.651317	-0.430389
0.0285714	0.813304	0.650118	-0.430495
0.0285714	0.840343	0.576575	-0.428263
0.0285714	0.752043	0.561699	-0.410266
0.0285714	0.770436	0.616485	-0.441564
0.0285714	0.844529	0.628985	-0.44112
0.0285714	0.834905	0.661292	-0.421839
0.0285714	0.83535	0.568796	-0.423912
0.0285714	0.804202	0.624106	-0.441202
0.0285714	0.801544	0.640774	-0.441729
0.0285714	0.81477	0.596896	-0.441652
0.0275229	0.739101	0.654642	-0.424395
0.0275229	0.645114	0.615008	-0.365975
0.0275229	0.616295	0.619001	-0.340827
0.0275229	0.666113	0.651012	-0.38344
0.0275229	0.727141	0.640589	-0.422639
0.0275229	0.780729	0.589345	-0.436629
0.0275229	0.77236	0.606787	-0.438452
0.0275229	0.851032	0.636373	-0.429386
0.0275229	0.776663	0.572204	-0.423043
0.0275229	0.861827	0.552774	-0.388814
0.0275229	0.805027	0.54792	-0.402929
0.0265487	0.755435	0.623679	-0.435079
0.0265487	0.739196	0.680512	-0.413752
0.0265487	0.755267	0.643374	-0.429617
0.0265487	0.835299	0.597638	-0.438625
0.0265487	0.818303	0.638928	-0.436699
0.0265487	0.78556	0.6814	-0.410483
0.0265487	0.738332	0.715708	-0.384172
0.0265487	0.642676	0.652538	-0.362476
0.0265487	0.606246	0.706423	-0.335218
0.025641	0.667712	0.731173	-0.366297
0.025641	0.720901	0.659827	-0.417032
0.025641	0.800091	0.568838	-0.426895
0.025641	0.725244	0.566279	-0.407114
0.025641	0.707728	0.655524	-0.409918
0.025641	0.805048	0.679776	-0.42027
0.025641	0.737881	0.610494	-0.432961
0.025641	0.742911	0.631543	-0.433521
0.025641	0.83386	0.573936	-0.425902
0.0247934	0.82002	0.660561	-0.427761
0.0247934	0.818853	0.624896	-0.442929
0.0247934	0.777438	0.551887	-0.408577
0.0247934	0.773656	0.580531	-0.431722
0.0247934	0.685551	0.567485	-0.379489
0.0247934	0.747078	0.529542	-0.36815
0.0247934	0.828746	0.605064	-0.441389
0.0247934	0.882026	0.617525	-0.41993
0.024	0.784322	0.61383	-0.446247
0.024	0.764948	0.653013	-0.435079
0.024	0.846671	0.611611	-0.431239
0.024	0.753437	0.596488	-0.433441
0.024	0.838252	0.66725	-0.415228
0.024	0.901644	0.621474	-0.406376
0.024	0.836004	0.543461	-0.385149
0.024	0.924783	0.631773	-0.378111
0.0232558	0.832125	0.621978	-0.440289
0.0232558	0.740088	0.625472	-0.436273
0.0232558	0.764804	0.642092	-0.433201
0.0232558	0.770682	0.58355	-0.433126
0.0232558	0.83886	0.668959	-0.421348
0.0232558	0.829049	0.595072	-0.437317
0.0232558	0.778648	0.58752	-0.435363
0.0232558	0.773391	0.679233	-0.421052
0.0232558	0.729206	0.640554	-0.427812
0.0225564	0.715364	0.690718	-0.402744
0.0225564	0.755431	0.712028	-0.403067
0.0225564	0.803899	0.64267	-0.434652
0.0225564	0.859402	0.652995	-0.417529
0.0225564	0.773313	0.601487	-0.442564
0.0218978	0.830313	0.641627	-0.439694
0.0218978	0.852215	0.659694	-0.420082
0.0218978	0.79792	0.637272	-0.443233
0.0212766	0.785516	0.633274	-0.441994
0.0212766	0.81233	0.65967	-0.430367
0.0212766	0.812557	0.650363	-0.43199
0.0212766	0.80498	0.656422	-0.433005
0.0212766	0.769345	0.616343	-0.440685
0.0212766	0.744645	0.67532	-0.417546
0.0212766	0.744504	0.723975	-0.386832
0.0212766	0.738197	0.642337	-0.42828
0.0212766	0.776204	0.587772	-0.438583
0.0212766	0.778047	0.578807	-0.434442
0.0212766	0.77302	0.595151	-0.439592
0.0206897	0.755336	0.61915	-0.43609
0.0206897	0.834487	0.577414	-0.425198
0.0206897	0.756978	0.648764	-0.429581
0.0206897	0.689695	0.577612	-0.387615
0.0206897	0.715533	0.566943	-0.405805
0.0206897	0.731442	0.557478	-0.404474
0.0206897	0.771069	0.569494	-0.419092
0.0206897	0.704741	0.595184	-0.412438
0.0201342	0.729864	0.666277	-0.414767
0.0201342	0.802923	0.641139	-0.438774
0.0201342	0.856253	0.612963	-0.434206
0.0201342	0.857323	0.603695	-0.431211
0.0201342	0.898001	0.642004	-0.400773
0.0201342	0.90404	0.58767	-0.395826
0.0196078	0.849589	0.552957	-0.397651
0.0196078	0.803286	0.599121	-0.447052
0.0196078	0.802006	0.645259	-0.437541
0.0196078	0.796764	0.666564	-0.430845
0.0196078	0.828275	0.64022	-0.435441
0.0196078	0.899924	0.603199	-0.402919
0.0196078	0.826844	0.672372	-0.414284
0.0196078	0.839019	0.651684	-0.431394
0.0196078	0.791735	0.670661	-0.427301
0.0196078	0.79346	0.601966	-0.445716
0.0191083	0.782535	0.662675	-0.431727
0.0191083	0.729765	0.604604	-0.426308
0.0191083	0.74425	0.639054	-0.431113
0.0191083	0.719275	0.632971	-0.42341
0.0191083	0.755777	0.624986	-0.433101
0.0191083	0.799576	0.656551	-0.429162
0.0191083	0.75013	0.595257	-0.430357
0.0191083	0.73507	0.581808	-0.418889
0.0191083	0.741601	0.575202	-0.417538
0.0191083	0.701494	0.590398	-0.400255
0.0191083	0.775537	0.588789	-0.437788
0.0191083	0.745058	0.574569	-0.425003
0.0191083	0.760636	0.613116	-0.4377
0.0191083	0.793039	0.633304	-0.440917
0.0191083	0.810541	0.654243	-0.434129
0.0191083	0.823658	0.674258	-0.427459
0.0186335	0.823743	0.679256	-0.417886
0.0186335	0.825139	0.62974	-0.440535
0.0186335	0.835795	0.574056	-0.421876
0.0186335	0.834051	0.609385	-0.43989
0.0186335	0.832611	0.619741	-0.442245
0.0181818	0.769498	0.604642	-0.440254
0.0181818	0.800562	0.665728	-0.429057
0.0181818	0.742843	0.666869	-0.422251
0.0181818	0.728771	0.683715	-0.4114
0.0181818	0.799103	0.633579	-0.443212
0.0181818	0.835338	0.619625	-0.445689
0.0181818	0.858831	0.670119	-0.413614
0.0181818	0.920286	0.618534	-0.391479
0.0181818	0.937231	0.650076	-0.361981
0.0181818	0.945255	0.592052	-0.358163
0.0177515	0.901211	0.630692	-0.401225
0.0177515	0.897558	0.635671	-0.402006
0.0177515	0.940873	0.631313	-0.355068
0.0177515	0.88006	0.561693	-0.389752
0.0177515	0.910786	0.586981	-0.389769
0.0177515	0.85555	0.560323	-0.400153
0.0177515	0.786276	0.584015	-0.43298
0.0177515	0.769558	0.612162	-0.441003
0.0177515	0.817726	0.585679	-0.433388
0.0177515	0.85871	0.631715	-0.427962
0.0177515	0.801318	0.581494	-0.435045
0.0177515	0.739017	0.6489	-0.423482
0.017341	0.744636	0.608862	-0.429108
0.017341	0.735751	0.623559	-0.433236
0.017341	0.757576	0.611029	-0.439801
0.017341	0.769858	0.586552	-0.435591
0.017341	0.840843	0.61807	-0.435341
0.017341	0.808675	0.640238	-0.43867
0.017341	0.815137	0.608264	-0.442571
0.017341	0.832676	0.630826	-0.440357
0.017341	0.77141	0.589863	-0.434082
0.017341	0.780097	0.591135	-0.441543
0.017341	0.774113	0.664107	-0.431522
0.017341	0.806874	0.645991	-0.438035
0.0169492	0.789654	0.636803	-0.439304
0.0169492	0.759678	0.593496	-0.43953
0.0169492	0.809564	0.65266	-0.437392
0.0169492	0.763989	0.640197	-0.439887
0.0169492	0.730592	0.59679	-0.423908
0.0169492	0.783402	0.595946	-0.440316
0.0169492	0.757818	0.579742	-0.430241
0.0169492	0.788642	0.578439	-0.436085
0.0169492	0.743879	0.611645	-0.435825
0.0169492	0.724936	0.676182	-0.417528
0.0165746	0.720045	0.679643	-0.409118
0.0165746	0.763199	0.68106	-0.418316
0.0165746	0.80133	0.658001	-0.431041
0.0165746	0.773004	0.612151	-0.441798
0.0165746	0.810916	0.665439	-0.427585
0.0165746	0.819669	0.616564	-0.443405
0.0165746	0.803237	0.635781	-0.44221
0.0165746	0.849489	0.646949	-0.427771
0.0165746	0.807464	0.699257	-0.396601
0.0165746	0.748962	0.749168	-0.359534
0.0162162	0.742942	0.678175	-0.416231
0.0162162	0.729632	0.711823	-0.395342
0.0162162	0.745345	0.639083	-0.429482
0.0162162	0.797862	0.690178	-0.410789
0.0162162	0.862718	0.616673	-0.432409
0.0162162	0.826362	0.658009	-0.425225
0.0162162	0.799203	0.614247	-0.446426
0.0162162	0.730406	0.604904	-0.430233
0.0162162	0.76962	0.563534	-0.41396
0.0162162	0.788853	0.56259	-0.414855
0.0162162	0.769891	0.634897	-0.435662
0.0162162	0.760804	0.588949	-0.435243
0.015873	0.797434	0.622952	-0.443254
0.015873	0.762447	0.631686	-0.4373
0.015873	0.774266	0.691113	-0.419823
0.015873	0.805283	0.681356	-0.418551
0.015873	0.806725	0.676404	-0.421824
0.015873	0.841356	0.658827	-0.422707
0.015873	0.879489	0.586418	-0.411537
0.015873	0.850091	0.594604	-0.437593
0.015873	0.842279	0.644203	-0.431697
0.015544	0.852351	0.581579	-0.422965
0.015544	0.787838	0.565118	-0.419895
0.015544	0.76388	0.616756	-0.445252
0.015544	0.816577	0.582482	-0.436931
0.015544	0.841414	0.605201	-0.43256
0.015544	0.876491	0.594714	-0.419835
0.015544	0.891087	0.571243	-0.393051
0.015544	0.871849	0.606755	-0.421806
0.015544	0.879459	0.608579	-0.417223
0.0152284	0.88411	0.668733	-0.395113
0.0152284	0.846681	0.643341	-0.421556
0.0152284	0.871217	0.70055	-0.373923
0.0152284	0.830971	0.747438	-0.355797
0.0152284	0.782093	0.699715	-0.403806
0.0152284	0.727705	0.66858	-0.41191
0.0152284	0.77868	0.674791	-0.428422
0.0152284	0.7457	0.676386	-0.417822
0.0152284	0.748137	0.678363	-0.418463
0.0152284	0.74966	0.67233	-0.420056
0.0152284	0.794904	0.662062	-0.435116
0.0152284	0.762106	0.607522	-0.440104
0.0149254	0.757467	0.561082	-0.416806
0.0149254	0.776904	0.595273	-0.439636
0.0149254	0.731795	0.559996	-0.398657
0.0149254	0.801814	0.541151	-0.391368
0.0149254	0.784711	0.578123	-0.432527
0.0149254	0.850835	0.611793	-0.435073
0.0149254	0.791078	0.590285	-0.435207
0.0149254	0.758453	0.619493	-0.437692
0.0149254	0.813863	0.58294	-0.431717
0.0146341	0.830091	0.612003	-0.436824
0.0146341	0.776439	0.668562	-0.428033
0.0146341	0.77818	0.596207	-0.440215
0.0146341	0.751823	0.623703	-0.437101
0.0146341	0.739936	0.612348	-0.430088
0.0146341	0.727875	0.625522	-0.427342
0.0146341	0.785271	0.604969	-0.43934
0.0146341	0.747934	0.596173	-0.433734
0.0146341	0.748065	0.589174	-0.43136
0.0143541	0.718108	0.589706	-0.409267
0.0143541	0.769103	0.551512	-0.405577
0.0143541	0.726686	0.612265	-0.423323
0.0143541	0.772639	0.654458	-0.434551
0.0143541	0.738603	0.590444	-0.430008
0.0143541	0.743692	0.633292	-0.429178
0.0143541	0.670531	0.597545	-0.37818
0.0143541	0.654487	0.631249	-0.375336
0.0143541	0.641869	0.613245	-0.359173
0.0143541	0.686473	0.604801	-0.397023
0.0143541	0.697583	0.579589	-0.401291
0.0143541	0.730926	0.614437	-0.420665
0.0143541	0.803633	0.608252	-0.443253
0.0140845	0.812197	0.599353	-0.438234
0.0140845	0.796141	0.6292	-0.443772
0.0140845	0.835401	0.610156	-0.439924
0.0140845	0.840225	0.580998	-0.427163
0.0140845	0.855724	0.582793	-0.418217
0.0138249	0.800987	0.553239	-0.409092
0.0138249	0.794341	0.586036	-0.437755
0.0138249	0.819981	0.612425	-0.442574
0.0138249	0.750137	0.664027	-0.429315
0.0138249	0.743512	0.642277	-0.43126
0.0138249	0.756928	0.651106	-0.431526
0.0138249	0.804569	0.586197	-0.435442
0.0138249	0.771509	0.654517	-0.433786
0.0138249	0.822682	0.592611	-0.439823
0.0135747	0.856133	0.611663	-0.434609
0.0135747	0.879725	0.627798	-0.418715
0.0135747	0.816247	0.584993	-0.436802
0.0135747	0.823045	0.59961	-0.441046
0.0135747	0.759804	0.637478	-0.436322
0.0135747	0.818833	0.658309	-0.429209
0.0135747	0.763921	0.652934	-0.426938
0.0135747	0.749926	0.646122	-0.433811
0.0135747	0.768385	0.626605	-0.436127
0.0133333	0.775996	0.583666	-0.435664
0.0133333	0.769397	0.623805	-0.438101
0.0133333	0.750204	0.600282	-0.435858
0.0133333	0.746347	0.649112	-0.431103
0.0133333	0.773301	0.674668	-0.425597
0.0133333	0.716663	0.638113	-0.416873
0.0133333	0.785833	0.666816	-0.422856
0.0133333	0.798288	0.649099	-0.438541
0.0131004	0.795434	0.596667	-0.440096
0.0131004	0.768823	0.580954	-0.431428
0.0131004	0.784203	0.545714	-0.395477
0.0131004	0.845726	0.610444	-0.434657
0.0131004	0.822325	0.588818	-0.437182
0.0131004	0.847451	0.656486	-0.431465
0.0131004	0.841346	0.615173	-0.435582
0.0131004	0.806099	0.597713	-0.44274
0.0128755	0.788542	0.666124	-0.433246
0.0128755	0.781426	0.64126	-0.443597
0.0128755	0.744153	0.658406	-0.429401
0.0128755	0.761407	0.607218	-0.439084
0.0128755	0.723648	0.606148	-0.424953
0.0128755	0.758866	0.568541	-0.42184
0.0128755	0.780715	0.592534	-0.438983
0.0128755	0.790147	0.660999	-0.436068
0.0128755	0.765621	0.64654	-0.438155
0.0128755	0.789562	0.628702	-0.439155
0.0128755	0.785023	0.674739	-0.42785
0.0128755	0.758024	0.672284	-0.42003
0.0126582	0.753564	0.67625	-0.413675
0.0126582	0.768479	0.671595	-0.41708
0.0126582	0.808068	0.651749	-0.429692
0.0126582	0.750074	0.647892	-0.433208
0.0126582	0.767774	0.595409	-0.439859
0.0126582	0.734613	0.608188	-0.428637
0.0126582	0.785269	0.587955	-0.438853
0.0124481	0.850036	0.635116	-0.43659
0.0124481	0.839655	0.631	-0.434608
0.0124481	0.823719	0.583743	-0.43454
0.0124481	0.879044	0.606937	-0.420476
0.0124481	0.848019	0.576731	-0.417091
0.0124481	0.79483	0.564647	-0.421024
0.0124481	0.842479	0.593869	-0.431384
0.0124481	0.811841	0.605656	-0.441522
0.0124481	0.778993	0.591736	-0.438556
0.0124481	0.775643	0.606709	-0.440602
0.0124481	0.753903	0.644528	-0.434524
0.0122449	0.744323	0.648381	-0.43277
0.0122449	0.805649	0.589436	-0.440253
0.0122449	0.834121	0.596274	-0.435162
0.0122449	0.790875	0.63773	-0.441258
0.0122449	0.760971	0.587828	-0.43359
0.0122449	0.803347	0.595375	-0.43968
0.0122449	0.769925	0.625787	-0.44468
0.0122449	0.761176	0.646416	-0.437368
0.0122449	0.786515	0.619793	-0.441935
0.0122449	0.804069	0.556807	-0.412974
0.0122449	0.747015	0.569375	-0.41917
0.0120482	0.759872	0.570224	-0.422354
0.0120482	0.809696	0.627956	-0.440558
0.0120482	0.810679	0.584816	-0.438012
0.0120482	0.851454	0.617375	-0.434168
0.0120482	0.842128	0.59525	-0.432179
0.0120482	0.780935	0.569339	-0.424855
0.0120482	0.822334	0.587071	-0.435288
0.0118577	0.763701	0.58023	-0.429074
0.0118577	0.745856	0.638746	-0.431203
0.0118577	0.786918	0.603359	-0.439688
0.0118577	0.824677	0.642278	-0.431775
0.0118577	0.820287	0.646107	-0.441511
0.0118577	0.797861	0.62044	-0.447671
0.0116732	0.839863	0.656616	-0.433264
0.0116732	0.812319	0.669166	-0.422144
0.0116732	0.7634	0.64071	-0.436134
0.0116732	0.814912	0.653932	-0.438907
0.0116732	0.783947	0.655279	-0.438484
0.0116732	0.77521	0.627253	-0.442646
0.0116732	0.790467	0.63843	-0.443457
0.0116732	0.842844	0.603797	-0.43726
0.0116732	0.81167	0.611263	-0.444994
0.0116732	0.814952	0.580071	-0.432297
0.0116732	0.792103	0.603352	-0.442603
0.0116732	0.763276	0.595547	-0.436427
0.0114943	0.757061	0.6396	-0.435707
0.0114943	0.771665	0.62614	-0.439364
0.0114943	0.776194	0.604458	-0.446012
0.0114943	0.826897	0.633251	-0.444899
0.0114943	0.849248	0.586543	-0.431098
0.0114943	0.8139	0.583715	-0.435167
0.0114943	0.855896	0.57902	-0.423475
0.0113208	0.866269	0.613214	-0.428415
0.0113208	0.868101	0.621708	-0.427229
0.0113208	0.821146	0.624816	-0.438096
0.0113208	0.801536	0.614167	-0.438881
0.0113208	0.830971	0.627023	-0.439549
0.0113208	0.842528	0.618257	-0.431123
0.0113208	0.836648	0.578887	-0.428005
0.0113208	0.8238	0.608859	-0.439938
0.0113208	0.80057	0.652856	-0.434468
0.0113208	0.797797	0.663387	-0.432592
0.0111524	0.776162	0.625629	-0.439446
0.0111524	0.793706	0.664628	-0.436174
0.0111524	0.794801	0.65372	-0.433423
0.0111524	0.822713	0.649338	-0.436694
0.0111524	0.807002	0.634922	-0.436503
0.0111524	0.763857	0.60423	-0.432838
0.0111524	0.762678	0.633123	-0.439993
0.0111524	0.758788	0.618987	-0.442633
0.0111524	0.799634	0.603612	-0.445217
0.010989	0.813814	0.641258	-0.436741
0.010989	0.774174	0.598417	-0.440187
0.010989	0.817931	0.606203	-0.444088
0.010989	0.808744	0.605087	-0.439304
0.010989	0.798992	0.646115	-0.44096
0.010989	0.76172	0.637841	-0.438075
0.010989	0.771095	0.634227	-0.442305
0.010989	0.725651	0.629091	-0.421939
0.010989	0.72176	0.64138	-0.419984
0.010989	0.71926	0.672077	-0.411054
0.0108303	0.765864	0.66442	-0.426741
0.0108303	0.807114	0.66556	-0.426762
0.0108303	0.825774	0.632689	-0.436886
0.0108303	0.786557	0.594411	-0.435301
0.0108303	0.753374	0.596067	-0.435357
0.0108303	0.798221	0.634208	-0.443812
0.0108303	0.76366	0.600203	-0.436672
0.0108303	0.808486	0.634046	-0.442452
0.0108303	0.79844	0.614709	-0.446766
0.0108303	0.80345	0.628198	-0.439311
0.0108303	0.817488	0.6171	-0.438289
0.0108303	0.804429	0.640408	-0.440383
0.0108303	0.76577	0.639767	-0.438637
0.0108303	0.77106	0.670876	-0.427384
0.0108303	0.793797	0.637066	-0.444968
0.0106762	0.759671	0.615545	-0.441222
0.0106762	0.724604	0.614253	-0.423768
0.0106762	0.757901	0.618883	-0.434942
0.0106762	0.757526	0.642682	-0.437703
0.0106762	0.758373	0.597824	-0.43531
0.0106762	0.782359	0.626176	-0.445494
0.0106762	0.766538	0.618142	-0.436739
0.0106762	0.778045	0.599302	-0.441124
0.0106762	0.748473	0.647091	-0.433266
0.0106762	0.748966	0.610049	-0.437516
0.0105263	0.784034	0.619594	-0.442685
0.0105263	0.799937	0.600699	-0.440944
0.0105263	0.823307	0.62317	-0.442568
0.0105263	0.780295	0.641109	-0.437898
0.0105263	0.760681	0.602128	-0.439129
0.0105263	0.79179	0.58961	-0.442157
0.0105263	0.814712	0.634142	-0.434825
0.0105263	0.798666	0.636294	-0.44211
0.0105263	0.81879	0.634409	-0.431425
0.0105263	0.78981	0.65	-0.435549
0.0103806	0.770705	0.668871	-0.424731
0.0103806	0.761324	0.617634	-0.435005
0.0103806	0.757977	0.627912	-0.439816
0.0103806	0.711285	0.633461	-0.418552
0.0103806	0.75281	0.631528	-0.438162
0.0103806	0.773956	0.607067	-0.443251
0.0103806	0.78421	0.624969	-0.443788
0.0103806	0.810944	0.588944	-0.436245
0.0103806	0.760751	0.617789	-0.438668
0.0103806	0.742931	0.592037	-0.429752
0.0103806	0.761882	0.593989	-0.434332
0.0103806	0.723693	0.622674	-0.422516
0.0102389	0.761918	0.671403	-0.426757
0.0102389	0.751552	0.675631	-0.417557
0.0102389	0.709543	0.634755	-0.414439
0.0102389	0.728814	0.678225	-0.411064
0.0102389	0.759403	0.658999	-0.432171
0.0102389	0.741538	0.631939	-0.431221
0.0102389	0.788068	0.608414	-0.445985
0.0102389	0.828366	0.658498	-0.427461
0.0102389	0.820789	0.637068	-0.440005
0.0102389	0.80044	0.631638	-0.436774
0.010101	0.765747	0.659432	-0.432562
0.010101	0.761611	0.611838	-0.437743
0.010101	0.76534	0.569366	-0.419318
0.010101	0.771747	0.594644	-0.44304
0.010101	0.803831	0.584144	-0.43476
0.010101	0.756178	0.620805	-0.437764
0.010101	0.802144	0.599916	-0.440534
0.010101	0.798776	0.630894	-0.44317
0.010101	0.80851	0.584393	-0.431735
0.010101	0.849562	0.559354	-0.400937
0.010101	0.890631	0.570492	-0.388888
0.010101	0.858608	0.587712	-0.426113
0.010101	0.852211	0.621375	-0.433664
0.00996678	0.865699	0.60902	-0.430675
0.00996678	0.822819	0.620469	-0.438856
0.00996678	0.867189	0.617998	-0.426277
0.00996678	0.812303	0.582416	-0.436036
0.00996678	0.818185	0.597398	-0.437466
0.00996678	0.822844	0.626227	-0.440564
0.00996678	0.833848	0.585043	-0.435691
0.00996678	0.835555	0.635581	-0.44031
0.00996678	0.845951	0.637017	-0.433758
0.00996678	0.84971	0.604435	-0.437442
0.00983607	0.811633	0.632782	-0.440321
0.00983607	0.787709	0.625008	-0.446904
0.00983607	0.815825	0.588083	-0.439698
0.00983607	0.786342	0.573056	-0.430487
0.00983607	0.766785	0.572778	-0.425307
0.00983607	0.823674	0.570486	-0.422369
0.00983607	0.804211	0.577813	-0.428813
0.00983607	0.820121	0.63083	-0.441948
0.00983607	0.836158	0.627116	-0.439908
0.00983607	0.793977	0.592952	-0.440125
0.00970874	0.799756	0.637771	-0.441167
0.00970874	0.795199	0.612425	-0.444274
0.00970874	0.796495	0.610731	-0.443794
0.00970874	0.806341	0.593682	-0.440473
0.00970874	0.778946	0.589242	-0.439841
0.00970874	0.730896	0.593073	-0.42708
0.00970874	0.753072	0.58813	-0.429604
0.00970874	0.730993	0.587137	-0.420459
0.00970874	0.75867	0.625636	-0.439657
0.00970874	0.811456	0.656636	-0.435623
0.00958466	0.816193	0.658104	-0.434464
0.00958466	0.832955	0.601104	-0.445128
0.00958466	0.814853	0.657745	-0.425916
0.00958466	0.790804	0.648034	-0.435922
0.00958466	0.799381	0.634998	-0.439076
0.00958466	0.818477	0.618618	-0.439852
0.00946372	0.80263	0.633976	-0.442943
0.00946372	0.825141	0.582597	-0.433551
0.00946372	0.842857	0.633789	-0.43401
0.00946372	0.807223	0.614922	-0.439965
0.00946372	0.787015	0.588748	-0.436919
0.00946372	0.829995	0.58233	-0.435349
0.00946372	0.860147	0.620839	-0.434354
0.00946372	0.814188	0.647307	-0.437488
0.00946372	0.829501	0.607615	-0.440014
0.00946372	0.830056	0.613121	-0.439611
0.00946372	0.836942	0.592564	-0.433489
0.00934579	0.825069	0.559649	-0.414522
0.00934579	0.856975	0.584092	-0.424542
0.00934579	0.829353	0.568056	-0.418925
0.00934579	0.802676	0.5958	-0.441244
0.00934579	0.782797	0.632116	-0.441765
0.00934579	0.815203	0.589602	-0.435334
0.00934579	0.771489	0.577927	-0.431257
0.00934579	0.734325	0.610826	-0.426429
0.00934579	0.737407	0.59484	-0.426253
0.00934579	0.746148	0.636387	-0.432391
0.00934579	0.740205	0.639138	-0.431473
0.00923077	0.7841	0.655867	-0.43317
0.00923077	0.751077	0.604721	-0.435647
0.00923077	0.775027	0.608532	-0.440013
0.00923077	0.742288	0.601345	-0.429968
0.00923077	0.737965	0.600921	-0.427759
0.00923077	0.709025	0.600392	-0.415242
0.00923077	0.725299	0.549525	-0.392904
0.00923077	0.703675	0.56146	-0.39108
0.00923077	0.677086	0.583021	-0.383982
0.00923077	0.724475	0.595825	-0.420191
0.00923077	0.758378	0.645934	-0.432655
0.00923077	0.741134	0.601957	-0.430748
0.00911854	0.785601	0.607856	-0.440895
0.00911854	0.776096	0.611102	-0.443822
0.00911854	0.752081	0.639022	-0.434339
0.00911854	0.77195	0.632461	-0.439079
0.00911854	0.816507	0.638341	-0.435879
0.00911854	0.806183	0.592953	-0.440608
0.00911854	0.779857	0.620595	-0.438632
0.00911854	0.77617	0.641192	-0.441801
0.00900901	0.754727	0.625621	-0.440972
0.00900901	0.786567	0.612225	-0.443476
0.00900901	0.77761	0.645658	-0.436131
0.00900901	0.789416	0.650402	-0.44042
0.00900901	0.796561	0.62813	-0.442114
0.00900901	0.759338	0.600936	-0.434598
0.00900901	0.803995	0.637632	-0.437203
0.00900901	0.852711	0.624811	-0.435358
0.00900901	0.8047	0.59895	-0.440244
0.00890208	0.839027	0.594896	-0.436801
0.00890208	0.787731	0.624493	-0.442023
0.00890208	0.807732	0.638863	-0.44062
0.00890208	0.781048	0.614766	-0.440546
0.00890208	0.784974	0.647826	-0.439095
0.00890208	0.767484	0.602403	-0.437583
0.00890208	0.771351	0.640558	-0.437803
0.00890208	0.775902	0.669222	-0.433039
0.00890208	0.763911	0.623293	-0.439955
0.00890208	0.7353	0.645608	-0.426222
0.00890208	0.776794	0.605447	-0.439329
0.00890208	0.770873	0.649076	-0.43641
0.00879765	0.796565	0.622863	-0.441851
0.00879765	0.819018	0.617674	-0.44603
0.00879765	0.829981	0.624449	-0.442149
0.00879765	0.835083	0.625682	-0.441151
0.00879765	0.866326	0.617726	-0.430234
0.00879765	0.832727	0.606011	-0.441265
0.00879765	0.855593	0.60821	-0.432042
0.00879765	0.80662	0.644193	-0.435714
0.00869565	0.80654	0.622607	-0.441251
0.00869565	0.822453	0.669247	-0.424541
0.00869565	0.805096	0.649017	-0.43424
0.00869565	0.848607	0.597337	-0.434246
0.00869565	0.814984	0.638308	-0.438524
0.00869565	0.856323	0.609267	-0.429373
0.00869565	0.856672	0.639667	-0.428624
0.00869565	0.865251	0.61874	-0.428371
0.00869565	0.856428	0.586386	-0.423793
0.00859599	0.86803	0.619117	-0.42493
0.00859599	0.863022	0.599796	-0.426352
0.00859599	0.819103	0.575503	-0.427721
0.00859599	0.813062	0.621366	-0.446046
0.00859599	0.813697	0.588847	-0.437867
0.00859599	0.844354	0.615483	-0.437849
0.00859599	0.806305	0.618746	-0.44373
0.00859599	0.828996	0.60097	-0.44108
0.00859599	0.821241	0.606646	-0.443504
0.00859599	0.793472	0.596734	-0.440235
0.00859599	0.805646	0.598447	-0.442819
0.00859599	0.832645	0.614859	-0.447421
0.00849858	0.857618	0.601752	-0.431649
0.00849858	0.83707	0.62195	-0.435458
0.00849858	0.826174	0.594457	-0.434213
0.00849858	0.833858	0.640261	-0.434545
0.00849858	0.811978	0.645181	-0.439531
0.00849858	0.762671	0.599488	-0.440212
0.00849858	0.806567	0.610804	-0.446798
0.00849858	0.833381	0.632397	-0.439517
0.00840336	0.785646	0.603611	-0.446739
0.00840336	0.821794	0.634936	-0.435811
0.00840336	0.795203	0.607341	-0.443399
0.00840336	0.775236	0.63102	-0.442324
0.00840336	0.7985	0.636293	-0.447488
0.00840336	0.784014	0.624154	-0.444957
0.00840336	0.792543	0.633756	-0.442371
0.00840336	0.803546	0.618087	-0.44602
0.00840336	0.802712	0.585988	-0.436295
0.00840336	0.847868	0.603871	-0.434666
0.00840336	0.796876	0.584054	-0.437373
0.00840336	0.773797	0.569971	-0.419892
0.00831025	0.783165	0.552154	-0.401908
0.00831025	0.745793	0.568919	-0.416842
0.00831025	0.757555	0.573984	-0.424912
0.00831025	0.809549	0.566878	-0.425024
0.00831025	0.859333	0.596093	-0.42726
0.00831025	0.889937	0.607217	-0.415333
0.00831025	0.862197	0.611814	-0.432989
0.00831025	0.867536	0.633429	-0.419533
0.00821918	0.889636	0.640269	-0.40096
0.00821918	0.891002	0.630364	-0.413008
0.00821918	0.858857	0.664492	-0.417701
0.00821918	0.844874	0.638699	-0.433651
0.00821918	0.858782	0.612137	-0.425314
0.00821918	0.870716	0.606918	-0.422596
0.00821918	0.838371	0.631409	-0.438827
0.00821918	0.816153	0.621752	-0.447098
0.00821918	0.803205	0.621364	-0.441304
0.00821918	0.853857	0.590127	-0.432206
0.00821918	0.836108	0.628614	-0.436942
0.00813008	0.809852	0.584109	-0.434949
0.00813008	0.763411	0.632192	-0.441989
0.00813008	0.773305	0.612287	-0.43679
0.00813008	0.769852	0.583377	-0.432172
0.00813008	0.743121	0.610426	-0.432119
0.00813008	0.761089	0.640194	-0.430471
0.00813008	0.794328	0.621577	-0.444728
0.0080429	0.752502	0.584501	-0.429925
0.0080429	0.782632	0.609338	-0.440927
0.0080429	0.763478	0.617127	-0.44304
0.0080429	0.769991	0.636279	-0.43864
0.0080429	0.794276	0.597555	-0.440146
0.0080429	0.771751	0.58556	-0.435633
0.0080429	0.761061	0.6022	-0.437429
0.0080429	0.744547	0.619043	-0.434247
0.0080429	0.774291	0.608626	-0.43748
0.0080429	0.796992	0.61597	-0.441865
0.0080429	0.760627	0.659374	-0.432818
0.0080429	0.761143	0.623898	-0.438162
0.0080429	0.74428	0.628788	-0.434971
0.00795756	0.768576	0.605687	-0.440394
0.00795756	0.798299	0.60563	-0.449067
0.00795756	0.777443	0.593389	-0.437964
0.00795756	0.816365	0.594141	-0.440285
0.00795756	0.77286	0.579049	-0.426026
0.00795756	0.774178	0.592251	-0.436805
0.00795756	0.786135	0.629105	-0.439448
0.00795756	0.794028	0.59735	-0.441207
0.00795756	0.819746	0.609907	-0.442198
0.00795756	0.802194	0.637827	-0.447407
0.00795756	0.813856	0.623571	-0.448175
0.00787402	0.82144	0.609937	-0.447369
0.00787402	0.859305	0.632477	-0.426613
0.00787402	0.829783	0.614141	-0.439283
0.00787402	0.80682	0.623524	-0.446606
0.00787402	0.776295	0.580463	-0.42955
0.00787402	0.824955	0.568926	-0.429253
0.00787402	0.80953	0.612025	-0.443109
0.00787402	0.803125	0.591037	-0.441515
0.00779221	0.846851	0.583892	-0.422061
0.00779221	0.85706	0.603773	-0.428956
0.00779221	0.869923	0.608486	-0.429395
0.00779221	0.827012	0.590976	-0.433913
0.00779221	0.787497	0.63323	-0.443714
0.00779221	0.799242	0.594019	-0.444649
0.00779221	0.769396	0.637424	-0.438695
0.00779221	0.752096	0.655035	-0.426987
0.00779221	0.756145	0.623796	-0.439823
0.00779221	0.762743	0.600214	-0.439905
0.00771208	0.760498	0.605957	-0.438472
0.00771208	0.793726	0.620529	-0.441625
0.00771208	0.769764	0.639157	-0.43956
0.00771208	0.794569	0.615167	-0.440558
0.00771208	0.785675	0.642768	-0.432777
0.00771208	0.751037	0.642987	-0.430993
0.00771208	0.795277	0.628941	-0.439426
0.00771208	0.786658	0.627253	-0.448814
0.00771208	0.832759	0.590673	-0.432932
0.00771208	0.826236	0.616124	-0.444936
0.00771208	0.793515	0.60592	-0.443456
0.00763359	0.753172	0.577588	-0.421682
0.00763359	0.797469	0.621428	-0.444211
0.00763359	0.787459	0.627717	-0.442373
0.00763359	0.834097	0.634131	-0.439027
0.00763359	0.826738	0.628607	-0.440364
0.00763359	0.800522	0.655051	-0.436312
0.00755668	0.789708	0.645571	-0.438102
0.00755668	0.752041	0.63742	-0.434995
0.00755668	0.767534	0.634531	-0.44322
0.00755668	0.813444	0.614674	-0.449069
0.00755668	0.796667	0.607735	-0.446641
0.00755668	0.798942	0.600379	-0.44438
0.0074813	0.825341	0.637176	-0.442415
0.0074813	0.82485	0.654273	-0.433135
0.0074813	0.786359	0.63426	-0.44571
0.0074813	0.769728	0.660223	-0.430158
0.0074813	0.781554	0.626946	-0.437668
0.0074813	0.771517	0.586808	-0.434318
0.0074813	0.748188	0.623079	-0.434618
0.0074813	0.759094	0.586139	-0.431204
0.0074813	0.746128	0.584396	-0.426052
0.0074813	0.78416	0.568795	-0.42754
0.00740741	0.794802	0.578928	-0.435684
0.00740741	0.773699	0.605213	-0.438681
0.00740741	0.766882	0.60119	-0.440533
0.00740741	0.805836	0.612329	-0.446034
0.00740741	0.766192	0.620865	-0.439995
0.00740741	0.752135	0.616361	-0.437381
0.00740741	0.783289	0.619383	-0.44167
0.00740741	0.782287	0.614945	-0.444461
0.00740741	0.753291	0.600784	-0.434553
0.00740741	0.772982	0.636866	-0.439123
0.00740741	0.793558	0.602083	-0.445225
0.00740741	0.77625	0.590466	-0.438501
0.00740741	0.78445	0.594911	-0.440916
0.00733496	0.803927	0.60805	-0.447001
0.00733496	0.819097	0.611645	-0.437872
0.00733496	0.830066	0.587456	-0.433618
0.00733496	0.836239	0.614715	-0.439332
0.00733496	0.791376	0.603982	-0.447033
0.00733496	0.812957	0.581355	-0.431791
0.00733496	0.819864	0.594803	-0.437436
0.00733496	0.80524	0.596279	-0.44074
0.00733496	0.77418	0.608975	-0.442939
0.00733496	0.782707	0.578998	-0.435576
0.00726392	0.794457	0.566718	-0.422169
0.00726392	0.79379	0.573742	-0.423523
0.00726392	0.820934	0.58639	-0.432867
0.00726392	0.802573	0.623859	-0.444758
0.00726392	0.797004	0.624084	-0.444723
0.00726392	0.765376	0.612217	-0.443371
0.00719424	0.760196	0.593802	-0.437435
0.00719424	0.790777	0.620758	-0.445328
0.00719424	0.788092	0.614324	-0.447753
0.00719424	0.813972	0.638418	-0.443114
0.00719424	0.810406	0.617612	-0.444037
0.00719424	0.792246	0.63307	-0.442602
0.00719424	0.784858	0.620725	-0.446501
0.00719424	0.812308	0.5836	-0.433041
0.00719424	0.820737	0.593085	-0.437524
0.00719424	0.845899	0.608541	-0.439463
0.00712589	0.848737	0.617764	-0.435704
0.00712589	0.847135	0.659043	-0.420463
0.00712589	0.864486	0.622449	-0.425083
0.00712589	0.889848	0.627781	-0.417402
0.00712589	0.866481	0.655779	-0.410064
0.00712589	0.854586	0.623249	-0.435316
0.00712589	0.837137	0.623831	-0.434266
0.00712589	0.80418	0.64145	-0.441022
0.00712589	0.820843	0.605493	-0.4422
0.00712589	0.782001	0.620539	-0.446028
0.00712589	0.804828	0.62315	-0.443763
0.00712589	0.768658	0.598899	-0.438364
0.00705882	0.801812	0.583875	-0.431366
0.00705882	0.815942	0.619047	-0.439384
0.00705882	0.783587	0.635578	-0.443791
0.00705882	0.767782	0.656984	-0.434126
0.00705882	0.782657	0.655035	-0.440241
0.00705882	0.764578	0.642763	-0.43855
0.00705882	0.754202	0.615562	-0.434363
0.00699301	0.784694	0.579026	-0.43499
0.00699301	0.780428	0.577365	-0.430412
0.00699301	0.751711	0.576248	-0.421984
0.00699301	0.750225	0.571249	-0.422055
0.00692841	0.74891	0.573791	-0.420926
0.00692841	0.749615	0.570494	-0.419034
0.00692841	0.747407	0.59681	-0.430472
0.00692841	0.776073	0.625538	-0.44595
0.00692841	0.773765	0.645052	-0.43627
0.00692841	0.796911	0.64221	-0.439656
0.00692841	0.801481	0.60992	-0.443201
0.00692841	0.817146	0.628959	-0.447517
0.00686499	0.819067	0.616684	-0.442235
0.00686499	0.817868	0.598966	-0.442584
0.00686499	0.827036	0.596054	-0.438345
0.00686499	0.856349	0.614941	-0.433784
0.00686499	0.862246	0.626352	-0.430041
0.00686499	0.859161	0.630609	-0.428388
0.00680272	0.845039	0.620464	-0.437043
0.00680272	0.836851	0.605137	-0.440876
0.00680272	0.814844	0.601997	-0.445822
0.00680272	0.795137	0.622089	-0.449478
0.00680272	0.8223	0.608855	-0.443474
0.00680272	0.813258	0.59112	-0.439409
0.00680272	0.801381	0.618907	-0.440287
0.00680272	0.827635	0.604013	-0.439848
0.00680272	0.829573	0.597567	-0.437357
0.00680272	0.827712	0.604282	-0.438347
0.00680272	0.821844	0.620484	-0.442425
0.00674157	0.800278	0.611734	-0.444037
0.00674157	0.813425	0.619185	-0.439863
0.00674157	0.836258	0.613464	-0.441126
0.00674157	0.810526	0.593238	-0.439863
0.00674157	0.789964	0.587793	-0.43781
0.00674157	0.790921	0.61076	-0.440366
0.00674157	0.817278	0.59802	-0.443403
0.00674157	0.814177	0.581347	-0.434253
0.00674157	0.827442	0.60893	-0.441175
0.00674157	0.856114	0.612381	-0.43442
0.00674157	0.840866	0.590951	-0.431943
0.00668151	0.817973	0.580299	-0.433483
0.00668151	0.789131	0.582667	-0.435963
0.00668151	0.790325	0.599738	-0.440724
0.00668151	0.794304	0.626284	-0.443451
0.00668151	0.76819	0.61334	-0.440159
0.00668151	0.782996	0.639048	-0.440032
0.00668151	0.783802	0.653906	-0.438998
0.00668151	0.762646	0.653125	-0.432949
0.00668151	0.77724	0.677329	-0.427177
0.00668151	0.788761	0.664731	-0.423571
0.00668151	0.802057	0.638193	-0.442567
0.00668151	0.787666	0.626526	-0.444352
0.00662252	0.762068	0.637414	-0.43738
0.00662252	0.776712	0.624782	-0.443676
0.00662252	0.787497	0.640527	-0.442801
0.00662252	0.762124	0.643292	-0.434736
0.00662252	0.785035	0.634194	-0.442319
0.00662252	0.762279	0.624296	-0.442539
0.00662252	0.774116	0.638187	-0.445136
0.00662252	0.786979	0.638052	-0.442665
0.00662252	0.803854	0.63176	-0.444198
0.00662252	0.786219	0.609693	-0.442375
0.00662252	0.781241	0.623761	-0.442069
0.00662252	0.76483	0.623331	-0.440376
0.00662252	0.781418	0.641797	-0.44102
0.00656455	0.793441	0.615237	-0.440182
0.00656455	0.781486	0.602125	-0.443988
0.00656455	0.79562	0.588771	-0.441522
0.00656455	0.766977	0.586026	-0.433209
0.00656455	0.746456	0.613375	-0.43132
0.00656455	0.773055	0.613061	-0.442915
0.00656455	0.784202	0.607833	-0.447115
0.00656455	0.767284	0.597137	-0.442008
0.00656455	0.784194	0.607332	-0.446562
0.00656455	0.786169	0.598292	-0.438996
0.00656455	0.754401	0.620738	-0.434683
0.00650759	0.783066	0.644589	-0.44119
0.00650759	0.814571	0.634551	-0.43999
0.00650759	0.803778	0.619471	-0.443744
0.00650759	0.825291	0.625069	-0.436944
0.00650759	0.811309	0.635378	-0.444848
0.00650759	0.800612	0.626586	-0.446259
0.00650759	0.826997	0.643079	-0.433234
0.00650759	0.797092	0.621656	-0.445391
0.00650759	0.821434	0.632783	-0.442719
0.00650759	0.811866	0.631908	-0.43724
0.00645161	0.841852	0.625485	-0.440744
0.00645161	0.828906	0.603182	-0.4403
0.00645161	0.831398	0.620114	-0.440308
0.00645161	0.815535	0.606983	-0.447968
0.00645161	0.844643	0.595217	-0.437959
0.00645161	0.81185	0.619945	-0.445308
0.00645161	0.804851	0.642875	-0.443644
0.00645161	0.809893	0.626029	-0.439914
0.00645161	0.821936	0.632741	-0.438142
0.00645161	0.807803	0.630991	-0.442289
0.00645161	0.829906	0.611748	-0.442128
0.00645161	0.798487	0.621601	-0.444496
0.00645161	0.785164	0.613683	-0.445431
0.00639659	0.805911	0.620375	-0.443054
0.00639659	0.779015	0.596638	-0.441565
0.00639659	0.806983	0.598648	-0.443671
0.00639659	0.773574	0.610703	-0.441513
0.00639659	0.803732	0.617919	-0.449538
0.00639659	0.818083	0.616991	-0.440532
0.00639659	0.796541	0.600198	-0.442276
0.00639659	0.798716	0.613128	-0.444002
0.00639659	0.768543	0.636816	-0.439473
0.00639659	0.76805	0.621191	-0.438482
0.00639659	0.787151	0.618479	-0.444688
0.00634249	0.789477	0.643436	-0.443879
0.00634249	0.77967	0.613332	-0.445719
0.00634249	0.783008	0.615396	-0.442348
0.00634249	0.818658	0.587816	-0.433331
0.00634249	0.843683	0.607249	-0.431955
0.00634249	0.8255	0.625469	-0.444245
0.00634249	0.807567	0.627915	-0.445337
0.00628931	0.82236	0.603593	-0.442098
0.00628931	0.847157	0.600964	-0.4353
0.00628931	0.857179	0.584843	-0.425837
0.00628931	0.86707	0.596543	-0.421997
0.00628931	0.840057	0.607678	-0.437853
0.00628931	0.856855	0.609762	-0.430843
0.00628931	0.851511	0.580448	-0.426449
0.00628931	0.838079	0.605588	-0.44128
0.00623701	0.824611	0.598702	-0.444349
0.00623701	0.812652	0.624103	-0.441433
0.00623701	0.800682	0.622561	-0.442588
0.00623701	0.790703	0.607118	-0.442583
0.00623701	0.758999	0.607219	-0.441248
0.00623701	0.787768	0.576706	-0.431363
0.00623701	0.80417	0.606768	-0.442158
0.00623701	0.778443	0.637922	-0.441941
0.00623701	0.809102	0.629257	-0.443964
0.00623701	0.786449	0.632192	-0.441142
0.00623701	0.796998	0.605505	-0.442448
0.00623701	0.819933	0.603339	-0.442683
0.00618557	0.833558	0.620847	-0.442343
0.00618557	0.837865	0.602283	-0.436979
0.00618557	0.811117	0.614989	-0.44205
0.00618557	0.815898	0.638111	-0.441839
0.00618557	0.795419	0.608241	-0.445734
0.00618557	0.790238	0.622674	-0.444397
0.00618557	0.7635	0.613116	-0.442309
0.00618557	0.788032	0.628664	-0.439418
0.00618557	0.801013	0.603128	-0.438614
0.00618557	0.768579	0.616926	-0.442583
0.00618557	0.772181	0.597545	-0.439108
0.00613497	0.753089	0.603385	-0.439611
0.00613497	0.783978	0.590315	-0.440259
0.00613497	0.788406	0.593193	-0.438142
0.00613497	0.791193	0.58255	-0.436181
0.00613497	0.789628	0.601268	-0.440023
0.00613497	0.768215	0.580835	-0.432482
0.00613497	0.76696	0.606104	-0.439385
0.00613497	0.736741	0.583493	-0.419884
0.00613497	0.718156	0.61508	-0.41788
0.00608519	0.735081	0.647086	-0.428175
0.00608519	0.760868	0.657438	-0.432421
0.00608519	0.778788	0.642031	-0.441645
0.00608519	0.748937	0.638847	-0.43801
0.00608519	0.756794	0.633382	-0.431815
0.00608519	0.748374	0.634012	-0.434435
0.00608519	0.769544	0.665362	-0.431231
0.00608519	0.739991	0.633496	-0.431468
0.00608519	0.760883	0.657364	-0.431258
0.00608519	0.765232	0.64702	-0.434927
0.00603622	0.785764	0.65533	-0.425698
0.00603622	0.811488	0.643668	-0.439097
0.00603622	0.779471	0.624398	-0.44148
0.00603622	0.766052	0.643509	-0.432137
0.00603622	0.787296	0.634266	-0.444884
0.00603622	0.799218	0.651182	-0.43852
0.00603622	0.766923	0.650506	-0.438297
0.00603622	0.752453	0.641363	-0.4325
0.00603622	0.783694	0.642884	-0.434979
0.00603622	0.803366	0.650208	-0.439086
0.00603622	0.832559	0.650365	-0.430274
0.00603622	0.814243	0.680667	-0.415057
0.00603622	0.784185	0.668961	-0.419486
0.00603622	0.763798	0.684252	-0.420833
0.00603622	0.733625	0.680366	-0.420085
0.00598802	0.741638	0.656855	-0.422737
0.00598802	0.762571	0.625888	-0.438549
0.00598802	0.774855	0.62844	-0.442911
0.00598802	0.757792	0.646074	-0.438247
0.00598802	0.757253	0.636325	-0.432612
0.00598802	0.748772	0.604452	-0.434102
0.00598802	0.74865	0.629357	-0.436107
0.00598802	0.745152	0.62411	-0.437408
0.00598802	0.750402	0.602001	-0.434242
0.00598802	0.783485	0.613184	-0.446705
0.00598802	0.757567	0.617571	-0.439379
0.00594059	0.737226	0.630442	-0.434769
0.00594059	0.767506	0.640888	-0.435405
0.00594059	0.749675	0.62147	-0.439023
0.00594059	0.757062	0.586505	-0.433266
0.00594059	0.778641	0.57296	-0.42561
0.00594059	0.799072	0.577652	-0.429972
0.00594059	0.767156	0.569849	-0.42843
0.00589391	0.770684	0.580805	-0.433581
0.00589391	0.745136	0.606783	-0.433246
0.00589391	0.760121	0.624502	-0.440014
0.00589391	0.788483	0.618006	-0.44379
0.00589391	0.805518	0.627581	-0.441297
0.00589391	0.790032	0.620602	-0.445105
0.00589391	0.775412	0.63073	-0.441062
0.00589391	0.789646	0.606615	-0.439017
0.00589391	0.813866	0.613184	-0.445443
0.00589391	0.792855	0.61532	-0.445319
0.00589391	0.806928	0.601245	-0.444432
0.00589391	0.794363	0.624907	-0.444329
0.00589391	0.777308	0.651865	-0.433093
0.00584795	0.804009	0.631238	-0.443127
0.00584795	0.787561	0.630249	-0.444078
0.00584795	0.775459	0.606729	-0.444183
0.00584795	0.781652	0.594321	-0.439959
0.00584795	0.790181	0.612089	-0.442088
0.00584795	0.81387	0.647483	-0.43806
0.00584795	0.829824	0.63781	-0.437636
0.00584795	0.815456	0.610577	-0.446768
0.00584795	0.796386	0.626867	-0.446802
0.00584795	0.790624	0.635762	-0.445834
0.00584795	0.799668	0.641862	-0.440544
0.00584795	0.794081	0.618021	-0.4449
0.00584795	0.828787	0.596891	-0.441334
0.00580271	0.808894	0.634662	-0.44206
0.00580271	0.805617	0.658762	-0.436876
0.00580271	0.819696	0.647982	-0.435826
0.00580271	0.791152	0.613574	-0.447895
0.00580271	0.820831	0.617402	-0.44308
0.00580271	0.841704	0.608393	-0.431114
0.00580271	0.820449	0.610601	-0.446068
0.00575816	0.846093	0.610806	-0.438116
0.00575816	0.823837	0.625895	-0.441463
0.00575816	0.827882	0.64281	-0.43234
0.00575816	0.826456	0.635464	-0.433578
0.00575816	0.845905	0.631658	-0.439106
0.00575816	0.820808	0.613147	-0.443745
0.00575816	0.835492	0.632329	-0.437542
0.00575816	0.832732	0.635326	-0.440013
0.00575816	0.813631	0.638735	-0.438621
0.00575816	0.813681	0.659708	-0.435987
0.00575816	0.797934	0.650158	-0.436028
0.00571429	0.828082	0.625728	-0.441427
0.00571429	0.80123	0.612539	-0.443916
0.00571429	0.806041	0.586013	-0.435812
0.00571429	0.830843	0.605945	-0.440096
0.00571429	0.847165	0.61519	-0.431041
0.00571429	0.850418	0.614692	-0.432157
0.00571429	0.842854	0.60408	-0.433844
0.00571429	0.825934	0.605533	-0.442985
0.00571429	0.796359	0.605218	-0.445416
0.00571429	0.780706	0.600683	-0.437978
0.00571429	0.764626	0.604634	-0.436807
0.00571429	0.797448	0.634062	-0.439781
0.00571429	0.782636	0.63544	-0.439506
0.00567108	0.802019	0.607587	-0.446603
0.00567108	0.792901	0.580574	-0.434675
0.00567108	0.795622	0.616218	-0.446094
0.00567108	0.828463	0.612605	-0.444474
0.00567108	0.812334	0.604382	-0.443308
0.00567108	0.779137	0.610549	-0.446221
0.00567108	0.805043	0.612044	-0.440996
0.00567108	0.820712	0.60257	-0.443063
0.00567108	0.818208	0.618043	-0.43853
0.00562852	0.828991	0.614464	-0.442785
0.00562852	0.791411	0.603518	-0.442043
0.00562852	0.824186	0.622424	-0.440429
0.00562852	0.831284	0.626589	-0.439813
0.00562852	0.851304	0.58891	-0.435316
0.00562852	0.857666	0.621325	-0.433576
0.00562852	0.828732	0.614363	-0.446203
0.00558659	0.855302	0.629673	-0.419447
0.00558659	0.841405	0.630289	-0.438762
0.00558659	0.837097	0.620239	-0.436295
0.00558659	0.840928	0.592911	-0.433867
0.00558659	0.82132	0.603962	-0.444071
0.00558659	0.799459	0.592829	-0.438311
0.00558659	0.818006	0.596982	-0.440146
0.00558659	0.819951	0.61517	-0.442308
0.00558659	0.819124	0.604323	-0.439974
0.00558659	0.802364	0.626642	-0.445936
0.00558659	0.808227	0.613864	-0.447604
0.00554529	0.807262	0.647796	-0.443066
0.00554529	0.824022	0.642214	-0.438019
0.00554529	0.8318	0.633102	-0.436359
0.00554529	0.823115	0.632722	-0.442304
0.00554529	0.8159	0.639452	-0.443463
0.00554529	0.823066	0.643762	-0.438935
0.00554529	0.804523	0.627527	-0.442869
0.00554529	0.831799	0.617334	-0.44563
0.00554529	0.820039	0.62436	-0.44605
0.00554529	0.820468	0.627904	-0.43675
0.00554529	0.816841	0.656002	-0.434492
0.00554529	0.80901	0.641336	-0.435973
0.00554529	0.786414	0.632799	-0.43994
0.00554529	0.797874	0.606513	-0.446288
0.00550459	0.770369	0.609536	-0.442709
0.00550459	0.790864	0.603024	-0.445953
0.00550459	0.784724	0.607721	-0.445035
0.00550459	0.786617	0.628464	-0.442296
0.00550459	0.783269	0.630569	-0.442535
0.00550459	0.77159	0.639583	-0.441141
0.00550459	0.762762	0.607345	-0.439353
0.00550459	0.766127	0.642034	-0.437646
0.00550459	0.784761	0.643063	-0.439794
0.00550459	0.790998	0.633638	-0.43923
0.00550459	0.765155	0.621599	-0.444152
0.00550459	0.801855	0.642144	-0.444217
0.00550459	0.785512	0.671993	-0.432258
0.00546448	0.810647	0.6357	-0.440282
0.00546448	0.848055	0.654269	-0.420624
0.00546448	0.882518	0.62983	-0.418799
0.00546448	0.857957	0.626416	-0.425123
0.00546448	0.838429	0.614002	-0.435685
0.00546448	0.816194	0.656129	-0.434033
0.00546448	0.834651	0.624895	-0.438357
0.00546448	0.805158	0.643455	-0.443807
0.00546448	0.797729	0.604469	-0.442563
0.00546448	0.824895	0.583901	-0.43436
0.00546448	0.809458	0.576666	-0.434312
0.00546448	0.769794	0.593196	-0.43595
0.00542495	0.729211	0.600379	-0.421577
0.00542495	0.728894	0.624754	-0.430079
0.00542495	0.752662	0.611375	-0.435332
0.00542495	0.75503	0.607176	-0.434035
0.00542495	0.795756	0.644816	-0.441143
0.00542495	0.790788	0.60577	-0.444759
0.00542495	0.778506	0.625881	-0.444174
0.00542495	0.78594	0.588868	-0.436664
0.00542495	0.765809	0.60651	-0.436532
0.00542495	0.7389	0.611499	-0.430875
0.00542495	0.725305	0.624776	-0.425902
0.005386	0.728288	0.594917	-0.421543
0.005386	0.765964	0.601182	-0.442533
0.005386	0.763349	0.62801	-0.441359
0.005386	0.798398	0.588659	-0.434832
0.005386	0.789876	0.591611	-0.441714
0.005386	0.8296	0.601116	-0.440744
0.005386	0.830226	0.606628	-0.439073
0.005386	0.821668	0.641111	-0.440684
0.005386	0.806125	0.663505	-0.437364
0.00534759	0.790957	0.644097	-0.438961
0.00534759	0.796229	0.64446	-0.441879
0.00534759	0.80345	0.609231	-0.44259
0.00534759	0.818211	0.650164	-0.43565
0.00534759	0.807434	0.665241	-0.433272
0.00534759	0.837675	0.629844	-0.433415
0.00534759	0.803918	0.590856	-0.441405
0.00534759	0.786061	0.632594	-0.442012
0.00534759	0.81521	0.629926	-0.443488
0.00530973	0.792729	0.638906	-0.443306
0.00530973	0.769227	0.610269	-0.443276
0.00530973	0.795055	0.597286	-0.443194
0.00530973	0.784658	0.604606	-0.443263
0.00530973	0.78098	0.642839	-0.438822
0.00530973	0.815929	0.625755	-0.442568
0.00530973	0.774564	0.658728	-0.430322
0.00530973	0.785825	0.630969	-0.440579
0.00530973	0.783608	0.622009	-0.440913
0.00530973	0.791689	0.625358	-0.443579
0.00527241	0.82043	0.618415	-0.44287
0.00527241	0.819663	0.612621	-0.443779
0.00527241	0.783301	0.63707	-0.443106
0.00527241	0.818372	0.623961	-0.44314
0.00527241	0.781882	0.645102	-0.44156
0.00527241	0.775601	0.62496	-0.442121
0.00527241	0.771348	0.665212	-0.431125
0.00527241	0.79748	0.635034	-0.437557
0.00527241	0.800009	0.66364	-0.427805
0.0052356	0.821485	0.670718	-0.420853
0.0052356	0.838613	0.633748	-0.437004
0.0052356	0.813102	0.620145	-0.446206
0.0052356	0.839819	0.611017	-0.438058
0.0052356	0.810078	0.605599	-0.444648
0.0052356	0.790401	0.621452	-0.441843
0.0052356	0.810444	0.648495	-0.436459
0.0052356	0.840946	0.623904	-0.439625
0.00519931	0.825723	0.62349	-0.440457
0.00519931	0.783795	0.641391	-0.436223
0.00519931	0.815062	0.638784	-0.442236
0.00519931	0.846554	0.628617	-0.442951
0.00519931	0.839522	0.590587	-0.4373
0.00519931	0.824554	0.629185	-0.441353
0.00519931	0.783399	0.601622	-0.444165
0.00516351	0.755287	0.62257	-0.438025
0.00516351	0.745548	0.621533	-0.434987
0.00516351	0.745274	0.586437	-0.432042
0.00516351	0.754004	0.604824	-0.436512
0.00516351	0.775198	0.627468	-0.443605
0.00516351	0.786495	0.633719	-0.443616
0.00516351	0.80673	0.59681	-0.441414
0.00516351	0.797706	0.615443	-0.445749
0.00516351	0.811523	0.596962	-0.441891
0.00516351	0.801324	0.587055	-0.439899
0.00516351	0.814152	0.589156	-0.437086
0.00516351	0.79191	0.601688	-0.441495
0.00516351	0.796175	0.630148	-0.443609
0.00512821	0.791456	0.605857	-0.441572
0.00512821	0.810527	0.613512	-0.444062
0.00512821	0.831877	0.624724	-0.438201
0.00512821	0.81949	0.604148	-0.441564
0.00512821	0.84984	0.610322	-0.431959
0.00512821	0.820224	0.598836	-0.43949
0.00509338	0.806785	0.578397	-0.432812
0.00509338	0.841784	0.607456	-0.440897
0.00509338	0.823802	0.608548	-0.442135
0.00509338	0.817366	0.623808	-0.446959
0.00509338	0.823213	0.603154	-0.438453
0.00509338	0.846541	0.615214	-0.432678
0.00509338	0.818969	0.642346	-0.432712
0.00509338	0.783465	0.614699	-0.441412
0.00509338	0.790534	0.620014	-0.44589
0.00509338	0.757102	0.62427	-0.438672
0.00509338	0.745853	0.622059	-0.436481
0.00509338	0.735049	0.629059	-0.430465
0.00509338	0.723958	0.621334	-0.423555
0.00505902	0.708961	0.613995	-0.411215
0.00505902	0.702342	0.610724	-0.411312
0.00505902	0.72875	0.591777	-0.420662
0.00505902	0.737916	0.620053	-0.426495
0.00505902	0.778843	0.591027	-0.439397
0.00505902	0.781254	0.610235	-0.441609
0.00505902	0.797617	0.601922	-0.450089
0.00502513	0.830431	0.594988	-0.436673
0.00502513	0.846803	0.618229	-0.435857
0.00502513	0.840552	0.590106	-0.431706
0.00502513	0.804979	0.627019	-0.446655
0.00502513	0.777347	0.615432	-0.43877
0.00502513	0.753342	0.615018	-0.437369
0.00502513	0.765477	0.634455	-0.443445
0.00502513	0.772156	0.643308	-0.438754
0.00499168	0.794832	0.660204	-0.431705
0.00499168	0.82046	0.635852	-0.438056
0.00499168	0.849618	0.666711	-0.419929
0.00499168	0.847545	0.629359	-0.430445
0.00499168	0.876323	0.61711	-0.423915
0.00499168	0.880212	0.624546	-0.413105
0.00499168	0.89943	0.598216	-0.404431
0.00499168	0.90047	0.591671	-0.401845
0.00499168	0.898526	0.609395	-0.408238
0.00495868	0.900642	0.616917	-0.407439
0.00495868	0.866164	0.628623	-0.425539
0.00495868	0.848403	0.59452	-0.433376
0.00495868	0.865471	0.613353	-0.431838
0.00495868	0.849343	0.63121	-0.430605
0.00495868	0.826896	0.646723	-0.434166
0.00495868	0.818802	0.62099	-0.447755
0.00492611	0.803788	0.636657	-0.447546
0.00492611	0.771516	0.631684	-0.442139
0.00492611	0.783492	0.618661	-0.444126
0.00492611	0.788888	0.610928	-0.447773
0.00492611	0.783687	0.640236	-0.440747
0.00492611	0.776986	0.612403	-0.44039
0.00492611	0.77805	0.627522	-0.435267
0.00492611	0.752645	0.644895	-0.433763
0.00492611	0.770971	0.64364	-0.441621
0.00489396	0.800061	0.630267	-0.442198
0.00489396	0.821789	0.644511	-0.439285
0.00489396	0.788757	0.638603	-0.442793
0.00489396	0.767298	0.625271	-0.440403
0.00489396	0.765024	0.624067	-0.44052
0.00489396	0.775525	0.602562	-0.438257
0.00489396	0.755974	0.606515	-0.436756
0.00486224	0.775439	0.635227	-0.44474
0.00486224	0.780995	0.637166	-0.440443
0.00486224	0.774116	0.663582	-0.430762
0.00486224	0.744211	0.658563	-0.424468
0.00486224	0.75178	0.628444	-0.435523
0.00486224	0.777938	0.639303	-0.434267
0.00486224	0.80379	0.621634	-0.43949
0.00486224	0.799342	0.640856	-0.439959
0.00486224	0.821653	0.612314	-0.441964
0.00486224	0.792059	0.594967	-0.435225
0.00486224	0.80935	0.606564	-0.443495
0.00486224	0.817871	0.618734	-0.447531
0.00483092	0.827124	0.60885	-0.444287
0.00483092	0.809491	0.604644	-0.444566
0.00483092	0.78577	0.599535	-0.445482
0.00483092	0.774514	0.610652	-0.444471
0.00483092	0.781113	0.636861	-0.438792
0.00483092	0.771291	0.62294	-0.44321
0.00483092	0.790913	0.647543	-0.437701
0.0048	0.805295	0.631192	-0.435651
0.0048	0.819684	0.61242	-0.445286
0.0048	0.79505	0.591253	-0.441404
0.0048	0.815288	0.60289	-0.442098
0.0048	0.802145	0.610327	-0.446359
0.0048	0.775934	0.586519	-0.432728
0.0048	0.788821	0.577626	-0.434911
0.0048	0.810274	0.581406	-0.433709
0.0048	0.81919	0.581582	-0.432662
0.0048	0.825153	0.592065	-0.437066
0.0048	0.800681	0.616219	-0.444992
0.0048	0.788973	0.624035	-0.442542
0.0048	0.769182	0.614396	-0.439097
0.0048	0.789153	0.616925	-0.446748
0.0048	0.80553	0.598711	-0.440522
0.00476948	0.803147	0.611923	-0.443703
0.00476948	0.802419	0.587231	-0.43733
0.00476948	0.781229	0.613213	-0.445619
0.00476948	0.774118	0.621234	-0.439997
0.00476948	0.759559	0.608222	-0.440503
0.00476948	0.774592	0.615239	-0.444192
0.00476948	0.785004	0.600535	-0.444245
0.00476948	0.774113	0.602329	-0.438799
0.00476948	0.751297	0.622026	-0.437049
0.00473934	0.758634	0.642715	-0.435326
0.00473934	0.777325	0.661209	-0.433367
0.00473934	0.753509	0.641038	-0.437207
0.00473934	0.782287	0.631804	-0.440843
0.00473934	0.777858	0.642441	-0.442233
0.00473934	0.798049	0.63963	-0.44157
0.00473934	0.799263	0.641494	-0.442501
0.00473934	0.772985	0.635566	-0.441553
0.00473934	0.774493	0.658221	-0.434801
0.00473934	0.796187	0.655286	-0.435392
0.00470958	0.786738	0.632558	-0.436715
0.00470958	0.778325	0.625333	-0.444234
0.00470958	0.754986	0.62793	-0.437624
0.00470958	0.741825	0.612815	-0.433437
0.00470958	0.761855	0.605929	-0.436958
0.00470958	0.785826	0.626817	-0.440732
0.00470958	0.80074	0.636872	-0.44305
0.00470958	0.792037	0.611452	-0.444771
0.00470958	0.802216	0.588858	-0.445055
0.00470958	0.780057	0.616128	-0.443051
0.00468019	0.801283	0.599867	-0.444508
0.00468019	0.800486	0.611552	-0.440685
0.00468019	0.773282	0.595917	-0.440254
0.00468019	0.757813	0.592031	-0.434185
0.00468019	0.75023	0.575363	-0.423649
0.00468019	0.770094	0.602054	-0.440806
0.00468019	0.755486	0.616975	-0.436599
0.00468019	0.783453	0.644194	-0.442481
0.00468019	0.794844	0.65231	-0.439823
0.00468019	0.785059	0.630645	-0.440849
0.00468019	0.791265	0.608569	-0.443536
0.00465116	0.777173	0.595799	-0.436463
0.00465116	0.799653	0.621159	-0.444862
0.00465116	0.796926	0.617436	-0.447269
0.00465116	0.793296	0.609138	-0.447288
0.00465116	0.797219	0.602706	-0.446499
0.00465116	0.793359	0.612225	-0.443817
0.00465116	0.782192	0.610913	-0.439845
0.00465116	0.781379	0.622801	-0.442175
0.00465116	0.757256	0.612264	-0.439959
0.0046225	0.764897	0.597129	-0.437963
0.0046225	0.754252	0.614881	-0.435435
0.0046225	0.782786	0.642056	-0.443189
0.0046225	0.785927	0.627238	-0.44179
0.0046225	0.760002	0.618688	-0.438476
0.0046225	0.744996	0.619225	-0.435368
0.0046225	0.762142	0.625979	-0.438379
0.0046225	0.782289	0.604772	-0.443618
0.0046225	0.804144	0.599229	-0.44086
0.0046225	0.83269	0.580166	-0.428194
0.0046225	0.811902	0.570218	-0.425964
0.00459418	0.804301	0.588733	-0.434192
0.00459418	0.787542	0.611354	-0.44609
0.00459418	0.789312	0.606405	-0.443228
0.00459418	0.782336	0.5951	-0.44222
0.00459418	0.811371	0.619265	-0.441227
0.00459418	0.828204	0.633589	-0.440047
0.00459418	0.830229	0.645265	-0.432973
0.00459418	0.816046	0.636853	-0.446669
0.00459418	0.806104	0.617458	-0.447492
0.00456621	0.810173	0.6161	-0.445092
0.00456621	0.82385	0.634662	-0.437424
0.00456621	0.833152	0.639267	-0.439437
0.00456621	0.808751	0.655934	-0.428699
0.00456621	0.782399	0.660476	-0.429493
0.00456621	0.786749	0.636734	-0.440298
0.00456621	0.775686	0.646799	-0.436109
0.00456621	0.777376	0.641664	-0.440597
0.00456621	0.755936	0.622584	-0.439219
0.00453858	0.758321	0.620605	-0.439176
0.00453858	0.780011	0.637533	-0.440011
0.00453858	0.800385	0.633039	-0.439601
0.00453858	0.785503	0.64695	-0.439769
0.00453858	0.775792	0.62866	-0.443399
0.00453858	0.793066	0.624034	-0.446305
0.00453858	0.788592	0.609645	-0.447461
0.00453858	0.80066	0.622451	-0.444871
0.00451128	0.813262	0.607668	-0.444829
0.00451128	0.820961	0.615747	-0.440677
0.00451128	0.806092	0.590511	-0.444969
0.00451128	0.79227	0.605043	-0.443533
0.00451128	0.782057	0.616979	-0.441699
0.00451128	0.790912	0.615886	-0.44436
0.00451128	0.773087	0.622971	-0.442073
0.00451128	0.796718	0.635181	-0.441663
0.00451128	0.767852	0.606763	-0.4351
0.00451128	0.783866	0.612937	-0.444752
0.0044843	0.801341	0.617116	-0.4443
0.0044843	0.826992	0.60116	-0.441452
0.0044843	0.831998	0.607523	-0.439614
0.0044843	0.844983	0.606156	-0.436605
0.0044843	0.835736	0.588374	-0.436794
0.0044843	0.813944	0.605543	-0.444452
0.0044843	0.789713	0.626606	-0.441916
0.0044843	0.773493	0.62213	-0.441314
0.00445765	0.767702	0.630421	-0.441969
0.00445765	0.793523	0.617533	-0.443789
0.00445765	0.817017	0.608859	-0.444536
0.00445765	0.830665	0.627523	-0.443017
0.00445765	0.805801	0.602248	-0.447284
0.00445765	0.794256	0.624898	-0.44595
0.00445765	0.799824	0.637013	-0.444801
0.00445765	0.789786	0.652726	-0.440392
0.00443131	0.807271	0.629561	-0.441285
0.00443131	0.783298	0.604729	-0.449776
0.00440529	0.809527	0.607067	-0.447335
0.00440529	0.829378	0.595459	-0.43664
0.00440529	0.806815	0.581766	-0.435306
0.00437956	0.814502	0.5729	-0.428679
0.00437956	0.79917	0.573629	-0.427252
0.00437956	0.799936	0.570665	-0.425079
0.00437956	0.808511	0.576237	-0.429986
0.00437956	0.812682	0.588785	-0.436912
0.00437956	0.791445	0.597668	-0.444642
0.00437956	0.808803	0.586	-0.439573
0.00437956	0.789568	0.579459	-0.432151
0.00437956	0.789444	0.574061	-0.430481
0.00437956	0.796079	0.579245	-0.434145
0.00437956	0.786427	0.58632	-0.434355
0.00437956	0.781711	0.594922	-0.438805
0.00437956	0.783959	0.613218	-0.439718
0.00437956	0.784914	0.605228	-0.439262
0.00437956	0.776997	0.626507	-0.442061
0.00435414	0.781194	0.62365	-0.447589
0.00435414	0.777909	0.61513	-0.441341
0.00435414	0.789629	0.617422	-0.443808
0.00435414	0.787405	0.616192	-0.44508
0.00435414	0.781697	0.619396	-0.44639
0.00435414	0.80437	0.604808	-0.444467
0.00435414	0.793851	0.618093	-0.444103
0.00435414	0.799752	0.61149	-0.448749
0.004329	0.808681	0.593249	-0.439951
0.004329	0.824755	0.618307	-0.444102
0.004329	0.833716	0.622881	-0.445038
0.004329	0.824649	0.611951	-0.443917
0.004329	0.826901	0.595066	-0.442677
0.004329	0.810266	0.59019	-0.439528
0.004329	0.804502	0.605875	-0.442652
0.00430416	0.793429	0.601458	-0.441827
0.00430416	0.81066	0.621442	-0.439114
0.00430416	0.787376	0.630001	-0.442018
0.00430416	0.805731	0.618655	-0.443916
0.00430416	0.802085	0.611579	-0.446835
0.00430416	0.812742	0.626472	-0.444625
0.00430416	0.81427	0.613055	-0.446306
0.00430416	0.810846	0.615519	-0.443912
0.00430416	0.799214	0.606121	-0.443074
0.00430416	0.786817	0.624338	-0.442373
0.00430416	0.790872	0.60209	-0.441901
0.00430416	0.786484	0.613987	-0.444304
0.00430416	0.774778	0.600281	-0.436886
0.0042796	0.791325	0.594312	-0.436371
0.0042796	0.815916	0.591398	-0.439342
0.0042796	0.827291	0.596951	-0.436852
0.0042796	0.808403	0.612834	-0.449942
0.0042796	0.830056	0.620684	-0.438118
0.0042796	0.834499	0.623427	-0.439837
0.0042796	0.846989	0.607048	-0.436324
0.0042796	0.851117	0.632644	-0.431836
0.0042796	0.858846	0.618543	-0.437602
0.00425532	0.843461	0.603901	-0.438185
0.00425532	0.821189	0.622369	-0.443389
0.00425532	0.81257	0.618708	-0.444084
0.00425532	0.800894	0.613652	-0.444622
0.00425532	0.816011	0.608412	-0.443775
0.00425532	0.807348	0.627924	-0.44411
0.00425532	0.823774	0.638223	-0.439513
0.00423131	0.833911	0.630455	-0.441871
0.00423131	0.846915	0.625462	-0.430444
0.00423131	0.83971	0.64538	-0.428548
0.00423131	0.822707	0.634512	-0.444311
0.00423131	0.808906	0.651109	-0.438928
0.00423131	0.796349	0.644368	-0.436548
0.00420757	0.811684	0.63463	-0.442615
0.00420757	0.797682	0.625757	-0.441091
0.00420757	0.793161	0.631804	-0.44319
0.00420757	0.796843	0.619676	-0.444191
0.00420757	0.808704	0.610106	-0.443842
0.00420757	0.808326	0.627138	-0.443117
0.00420757	0.798855	0.618722	-0.443569
0.00420757	0.801207	0.60845	-0.44484
0.00420757	0.813504	0.627687	-0.443534
0.00420757	0.799978	0.607109	-0.443448
0.00420757	0.819685	0.608758	-0.442843
0.00420757	0.826907	0.611897	-0.438812
0.00420757	0.844974	0.613393	-0.437175
0.0041841	0.855055	0.603304	-0.432398
0.0041841	0.837649	0.61467	-0.440363
0.0041841	0.823346	0.630314	-0.44306
0.0041841	0.841588	0.620614	-0.441769
0.0041841	0.852118	0.632632	-0.434611
0.0041841	0.841178	0.6383	-0.440128
0.0041841	0.849832	0.620971	-0.437385
0.0041841	0.840256	0.610269	-0.443767
0.0041841	0.835304	0.615748	-0.444104
0.00416089	0.817726	0.60527	-0.442332
0.00416089	0.832352	0.616542	-0.437873
0.00416089	0.820929	0.624753	-0.439868
0.00416089	0.826208	0.602986	-0.439341
0.00416089	0.817771	0.594613	-0.441505
0.00416089	0.804846	0.592372	-0.440909
0.00416089	0.800317	0.613036	-0.443729
0.00416089	0.781838	0.612064	-0.443867
0.00416089	0.76779	0.590376	-0.435003
0.00416089	0.767808	0.59205	-0.436105
0.00416089	0.764718	0.589494	-0.432196
0.00416089	0.753005	0.587729	-0.426411
0.00416089	0.730703	0.610748	-0.424388
0.00413793	0.733722	0.615595	-0.429039
0.00413793	0.746291	0.631379	-0.431492
0.00413793	0.768336	0.630397	-0.437517
0.00413793	0.779866	0.622595	-0.439518
0.00413793	0.771752	0.637369	-0.439596
0.00413793	0.768271	0.639765	-0.436378
0.00413793	0.758243	0.628646	-0.442292
0.00411523	0.778411	0.644009	-0.435979
0.00411523	0.769474	0.643525	-0.435095
0.00411523	0.772677	0.649559	-0.433405
0.00411523	0.757544	0.64454	-0.433205
0.00411523	0.770723	0.637846	-0.43805
0.00411523	0.761812	0.64158	-0.434816
0.00411523	0.764789	0.636186	-0.438705
0.00411523	0.74692	0.626344	-0.434721
0.00411523	0.737456	0.631506	-0.430789
0.00409277	0.747607	0.636612	-0.433639
0.00409277	0.766111	0.645629	-0.434465
0.00409277	0.77753	0.625096	-0.446305
0.00409277	0.789644	0.609482	-0.441587
0.00409277	0.773163	0.606448	-0.43974
0.00409277	0.785044	0.627706	-0.445048
0.00409277	0.770795	0.629973	-0.445796
0.00409277	0.764455	0.62012	-0.436564
0.00409277	0.753947	0.622827	-0.434783
0.00409277	0.75191	0.613927	-0.436959
0.00409277	0.755802	0.631033	-0.438714
0.00409277	0.738844	0.619186	-0.432009
0.00409277	0.760606	0.622675	-0.440486
0.00407056	0.784959	0.609199	-0.445553
0.00407056	0.782087	0.602658	-0.44441
0.00407056	0.784973	0.619858	-0.443843
0.00407056	0.804955	0.630514	-0.436456
0.00407056	0.795598	0.616463	-0.445344
0.00407056	0.785506	0.63988	-0.445068
0.00407056	0.778227	0.641319	-0.439378
0.00407056	0.801328	0.653369	-0.438854
0.00407056	0.792364	0.646909	-0.443476
0.00404858	0.793726	0.621933	-0.442229
0.00404858	0.778487	0.622485	-0.444654
0.00404858	0.791469	0.617899	-0.442826
0.00404858	0.776949	0.628047	-0.44339
0.00404858	0.765307	0.62662	-0.441118
0.00404858	0.764773	0.635102	-0.438185
0.00404858	0.773016	0.612336	-0.443028
0.00404858	0.793292	0.611011	-0.443706
0.00402685	0.797372	0.605608	-0.444237
0.00402685	0.773733	0.628868	-0.443804
0.00402685	0.799045	0.619379	-0.441689
0.00402685	0.795618	0.608674	-0.446803
0.00402685	0.799533	0.614765	-0.446216
0.00402685	0.782646	0.607254	-0.442519
0.00402685	0.804821	0.62159	-0.44496
0.00402685	0.787508	0.604986	-0.443039
0.00400534	0.789872	0.604973	-0.443802
0.00400534	0.801707	0.599861	-0.444993
0.00400534	0.804147	0.609916	-0.443
0.00400534	0.784029	0.58624	-0.440031
0.00400534	0.800761	0.601554	-0.443651
0.00400534	0.784714	0.617661	-0.441403
0.00400534	0.808313	0.601186	-0.440644
0.00400534	0.784393	0.620922	-0.439077
0.00400534	0.799029	0.598944	-0.439101
0.00398406	0.796582	0.597793	-0.437255
0.00398406	0.81766	0.605706	-0.444911
0.00398406	0.812904	0.606914	-0.442583
0.00398406	0.815497	0.612175	-0.441718
0.00398406	0.830122	0.624806	-0.445473
0.00398406	0.851584	0.612195	-0.437742
0.00398406	0.827688	0.604527	-0.439602
0.00398406	0.802792	0.624237	-0.44477
0.00398406	0.820746	0.630742	-0.440181
0.00398406	0.820368	0.651573	-0.440249
0.00398406	0.795191	0.633028	-0.439373
0.00398406	0.819449	0.621601	-0.450615
0.00398406	0.817123	0.617442	-0.445377
0.00396301	0.808206	0.614779	-0.446685
0.00396301	0.807762	0.61254	-0.442065
0.00396301	0.798688	0.604305	-0.444141
0.00396301	0.805105	0.610942	-0.443601
0.00396301	0.827129	0.601808	-0.438713
0.00396301	0.8436	0.617475	-0.438007
0.00396301	0.843001	0.606515	-0.434903
0.00396301	0.822883	0.578976	-0.434365
0.00396301	0.815293	0.591265	-0.439444
0.00396301	0.793194	0.613219	-0.445619
0.00396301	0.78076	0.606178	-0.440499
0.00394218	0.775622	0.615246	-0.44438
0.00394218	0.801214	0.633723	-0.439615
0.00394218	0.790991	0.649409	-0.433606
0.00394218	0.813919	0.624643	-0.441629
0.00394218	0.81268	0.636003	-0.439355
0.00394218	0.813541	0.647346	-0.431558
0.00394218	0.832242	0.633276	-0.440256
0.00394218	0.807955	0.62606	-0.442008
0.00394218	0.799237	0.6392	-0.441597
0.00394218	0.781521	0.622935	-0.439689
0.00394218	0.779437	0.632016	-0.440753
0.00394218	0.781542	0.629513	-0.440773
0.00394218	0.768364	0.62172	-0.44293
0.00394218	0.791704	0.628238	-0.443075
0.00392157	0.76996	0.623159	-0.435549
0.00392157	0.762443	0.638696	-0.435335
0.00392157	0.767758	0.661682	-0.431868
0.00392157	0.763758	0.656075	-0.434353
0.00392157	0.78824	0.625312	-0.444762
0.00392157	0.796141	0.637358	-0.445746
0.00390117	0.821222	0.627352	-0.445044
0.00390117	0.793842	0.632334	-0.443791
0.00390117	0.813722	0.6472	-0.437218
0.00390117	0.7941	0.661285	-0.434034
0.00390117	0.786729	0.652216	-0.438828
0.00390117	0.807177	0.651876	-0.434375
0.00390117	0.82056	0.640468	-0.442581
0.00390117	0.794283	0.626193	-0.44417
0.00390117	0.81448	0.604718	-0.443638
0.00390117	0.793663	0.622302	-0.444579
0.00388098	0.779206	0.614755	-0.439133
0.00388098	0.79673	0.602596	-0.44347
0.00388098	0.784665	0.612756	-0.441763
0.00388098	0.778584	0.62812	-0.440174
0.00388098	0.781068	0.631854	-0.442344
0.00388098	0.79294	0.622088	-0.444207
0.00388098	0.781596	0.632654	-0.440691
0.00388098	0.762829	0.628889	-0.43975
0.00388098	0.763051	0.61009	-0.437915
0.00388098	0.782046	0.619841	-0.444369
0.00388098	0.791154	0.609557	-0.444026
0.00388098	0.774086	0.619457	-0.443744
0.00388098	0.772845	0.613203	-0.443646
0.003861	0.792852	0.629449	-0.444512
0.003861	0.79141	0.628675	-0.445406
0.003861	0.8028	0.625908	-0.443
0.003861	0.773034	0.604128	-0.438103
0.003861	0.788178	0.630529	-0.440127
0.003861	0.782442	0.600521	-0.438998
0.003861	0.796229	0.586281	-0.436807
0.003861	0.783299	0.586542	-0.440503
0.003861	0.776605	0.602673	-0.439505
0.00384123	0.77352	0.609843	-0.439766
0.00384123	0.759186	0.612214	-0.441199
0.00384123	0.762022	0.609981	-0.43381
0.00384123	0.785844	0.583732	-0.438717
0.00384123	0.773479	0.578849	-0.432437
0.00384123	0.780405	0.576162	-0.430766
0.00384123	0.754143	0.578816	-0.423884
0.00384123	0.755607	0.579414	-0.424162
0.00382166	0.786042	0.578079	-0.431459
0.00382166	0.769127	0.581522	-0.434033
0.00382166	0.756452	0.608715	-0.438617
0.00382166	0.758436	0.609735	-0.439823
0.00382166	0.748695	0.616664	-0.437721
0.00382166	0.76315	0.60781	-0.438376
0.00382166	0.784261	0.619764	-0.442596
0.00382166	0.797947	0.619279	-0.442128
0.00382166	0.79742	0.636921	-0.440985
0.00382166	0.788461	0.607795	-0.442291
0.00382166	0.784314	0.611178	-0.446595
0.00382166	0.811983	0.624546	-0.447246
0.00382166	0.792473	0.620702	-0.444671
0.00382166	0.802246	0.622405	-0.447113
0.00380228	0.780509	0.624255	-0.444244
0.00380228	0.771398	0.618886	-0.44482
0.00380228	0.80191	0.612591	-0.447048
0.00380228	0.825148	0.604795	-0.440703
0.00380228	0.807549	0.604856	-0.439795
0.00380228	0.793877	0.634168	-0.444205
0.00380228	0.813677	0.606902	-0.444237
0.00380228	0.781115	0.615222	-0.442304
0.0037831	0.768586	0.617458	-0.441064
0.0037831	0.79822	0.595509	-0.440076
0.0037831	0.794265	0.603724	-0.442019
0.0037831	0.792033	0.605428	-0.445084
0.0037831	0.802147	0.617355	-0.444754
0.0037831	0.813393	0.643033	-0.439335
0.0037831	0.823832	0.650298	-0.434229
0.0037831	0.826893	0.631313	-0.441368
0.0037831	0.834672	0.605302	-0.443062
0.0037831	0.810266	0.634226	-0.442088
0.0037831	0.793608	0.628735	-0.441765
0.00376412	0.793853	0.611888	-0.446383
0.00376412	0.781728	0.589146	-0.43673
0.00376412	0.774514	0.598589	-0.439283
0.00376412	0.748153	0.606677	-0.433934
0.00376412	0.760513	0.625213	-0.435746
0.00376412	0.788204	0.626283	-0.441541
0.00376412	0.795635	0.637404	-0.442338
0.00376412	0.776378	0.615626	-0.441711
0.00376412	0.756431	0.62201	-0.44051
0.00374532	0.767776	0.595311	-0.43905
0.00374532	0.773171	0.590722	-0.438982
0.00374532	0.781017	0.618992	-0.443521
0.00374532	0.775832	0.633888	-0.43951
0.00374532	0.755772	0.634894	-0.433397
0.00374532	0.778201	0.622588	-0.441369
0.00374532	0.781149	0.620166	-0.447451
0.00374532	0.782853	0.630999	-0.44307
0.00374532	0.778577	0.624433	-0.443685
0.00374532	0.802714	0.615671	-0.444144
0.00372671	0.800852	0.640574	-0.443122
0.00372671	0.820346	0.615773	-0.444925
0.00372671	0.838547	0.618731	-0.441554
0.00372671	0.825326	0.587999	-0.435318
0.00372671	0.81558	0.611726	-0.44335
0.00372671	0.812806	0.636065	-0.448242
0.00372671	0.824561	0.639985	-0.438003
0.00372671	0.83429	0.629111	-0.437073
0.00370828	0.836535	0.630246	-0.437261
0.00370828	0.837888	0.609699	-0.437374
0.00370828	0.816619	0.586516	-0.444163
0.00370828	0.824246	0.617303	-0.442842
0.00370828	0.842659	0.63264	-0.43831
0.00370828	0.810671	0.635068	-0.442768
0.00370828	0.786479	0.639396	-0.444387
0.00370828	0.811959	0.614843	-0.444432
0.00369004	0.791685	0.598263	-0.443008
0.00369004	0.78956	0.601789	-0.446084
0.00369004	0.809922	0.625391	-0.443491
0.00369004	0.828721	0.624985	-0.442248
0.00369004	0.825466	0.601708	-0.439779
0.00369004	0.815704	0.605227	-0.440406
0.00369004	0.803876	0.611748	-0.446684
0.00369004	0.811653	0.612744	-0.445079
0.00369004	0.782318	0.644127	-0.440193
0.00369004	0.8051	0.63552	-0.440508
0.00367197	0.794025	0.634228	-0.44208
0.00367197	0.764989	0.648707	-0.433298
0.00367197	0.793036	0.667306	-0.432151
0.00367197	0.77572	0.680408	-0.421828
0.00367197	0.778788	0.689851	-0.414903
0.00367197	0.807889	0.678821	-0.422511
0.00367197	0.830007	0.654122	-0.430096
0.00367197	0.807551	0.638758	-0.445662
0.00367197	0.835695	0.631662	-0.436981
0.00365408	0.804053	0.604529	-0.448186
0.00365408	0.796233	0.629006	-0.444812
0.00365408	0.790176	0.611528	-0.442394
0.00365408	0.819682	0.614454	-0.447551
0.00365408	0.817879	0.6077	-0.448283
0.00363636	0.811645	0.594456	-0.441686
0.00363636	0.791166	0.591015	-0.438723
0.00363636	0.809999	0.620196	-0.445484
0.00363636	0.813231	0.624687	-0.447708
0.00363636	0.807785	0.628957	-0.446308
0.00363636	0.803441	0.623728	-0.443745
0.00361882	0.808376	0.647853	-0.440537
0.00361882	0.813306	0.647131	-0.438777
0.00361882	0.838822	0.637826	-0.437553
0.00361882	0.833626	0.622004	-0.438648
0.00361882	0.823766	0.618642	-0.441712
0.00361882	0.834473	0.591925	-0.435847
0.00361882	0.807569	0.582176	-0.433726
0.00361882	0.807389	0.5961	-0.439652
0.00361882	0.792852	0.593348	-0.443577
0.00361882	0.770094	0.613292	-0.441864
0.00361882	0.781412	0.61874	-0.445314
0.00360144	0.783022	0.614377	-0.440805
0.00360144	0.788167	0.587381	-0.440093
0.00360144	0.772745	0.581909	-0.432834
0.00360144	0.769412	0.603852	-0.434076
0.00360144	0.779294	0.622345	-0.439617
0.00360144	0.768209	0.629783	-0.437848
0.00360144	0.77885	0.640006	-0.438185
0.00360144	0.802395	0.636022	-0.447322
0.00358423	0.780634	0.616638	-0.442331
0.00358423	0.803711	0.624994	-0.445633
0.00358423	0.780985	0.604628	-0.447575
0.00358423	0.807961	0.622393	-0.444555
0.00358423	0.795241	0.637978	-0.447019
0.00358423	0.798125	0.622464	-0.445134
0.00358423	0.805262	0.639341	-0.439954
0.00358423	0.807039	0.636987	-0.444172
0.00356718	0.811439	0.612961	-0.443508
0.00356718	0.818558	0.595188	-0.441995
0.00356718	0.8246	0.618397	-0.441034
0.00356718	0.820921	0.641026	-0.436603
0.00356718	0.829528	0.652453	-0.431283
0.00356718	0.810996	0.659826	-0.430062
0.00356718	0.798989	0.641083	-0.436395
0.00356718	0.772509	0.622254	-0.444019
0.00356718	0.772789	0.640082	-0.441448
0.0035503	0.787511	0.613434	-0.445619
0.0035503	0.798161	0.602153	-0.44495
0.0035503	0.816856	0.605863	-0.444319
0.0035503	0.831246	0.596842	-0.434714
0.0035503	0.804626	0.578636	-0.435013
0.0035503	0.795599	0.571266	-0.430471
0.0035503	0.804042	0.592177	-0.441238
0.0035503	0.784284	0.602597	-0.44123
0.0035503	0.808848	0.629166	-0.442623
0.0035503	0.820919	0.602331	-0.444233
0.0035503	0.811596	0.622655	-0.444133
0.0035503	0.791007	0.624916	-0.441051
0.00353357	0.795914	0.608077	-0.441032
0.00353357	0.776244	0.61441	-0.443765
0.00353357	0.760344	0.631848	-0.440333
0.00353357	0.772568	0.610294	-0.437185
0.00353357	0.793369	0.597147	-0.441889
0.00353357	0.777015	0.595618	-0.439761
0.00353357	0.77124	0.619857	-0.440624
0.00353357	0.777763	0.600837	-0.441989
0.00353357	0.770486	0.616446	-0.438403
0.00353357	0.749928	0.612834	-0.44107
0.00353357	0.76617	0.602931	-0.437659
0.00353357	0.757842	0.616371	-0.434625
0.003517	0.771511	0.636032	-0.439659
0.003517	0.773037	0.631265	-0.442063
0.003517	0.786776	0.635013	-0.439568
0.003517	0.801959	0.628288	-0.44825
0.003517	0.809035	0.635078	-0.443501
0.003517	0.782807	0.631087	-0.443128
0.00350058	0.801206	0.611003	-0.444195
0.00350058	0.81416	0.621236	-0.443752
0.00350058	0.801707	0.624269	-0.448142
0.00350058	0.779666	0.609777	-0.446695
0.00350058	0.789012	0.587651	-0.440432
0.00350058	0.766151	0.598281	-0.440069
0.00350058	0.779669	0.605571	-0.443348
0.00350058	0.791733	0.583854	-0.437025
0.00350058	0.798351	0.60593	-0.445416
0.00350058	0.812867	0.627022	-0.444131
0.00348432	0.79083	0.630945	-0.443035
0.00348432	0.783386	0.632462	-0.446176
0.00348432	0.807426	0.616413	-0.442063
0.00348432	0.800647	0.637486	-0.440878
0.00348432	0.81284	0.613501	-0.442746
0.00348432	0.829171	0.634386	-0.441945
0.00348432	0.807649	0.632437	-0.446116
0.00348432	0.787024	0.647925	-0.437366
0.00348432	0.810083	0.638006	-0.441902
0.00348432	0.804015	0.653835	-0.440881
0.00348432	0.803683	0.634691	-0.43771
0.00348432	0.786906	0.627406	-0.442808
0.00348432	0.778424	0.629006	-0.44803
0.00346821	0.783858	0.626047	-0.444379
0.00346821	0.809006	0.623036	-0.442986
0.00346821	0.824802	0.609859	-0.440534
0.00346821	0.824923	0.598309	-0.438234
0.00346821	0.807978	0.61854	-0.443869
0.00345224	0.807031	0.603747	-0.447943
0.00345224	0.821005	0.615342	-0.444074
0.00345224	0.837692	0.603939	-0.432045
