#     BLOCK:   ACTUAL_KE:    KE_AVE:      ERROR:
           1     2.01823     2.01823           0
           2     2.05515     2.03669   0.0130509
           3     2.08479     2.05272   0.0157181
           4     2.14327     2.07536   0.0228755
           5     2.14216     2.08872   0.0218562
           6     2.09959     2.09053   0.0182885
           7     2.07167     2.08784   0.0158731
           8     2.04443     2.08241   0.0147872
           9     2.02527     2.07606   0.0144431
          10     1.99818     2.06827    0.014952
          11     2.01468      2.0634   0.0143647
          12     2.02013     2.05979   0.0136126
          13     2.04009     2.05828   0.0126497
          14     2.05314     2.05791   0.0117514
          15     2.06739     2.05854    0.010985
          16     2.06946     2.05923   0.0103196
          17     2.04126     2.05817  0.00976654
          18     2.03518     2.05689  0.00930709
          19     2.06111     2.05711   0.0088199
          20     2.09246     2.05888  0.00855412
          21     2.11004     2.06132  0.00848666
          22     2.12928     2.06441  0.00864491
          23     2.13157     2.06733   0.0087483
          24     2.11456     2.06929  0.00860228
          25     2.06808     2.06925  0.00825832
          26     2.04467      2.0683   0.0079946
          27     2.02923     2.06685   0.0078284
          28     2.04049     2.06591  0.00760523
          29     2.07597     2.06626  0.00735089
          30     2.12458      2.0682  0.00735845
          31     2.10447     2.06937  0.00721349
          32     2.02477     2.06798  0.00712148
          33     1.94679     2.06431  0.00779519
          34     1.92788     2.06029  0.00853643
          35     1.93084      2.0566   0.0090584
          36     1.95694     2.05383  0.00922003
          37     1.97015     2.05157  0.00924407
          38     1.97746     2.04962  0.00920422
          39     2.00216      2.0484   0.0090483
          40     2.03052     2.04795  0.00883313
          41     2.04991       2.048  0.00861782
          42     2.05912     2.04826   0.0084167
          43      2.0469     2.04823  0.00822102
          44     2.02269     2.04765  0.00805465
          45     2.03322     2.04733  0.00788205
          46     2.03343     2.04703  0.00771649
          47     2.02614     2.04658  0.00756509
          48     2.03052     2.04625  0.00741488
          49     2.01453      2.0456  0.00729176
          50      2.0385     2.04546  0.00714731
          51      2.0326     2.04521  0.00701161
          52     2.03033     2.04492  0.00688261
          53     2.01535     2.04436  0.00677533
          54      2.0159     2.04384  0.00667033
          55     2.02664     2.04352  0.00655637
          56     2.03249     2.04333  0.00644226
          57     2.03677     2.04321  0.00633026
          58     2.06279     2.04355  0.00623011
          59     2.03398     2.04339  0.00612663
          60      2.0121     2.04287  0.00604666
          61     2.02383     2.04255  0.00595559
          62     2.04567      2.0426  0.00585974
          63     2.06619     2.04298  0.00577867
          64     2.03518     2.04286  0.00568966
          65     2.02684     2.04261  0.00560746
          66     1.99881     2.04195  0.00556164
          67     1.99588     2.04126  0.00552096
          68     1.99474     2.04057    0.005482
          69     1.98308     2.03974  0.00546551
          70     1.95992      2.0386   0.0055051
          71     1.94726     2.03731  0.00557585
          72     1.92226     2.03572  0.00572283
          73     1.93042     2.03427   0.0058234
          74     1.94773      2.0331  0.00586096
          75     1.95142     2.03202  0.00588314
          76     1.94213     2.03083  0.00592343
          77     1.94321     2.02969  0.00595481
          78     1.92602     2.02837  0.00602498
          79     1.93914     2.02724  0.00605365
          80     1.93903     2.02613  0.00607755
          81      1.9483     2.02517  0.00607801
          82     1.94179     2.02416  0.00608836
          83     1.91526     2.02284  0.00615474
          84     1.90834     2.02148  0.00623059
          85     1.91239      2.0202  0.00628809
          86     1.92348     2.01907  0.00631473
          87     1.95518     2.01834  0.00628471
          88     1.96628     2.01775  0.00624107
          89     1.97989     2.01732  0.00618543
          90     1.97888     2.01689  0.00613143
          91     1.97418     2.01643  0.00608199
          92     1.94626     2.01566  0.00606351
          93     1.96764     2.01515  0.00602026
          94     1.95329     2.01449  0.00599207
          95     1.94857     2.01379  0.00596904
          96     1.92956     2.01292    0.005971
          97      1.9318     2.01208  0.00596772
          98     1.94194     2.01136   0.0059496
          99      1.9252     2.01049  0.00595281
         100     1.89195     2.00931  0.00601015
         101     1.87752       2.008  0.00609063
         102     1.89676     2.00691   0.0061278
         103       1.929     2.00616  0.00611481
         104     1.95101     2.00563  0.00607896
         105     1.95387     2.00513  0.00604102
         106     1.93767      2.0045  0.00601746
         107     1.96845     2.00416  0.00597065
         108     2.00142     2.00414  0.00591542
         109     2.00999     2.00419  0.00586139
         110     1.99293     2.00409    0.005809
         111     1.99282     2.00399  0.00575755
         112     2.00193     2.00397  0.00570618
         113     2.00083     2.00394  0.00565575
         114     1.98463     2.00377  0.00560867
         115     1.99524      2.0037  0.00556039
         116      1.9733     2.00343  0.00551863
         117     1.96591     2.00311  0.00548077
         118      1.9595     2.00274  0.00544677
         119     1.94665     2.00227  0.00542135
         120     1.95503     2.00188  0.00539045
         121     1.95976     2.00153  0.00535713
         122     1.94362     2.00106  0.00533421
         123     1.93318      2.0005   0.0053193
         124     1.93338     1.99996  0.00530388
         125      1.9607     1.99965  0.00527074
         126     1.96683     1.99939  0.00523534
         127     1.97356     1.99918  0.00519807
         128     2.00413     1.99922   0.0051576
         129     1.99037     1.99915  0.00511808
         130     1.96986     1.99893  0.00508367
         131     1.97299     1.99873  0.00504871
         132     1.97262     1.99853  0.00501434
         133     1.93993     1.99809  0.00499596
         134     1.94383     1.99769  0.00497506
         135     1.95568     1.99738  0.00494793
         136      1.9663     1.99715  0.00491683
         137     2.01843      1.9973  0.00488339
         138     2.03258     1.99756  0.00485469
         139     2.02472     1.99775   0.0048237
         140     2.01841      1.9979   0.0047915
         141     2.01071     1.99799  0.00475838
         142       2.038     1.99827   0.0047332
         143     2.06673     1.99875  0.00472425
         144     2.07281     1.99927  0.00471935
         145     2.05904     1.99968  0.00470477
         146     2.01671      1.9998  0.00467399
         147     2.01987     1.99993  0.00464419
         148     2.02067     2.00007  0.00461492
         149     2.02055     2.00021    0.004586
         150     1.99207     2.00016  0.00455574
         151     1.98834     2.00008  0.00452624
         152     1.98737     1.99999  0.00449724
         153     1.98584      1.9999   0.0044688
         154     2.01726     2.00001   0.0044412
         155      2.0198     2.00014  0.00441438
         156     2.02218     2.00028  0.00438834
         157      2.0217     2.00042  0.00436251
         158     2.02535     2.00058  0.00433775
         159     2.01745     2.00068  0.00431177
         160     2.03362     2.00089  0.00428973
         161     2.00752     2.00093  0.00426329
         162     1.99296     2.00088  0.00423725
         163     1.96956     2.00069  0.00421561
         164     1.99164     2.00063  0.00419027
         165     1.98621     2.00055  0.00416578
         166     1.99878     2.00054   0.0041407
         167     1.97796      2.0004  0.00411811
         168     1.98084     2.00028  0.00409525
         169     2.01286     2.00036  0.00407169
         170     2.01706     2.00046  0.00404893
         171     2.01335     2.00053  0.00402595
         172     2.03217     2.00072  0.00400674
         173     2.02265     2.00084  0.00398559
         174      2.0189     2.00095  0.00396403
         175      1.9916     2.00089  0.00394174
         176     1.98462      2.0008  0.00392043
         177     1.98223      2.0007  0.00389968
         178     1.97276     2.00054  0.00388093
         179     1.97766     2.00041  0.00386135
         180     1.94186     2.00009  0.00385358
         181     1.96389     1.99989  0.00383747
         182     2.00543     1.99992  0.00381651
         183     2.01062     1.99998   0.0037961
         184     2.01142     2.00004  0.00377598
         185     2.00513     2.00006  0.00375567
         186     1.99242     2.00002   0.0037357
         187     1.98036     1.99992   0.0037172
         188     1.95646     1.99969  0.00370461
         189     1.94587      1.9994  0.00369594
         190     1.93881     1.99908  0.00369022
         191     1.95157     1.99884  0.00367927
         192     1.96408     1.99865  0.00366456
         193     1.97706     1.99854  0.00364728
         194     1.96774     1.99838  0.00363193
         195     1.96282      1.9982  0.00361788
         196     1.97794      1.9981   0.0036009
         197     2.00639     1.99814  0.00358287
         198     2.00171     1.99816  0.00356482
         199     2.01362     1.99824  0.00354775
         200     2.01702     1.99833  0.00353126
         201     2.03588     1.99852  0.00351863
         202      2.0274     1.99866  0.00350411
         203      2.0427     1.99888  0.00349356
         204     2.03748     1.99907  0.00348156
         205     1.99029     1.99902  0.00346484
         206     1.93605     1.99872  0.00346148
         207     1.93428     1.99841  0.00345872
         208     1.98758     1.99835  0.00344249
         209     1.97581     1.99825   0.0034277
         210     2.02115     1.99835  0.00341312
         211     2.02221     1.99847  0.00339881
         212     2.02754      1.9986  0.00338555
         213      2.0025     1.99862   0.0033697
         214     1.99177     1.99859  0.00335411
         215     1.98809     1.99854  0.00333886
         216     1.98229     1.99847  0.00332425
         217     1.97766     1.99837  0.00331031
         218     1.98255      1.9983  0.00329593
         219     1.98734     1.99825  0.00328126
         220     1.93714     1.99797  0.00327808
         221     1.93353     1.99768  0.00327618
         222     1.96596     1.99754  0.00326454
         223     2.00558     1.99757   0.0032501
         224     2.04176     1.99777  0.00324157
         225     2.07049     1.99809  0.00324324
         226     2.09241     1.99851  0.00325563
         227     2.07039     1.99883  0.00325665
         228     2.02828     1.99896  0.00324493
         229     2.00066     1.99896  0.00323076
         230     1.96341     1.99881  0.00322041
         231     1.92169     1.99848  0.00322373
         232     1.88853       1.998  0.00324448
         233     1.89163     1.99754  0.00326252
         234     1.90374     1.99714  0.00327312
         235     1.92552     1.99684  0.00327335
         236     1.96125     1.99669  0.00326295
         237     1.98584     1.99664   0.0032495
         238     2.00212     1.99667  0.00323593
         239     1.96297     1.99652  0.00322546
         240      1.9445     1.99631   0.0032193
         241     1.93454     1.99605  0.00321613
         242     1.93943     1.99582  0.00321134
         243     1.98029     1.99575  0.00319876
         244     1.98611     1.99571  0.00318589
         245     1.96882      1.9956  0.00317478
         246     1.94922     1.99542  0.00316747
         247     1.95771     1.99526  0.00315832
         248     1.93877     1.99504  0.00315379
         249     1.94122     1.99482  0.00314852
         250      1.9282     1.99455  0.00314718
