#     BLOCK:  ACTUAL_PE:     PE_AVE:      ERROR:
           1   -0.421697   -0.421697           0
           2   -0.458532   -0.440114   0.0130229
           3   -0.488358   -0.456196    0.015741
           4   -0.546557   -0.478786   0.0228498
           5   -0.545342   -0.492097   0.0218152
           6    -0.50278   -0.493877   0.0182519
           7   -0.474939   -0.491172   0.0158437
           8   -0.447583   -0.485723   0.0147704
           9   -0.428386   -0.479352    0.014438
          10   -0.401255   -0.471543    0.014958
          11   -0.418118   -0.466686   0.0143651
          12   -0.423274   -0.463068   0.0136159
          13   -0.443664   -0.461576   0.0126501
          14   -0.456504   -0.461213   0.0117517
          15   -0.470724   -0.461847   0.0109853
          16   -0.472315   -0.462502   0.0103182
          17   -0.444476   -0.461441  0.00976558
          18   -0.438482   -0.460166  0.00930597
          19   -0.464295   -0.460383  0.00881872
          20   -0.496013   -0.462165  0.00855583
          21   -0.513278   -0.464599  0.00848756
          22   -0.532436   -0.467682  0.00864375
          23   -0.534552   -0.470589  0.00874324
          24     -0.5176   -0.472548  0.00859555
          25   -0.471085    -0.47249  0.00825193
          26   -0.447781   -0.471539  0.00798908
          27   -0.432392   -0.470089  0.00782365
          28   -0.443774    -0.46915  0.00760048
          29   -0.479144   -0.469494   0.0073462
          30   -0.528135   -0.471449  0.00735678
          31   -0.507165   -0.472601  0.00720912
          32   -0.427334   -0.471186  0.00712127
          33     -0.3497   -0.467505   0.0077992
          34   -0.330987    -0.46349  0.00854107
          35   -0.334028   -0.459791  0.00906267
          36   -0.359923   -0.457017  0.00922574
          37   -0.373717   -0.454765  0.00924701
          38   -0.380743   -0.452817  0.00920656
          39    -0.40552   -0.451605  0.00905002
          40   -0.433635   -0.451155  0.00883491
          41   -0.453224   -0.451206  0.00861957
          42   -0.462414   -0.451473  0.00841847
          43   -0.449901   -0.451436  0.00822277
          44   -0.425929   -0.450857   0.0080563
          45   -0.436441   -0.450536  0.00788364
          46   -0.436885   -0.450239  0.00771784
          47   -0.429362   -0.449795   0.0075664
          48   -0.433893   -0.449464  0.00741602
          49    -0.41767   -0.448815    0.007293
          50   -0.442171   -0.448682  0.00714835
          51   -0.435871   -0.448431   0.0070126
          52   -0.433546   -0.448145  0.00688358
          53   -0.418475   -0.447585  0.00677643
          54   -0.419056   -0.447057   0.0066715
          55   -0.429868   -0.446744  0.00655752
          56   -0.435744   -0.446548  0.00644336
          57   -0.439956   -0.446432  0.00633136
          58   -0.465669   -0.446764  0.00623088
          59   -0.437144   -0.446601   0.0061274
          60   -0.415314   -0.446079  0.00604742
          61   -0.427235    -0.44577  0.00595617
          62    -0.44896   -0.445822  0.00586033
          63   -0.469436   -0.446197  0.00577928
          64   -0.438461   -0.446076  0.00569024
          65     -0.4298   -0.445825  0.00560821
          66   -0.401969   -0.445161  0.00556246
          67   -0.399229   -0.444475  0.00552152
          68   -0.397775   -0.443788  0.00548287
          69   -0.386427   -0.442957  0.00546606
          70   -0.363149   -0.441817   0.0055056
          71   -0.350263   -0.440528  0.00557702
          72   -0.325514    -0.43893  0.00572376
          73    -0.33385   -0.437491  0.00582354
          74   -0.350969   -0.436321  0.00586104
          75   -0.354611   -0.435232  0.00588328
          76   -0.345025   -0.434045  0.00592439
          77   -0.346587   -0.432909  0.00595534
          78   -0.329373   -0.431582   0.0060251
          79   -0.342205   -0.430451  0.00605412
          80   -0.342441    -0.42935  0.00607758
          81   -0.351679   -0.428391  0.00607772
          82   -0.344933   -0.427374  0.00608823
          83   -0.318433   -0.426061  0.00615473
          84   -0.311488   -0.424697  0.00623076
          85   -0.315957   -0.423418  0.00628742
          86   -0.326831   -0.422295  0.00631382
          87   -0.358646   -0.421563  0.00628349
          88   -0.369714   -0.420974  0.00623965
          89   -0.383433   -0.420552  0.00618378
          90   -0.382257   -0.420127   0.0061297
          91   -0.377532   -0.419659  0.00608018
          92   -0.349686   -0.418898  0.00606148
          93   -0.371017   -0.418383  0.00601812
          94   -0.356473   -0.417725  0.00599003
          95   -0.351798   -0.417031  0.00596704
          96   -0.332751   -0.416153  0.00596912
          97   -0.335135   -0.415318  0.00596573
          98   -0.345011     -0.4146  0.00594784
          99   -0.328584   -0.413731  0.00595088
         100   -0.295201   -0.412546  0.00600825
         101   -0.280798   -0.411242  0.00608872
         102   -0.300405   -0.410155  0.00612522
         103   -0.332448     -0.4094  0.00611204
         104   -0.354331   -0.408871  0.00607616
         105   -0.357082   -0.408378  0.00603828
         106   -0.340929   -0.407741  0.00601475
         107   -0.371802   -0.407406  0.00596791
         108   -0.405066   -0.407384  0.00591269
         109   -0.412762   -0.407433  0.00585865
         110   -0.396629   -0.407335  0.00580621
         111   -0.396211   -0.407235  0.00575477
         112   -0.405133   -0.407216  0.00570342
         113   -0.403956   -0.407187  0.00565302
         114   -0.388158    -0.40702  0.00560589
         115   -0.398384   -0.406945  0.00555765
         116   -0.376535   -0.406683  0.00551592
         117   -0.369286   -0.406363  0.00547803
         118     -0.3625   -0.405992   0.0054442
         119   -0.350012   -0.405521  0.00541874
         120   -0.358423   -0.405129  0.00538778
         121   -0.362811   -0.404779  0.00535459
         122   -0.346836   -0.404304  0.00533172
         123   -0.336337   -0.403751  0.00531693
         124   -0.336651    -0.40321  0.00530152
         125   -0.364146   -0.402898  0.00526831
         126   -0.369808   -0.402635  0.00523304
         127   -0.377204   -0.402435  0.00519566
         128   -0.407124   -0.402472   0.0051552
         129    -0.39385   -0.402405  0.00511567
         130   -0.373331   -0.402181   0.0050812
         131   -0.376376   -0.401984  0.00504623
         132   -0.375842   -0.401786  0.00501189
         133   -0.343205   -0.401346  0.00499352
         134   -0.347083   -0.400941  0.00497265
         135   -0.359018    -0.40063   0.0049455
         136   -0.369687   -0.400403  0.00491437
         137   -0.421916    -0.40056  0.00488101
         138   -0.435919   -0.400816  0.00485236
         139   -0.428007   -0.401011  0.00482139
         140   -0.421682   -0.401159  0.00478921
         141   -0.414091   -0.401251  0.00475612
         142   -0.441206   -0.401532  0.00473095
         143   -0.470299   -0.402013  0.00472224
         144   -0.475811   -0.402526  0.00471717
         145   -0.462367   -0.402938  0.00470266
         146   -0.419977   -0.403055   0.0046719
         147   -0.423141   -0.403192  0.00464211
         148   -0.423829   -0.403331  0.00461284
         149   -0.423521   -0.403467  0.00458387
         150   -0.395184   -0.403411  0.00455365
         151   -0.391718   -0.403334  0.00452415
         152   -0.390732   -0.403251  0.00449514
         153   -0.389041   -0.403158  0.00446672
         154   -0.420677   -0.403272  0.00443917
         155   -0.422961   -0.403399  0.00441234
         156   -0.425267   -0.403539  0.00438629
         157   -0.424818   -0.403675  0.00436044
         158   -0.428607   -0.403832   0.0043357
         159    -0.42053   -0.403937   0.0043097
         160   -0.436674   -0.404142  0.00428762
         161   -0.410262    -0.40418  0.00426116
         162   -0.396229   -0.404131  0.00423514
         163   -0.372618   -0.403938  0.00421356
         164   -0.394882   -0.403882  0.00418823
         165   -0.389494   -0.403795  0.00416376
         166   -0.401946   -0.403784  0.00413869
         167     -0.3809   -0.403647  0.00411618
         168   -0.384331   -0.403532  0.00409328
         169   -0.415913   -0.403605  0.00406971
         170   -0.420378   -0.403704  0.00404697
         171   -0.416565   -0.403779    0.004024
         172   -0.435301   -0.403962  0.00400478
         173   -0.425846   -0.404089  0.00398363
         174   -0.422065   -0.404192  0.00396207
         175   -0.394767   -0.404138   0.0039398
         176   -0.387716   -0.404045  0.00391852
         177   -0.385518    -0.40394  0.00389778
         178   -0.375927   -0.403783  0.00387905
         179   -0.380673   -0.403654  0.00385953
         180   -0.345012   -0.403328  0.00385182
         181    -0.36739    -0.40313  0.00383565
         182   -0.408636    -0.40316  0.00381469
         183   -0.413896   -0.403219   0.0037943
         184   -0.414672   -0.403281  0.00377419
         185   -0.408205   -0.403307  0.00375388
         186   -0.395577   -0.403266  0.00373393
         187   -0.383399    -0.40316  0.00371547
         188   -0.359669   -0.402928   0.0037029
         189    -0.34903   -0.402643  0.00369428
         190   -0.342225   -0.402325  0.00368849
         191   -0.354817   -0.402076  0.00367756
         192   -0.367168   -0.401895   0.0036629
         193   -0.380307   -0.401783  0.00364563
         194   -0.370762   -0.401623  0.00363034
         195   -0.366004    -0.40144  0.00361631
         196   -0.381256   -0.401337  0.00359933
         197   -0.409554   -0.401379   0.0035813
         198    -0.40498   -0.401397  0.00356326
         199     -0.4169   -0.401475  0.00354621
         200   -0.420103   -0.401568   0.0035297
         201   -0.439181   -0.401755  0.00351709
         202   -0.430741   -0.401899  0.00350261
         203   -0.445837   -0.402115  0.00349203
         204   -0.440556   -0.402304     0.00348
         205   -0.393197   -0.402259  0.00346331
         206   -0.339248   -0.401953  0.00345997
         207   -0.337345   -0.401641  0.00345731
         208    -0.39127   -0.401591  0.00344105
         209   -0.379093   -0.401484  0.00342627
         210   -0.424169   -0.401592  0.00341165
         211   -0.425729   -0.401706   0.0033974
         212   -0.430497   -0.401842  0.00338409
         213   -0.405646    -0.40186  0.00336825
         214   -0.394976   -0.401828  0.00335266
         215   -0.391176   -0.401778  0.00333743
         216   -0.385252   -0.401702  0.00332286
         217   -0.380871   -0.401606  0.00330893
         218   -0.385845   -0.401533  0.00329455
         219   -0.390117   -0.401481  0.00327991
         220   -0.340222   -0.401203   0.0032768
         221   -0.336994   -0.400912  0.00327483
         222   -0.369307    -0.40077  0.00326317
         223   -0.409052   -0.400807  0.00324875
         224   -0.444968   -0.401004  0.00324022
         225   -0.473956   -0.401328    0.003242
         226    -0.49579   -0.401746  0.00325449
         227   -0.473417   -0.402062  0.00325543
         228   -0.431581   -0.402191  0.00324373
         229   -0.403753   -0.402198  0.00322957
         230   -0.366391   -0.402043  0.00321928
         231   -0.324978   -0.401709  0.00322258
         232   -0.291838   -0.401235   0.0032433
         233   -0.294897   -0.400779  0.00326134
         234   -0.307374    -0.40038  0.00327174
         235   -0.329066   -0.400076  0.00327186
         236   -0.364843   -0.399927   0.0032614
         237   -0.389378   -0.399883  0.00324794
         238   -0.405499   -0.399906  0.00323438
         239   -0.366035   -0.399764  0.00322395
         240   -0.347883   -0.399548  0.00321776
         241   -0.337666   -0.399292  0.00321463
         242   -0.343114   -0.399059  0.00320972
         243   -0.383747   -0.398996  0.00319713
         244   -0.389189   -0.398956  0.00318428
         245   -0.372115   -0.398847  0.00317317
         246    -0.35249   -0.398658  0.00316586
         247   -0.360888   -0.398505  0.00315673
         248   -0.341992   -0.398277  0.00315222
         249   -0.344371   -0.398061  0.00314698
         250   -0.331172   -0.397793  0.00314575
