#     BLOCK:   ACTUAL_TE:    TE_AVE:      ERROR:
           1     1.59654     1.59654           0
           2     1.59661     1.59658 2.79833e-05
           3     1.59643     1.59653 4.40444e-05
           4     1.59671     1.59657 5.20953e-05
           5     1.59682     1.59662 6.03602e-05
           6     1.59681     1.59665 5.79121e-05
           7     1.59673     1.59666 5.06072e-05
           8     1.59685     1.59669  4.9252e-05
           9     1.59688     1.59671 4.83187e-05
          10     1.59692     1.59673 4.79608e-05
          11     1.59656     1.59671 4.60494e-05
          12     1.59686     1.59673 4.37124e-05
          13     1.59642      1.5967 4.61665e-05
          14     1.59663      1.5967 4.31308e-05
          15     1.59666      1.5967 4.03219e-05
          16     1.59715     1.59672 4.67072e-05
          17     1.59678     1.59673 4.40729e-05
          18      1.5967     1.59673 4.16563e-05
          19     1.59682     1.59673 3.97411e-05
          20     1.59645     1.59672 4.02183e-05
          21     1.59677     1.59672 3.83745e-05
          22     1.59685     1.59672  3.7064e-05
          23     1.59701     1.59674 3.75378e-05
          24     1.59696     1.59675 3.70607e-05
          25     1.59699     1.59676 3.68573e-05
          26     1.59689     1.59676 3.57919e-05
          27     1.59683     1.59676 3.45688e-05
          28     1.59671     1.59676 3.33794e-05
          29     1.59683     1.59676 3.23014e-05
          30     1.59645     1.59675 3.29112e-05
          31     1.59731     1.59677 3.63697e-05
          32     1.59743     1.59679 4.06731e-05
          33     1.59709      1.5968 4.04612e-05
          34     1.59689      1.5968 3.93561e-05
          35     1.59682      1.5968 3.82332e-05
          36     1.59702     1.59681 3.76352e-05
          37     1.59643      1.5968 3.80082e-05
          38     1.59671      1.5968 3.70736e-05
          39     1.59664     1.59679 3.63557e-05
          40     1.59688      1.5968 3.55177e-05
          41     1.59669     1.59679 3.47494e-05
          42     1.59671     1.59679  3.3979e-05
          43       1.597      1.5968 3.35407e-05
          44     1.59676      1.5968 3.27896e-05
          45     1.59678     1.59679 3.20635e-05
          46     1.59655     1.59679 3.18188e-05
          47     1.59678     1.59679 3.11423e-05
          48     1.59663     1.59679 3.06749e-05
          49     1.59686     1.59679 3.00873e-05
          50     1.59633     1.59678 3.08373e-05
          51     1.59673     1.59678 3.02502e-05
          52     1.59679     1.59678 2.96689e-05
          53     1.59687     1.59678 2.91651e-05
          54     1.59685     1.59678 2.86518e-05
          55     1.59677     1.59678 2.81311e-05
          56     1.59674     1.59678 2.76369e-05
          57     1.59682     1.59678 2.71604e-05
          58     1.59712     1.59679 2.73146e-05
          59     1.59683     1.59679 2.68634e-05
          60     1.59679     1.59679 2.64157e-05
          61     1.59659     1.59678 2.61745e-05
          62     1.59671     1.59678 2.57829e-05
          63     1.59675     1.59678 2.53788e-05
          64     1.59672     1.59678 2.50029e-05
          65     1.59704     1.59678 2.49351e-05
          66     1.59684     1.59679 2.45712e-05
          67     1.59665     1.59678 2.42836e-05
          68     1.59696     1.59679 2.40654e-05
          69     1.59665     1.59678 2.37934e-05
          70     1.59677     1.59678 2.34542e-05
          71       1.597     1.59679 2.33148e-05
          72     1.59674     1.59679 2.29997e-05
          73     1.59657     1.59678 2.28827e-05
          74     1.59676     1.59678 2.25752e-05
          75     1.59681     1.59678 2.22769e-05
          76      1.5971     1.59679 2.23694e-05
          77     1.59662     1.59679 2.21868e-05
          78     1.59665     1.59678 2.19729e-05
          79     1.59694     1.59679 2.17826e-05
          80     1.59659     1.59678 2.16446e-05
          81     1.59662     1.59678 2.14734e-05
          82     1.59685     1.59678 2.12302e-05
          83     1.59683     1.59678 2.09818e-05
          84     1.59685     1.59678 2.07489e-05
          85     1.59643     1.59678 2.09092e-05
          86     1.59665     1.59678 2.07192e-05
          87     1.59653     1.59678 2.06747e-05
          88     1.59657     1.59677 2.05701e-05
          89     1.59645     1.59677   2.065e-05
          90     1.59663     1.59677 2.04812e-05
          91     1.59665     1.59677 2.02963e-05
          92     1.59657     1.59676 2.01881e-05
          93     1.59662     1.59676 2.00299e-05
          94     1.59682     1.59676 1.98249e-05
          95     1.59677     1.59676 1.96163e-05
          96     1.59681     1.59676 1.94179e-05
          97     1.59666     1.59676 1.92465e-05
          98     1.59693     1.59676 1.91225e-05
          99     1.59662     1.59676  1.8985e-05
         100     1.59675     1.59676 1.87954e-05
         101     1.59673     1.59676 1.86128e-05
         102     1.59635     1.59676 1.88615e-05
         103     1.59655     1.59676 1.87842e-05
         104     1.59668     1.59676 1.86169e-05
         105     1.59678     1.59676 1.84415e-05
         106     1.59674     1.59676  1.8268e-05
         107     1.59665     1.59675 1.81239e-05
         108     1.59636     1.59675 1.83303e-05
         109     1.59723     1.59676  1.8681e-05
         110      1.5963     1.59675   1.897e-05
         111     1.59661     1.59675  1.8841e-05
         112     1.59679     1.59675  1.8677e-05
         113     1.59687     1.59675 1.85425e-05
         114     1.59647     1.59675 1.85411e-05
         115     1.59686     1.59675 1.84026e-05
         116     1.59676     1.59675 1.82443e-05
         117     1.59663     1.59675  1.8118e-05
         118       1.597     1.59675 1.80932e-05
         119     1.59664     1.59675 1.79669e-05
         120     1.59661     1.59675 1.78578e-05
         121     1.59695     1.59675 1.77858e-05
         122     1.59678     1.59675 1.76419e-05
         123     1.59685     1.59675 1.75155e-05
         124     1.59673     1.59675 1.73752e-05
         125     1.59655     1.59675 1.73108e-05
         126     1.59702     1.59675 1.73047e-05
         127     1.59635     1.59675 1.74514e-05
         128     1.59701     1.59675 1.74315e-05
         129     1.59652     1.59675  1.7387e-05
         130     1.59652     1.59675  1.7339e-05
         131     1.59661     1.59675 1.72364e-05
         132     1.59678     1.59675 1.71073e-05
         133     1.59672     1.59675 1.69795e-05
         134     1.59674     1.59675 1.68528e-05
         135     1.59666     1.59675 1.67405e-05
         136     1.59661     1.59675 1.66472e-05
         137     1.59652     1.59674 1.66076e-05
         138     1.59666     1.59674 1.64974e-05
         139     1.59671     1.59674   1.638e-05
         140     1.59673     1.59674 1.62634e-05
         141     1.59662     1.59674 1.61714e-05
         142      1.5968     1.59674 1.60624e-05
         143     1.59643     1.59674 1.61007e-05
         144       1.597     1.59674  1.6087e-05
         145     1.59667     1.59674 1.59834e-05
         146     1.59674     1.59674  1.5874e-05
         147     1.59673     1.59674 1.57662e-05
         148     1.59685     1.59674 1.56754e-05
         149     1.59703     1.59674  1.5687e-05
         150     1.59688     1.59674 1.56097e-05
         151     1.59662     1.59674 1.55266e-05
         152     1.59664     1.59674 1.54404e-05
         153      1.5968     1.59674 1.53434e-05
         154     1.59659     1.59674 1.52782e-05
         155     1.59684     1.59674 1.51921e-05
         156     1.59691     1.59674 1.51327e-05
         157     1.59688     1.59674 1.50627e-05
         158     1.59674     1.59674 1.49674e-05
         159     1.59692     1.59675 1.49117e-05
         160     1.59695     1.59675 1.48731e-05
         161     1.59726     1.59675 1.51187e-05
         162     1.59674     1.59675 1.50256e-05
         163     1.59695     1.59675 1.49814e-05
         164     1.59676     1.59675 1.48901e-05
         165     1.59672     1.59675 1.48012e-05
         166     1.59683     1.59675 1.47195e-05
         167     1.59706     1.59675 1.47491e-05
         168     1.59651     1.59675 1.47346e-05
         169     1.59694     1.59675 1.46912e-05
         170     1.59668     1.59675 1.46109e-05
         171     1.59678     1.59675 1.45266e-05
         172     1.59687     1.59675 1.44584e-05
         173     1.59681     1.59675  1.4378e-05
         174     1.59683     1.59675 1.43021e-05
         175     1.59683     1.59676 1.42277e-05
         176     1.59691     1.59676 1.41724e-05
         177     1.59672     1.59676 1.40942e-05
         178     1.59683     1.59676 1.40218e-05
         179     1.59699     1.59676 1.40022e-05
         180     1.59685     1.59676  1.3934e-05
         181      1.5965     1.59676 1.39279e-05
         182      1.5968     1.59676 1.38533e-05
         183     1.59672     1.59676 1.37789e-05
         184     1.59675     1.59676 1.37041e-05
         185     1.59693     1.59676 1.36621e-05
         186     1.59685     1.59676  1.3597e-05
         187     1.59696     1.59676  1.3566e-05
         188     1.59679     1.59676 1.34952e-05
         189     1.59684     1.59676 1.34311e-05
         190     1.59658     1.59676  1.3393e-05
         191     1.59676     1.59676 1.33229e-05
         192     1.59691     1.59676 1.32776e-05
         193     1.59675     1.59676 1.32088e-05
         194     1.59698     1.59676 1.31907e-05
         195     1.59682     1.59676 1.31262e-05
         196     1.59668     1.59676 1.30657e-05
         197     1.59683     1.59676 1.30044e-05
         198     1.59673     1.59676 1.29395e-05
         199     1.59672     1.59676 1.28762e-05
         200     1.59692     1.59676 1.28355e-05
         201      1.5967     1.59676 1.27752e-05
         202     1.59666     1.59676 1.27219e-05
         203     1.59687     1.59676   1.267e-05
         204     1.59693     1.59676 1.26345e-05
         205     1.59709     1.59676 1.26756e-05
         206     1.59681     1.59676 1.26158e-05
         207     1.59693     1.59676 1.25808e-05
         208     1.59631     1.59676 1.27073e-05
         209     1.59672     1.59676 1.26482e-05
         210     1.59698     1.59676 1.26294e-05
         211     1.59648     1.59676 1.26393e-05
         212     1.59704     1.59676 1.26472e-05
         213     1.59685     1.59676  1.2595e-05
         214      1.5968     1.59676 1.25372e-05
         215     1.59692     1.59676 1.24988e-05
         216     1.59704     1.59677 1.25045e-05
         217     1.59679     1.59677 1.24473e-05
         218      1.5967     1.59677 1.23936e-05
         219     1.59722     1.59677 1.25133e-05
         220     1.59692     1.59677 1.24755e-05
         221     1.59654     1.59677 1.24618e-05
         222     1.59665     1.59677 1.24166e-05
         223     1.59653     1.59677 1.24059e-05
         224      1.5968     1.59677 1.23512e-05
         225     1.59654     1.59676 1.23386e-05
         226     1.59662     1.59676 1.23014e-05
         227     1.59697     1.59676 1.22822e-05
         228      1.5967     1.59676 1.22321e-05
         229     1.59691     1.59677 1.21945e-05
         230     1.59702     1.59677 1.21915e-05
         231     1.59671     1.59677 1.21408e-05
         232     1.59669     1.59677 1.20932e-05
         233     1.59673     1.59677 1.20424e-05
         234     1.59636     1.59676 1.21135e-05
         235     1.59645     1.59676 1.21356e-05
         236     1.59641     1.59676 1.21761e-05
         237     1.59646     1.59676 1.21906e-05
         238     1.59662     1.59676 1.21542e-05
         239     1.59693     1.59676 1.21253e-05
         240     1.59662     1.59676 1.20892e-05
         241     1.59687     1.59676 1.20478e-05
         242     1.59631     1.59676 1.21384e-05
         243     1.59655     1.59676 1.21194e-05
         244     1.59692     1.59676 1.20887e-05
         245      1.5967     1.59676 1.20414e-05
         246     1.59673     1.59676 1.19929e-05
         247     1.59682     1.59676 1.19468e-05
         248     1.59678     1.59676 1.18991e-05
         249     1.59685     1.59676 1.18565e-05
         250     1.59703     1.59676 1.18593e-05
