0	423.847	464.855
1	397.849	445.352
2	389.522	423.654
3	380.314	403.722
4	370.541	389.599
5	360.789	379.857
6	357.206	371.088
7	345.999	363.263
8	337.059	356.586
9	330.485	348.087
10	322.082	338.337
11	317.995	331.223
12	312.84	324.877
13	305.543	318.875
14	298.233	313.866
15	293.834	306.942
16	292.487	301.072
17	283.065	296.789
18	275.184	292.403
19	266.468	285.507
20	265.684	277.685
21	258.188	271.806
22	255.802	266.58
23	253.545	261.812
24	250.265	258.18
25	247.096	255.065
26	245.142	251.611
27	242.8	248.205
28	240.502	245.598
29	232.689	243.619
30	225.13	240.981
31	222.98	236.115
32	215.781	230.777
33	210.35	225.837
34	209.565	218.395
35	208.917	213.441
36	205.609	210.757
37	204.836	209.279
38	203.043	206.866
39	202.193	205.163
40	199.183	204.04
41	197.324	202.015
42	196.84	201.106
43	195.471	200.373
44	193.909	199.152
45	192.789	198.83
46	190.261	197.799
47	187.27	194.898
48	185.125	191.951
49	178.747	189.392
50	177.816	185.775
51	177.291	181.94
52	175.594	179.356
53	171.565	177.473
54	170.109	175.657
55	168.808	173.164
56	167.819	171.069
57	166.2	169.776
58	163.518	168.051
59	162.634	166.581
60	161.28	165.134
61	159.44	163.635
62	157.746	161.822
63	157.105	160.31
64	156.627	158.723
65	153.556	157.987
66	151.631	157.046
67	149.165	155.152
68	147.403	152.49
69	145.393	150.153
70	145.393	148.591
71	144.891	147.087
72	143.847	146.07
73	142.648	145.544
74	141.998	144.423
75	141.32	143.628
76	140.687	142.875
77	140.21	141.947
78	139.306	141.389
79	137.447	140.602
80	136.091	139.829
81	135.399	139.395
82	134.381	138.885
83	133.928	136.775
84	130.899	135.322
85	130.899	135.042
86	129.764	133.545
87	129.655	132.257
88	127.227	131.26
89	126.092	129.75
90	126.092	128.442
91	125.201	127.094
92	124.405	126.291
93	123.514	125.571
94	123.396	124.95
95	122.02	124.295
96	121.901	123.512
97	120.693	122.751
98	120.603	122.043
99	119.99	121.381
100	118.781	120.861
101	118.691	120.225
102	118.691	119.297
103	118.17	119.128
104	117.78	118.869
105	116.269	118.457
106	116.113	117.933
107	114.58	117.548
108	113.97	116.339
109	113.524	115.236
110	113.015	114.5
111	111.19	114.069
112	110.235	113.379
113	109.178	112.207
114	109.178	110.928
115	107.574	109.818
116	107.078	109.131
117	106.589	108.342
118	106.589	107.611
119	106.589	107.367
120	106.062	107.162
121	104.928	106.919
122	104.792	106.531
123	103.735	106.372
124	102.795	105.744
125	102.795	104.786
126	101.881	103.528
127	101.05	103.184
128	101.05	102.658
129	100.854	101.933
130	99.8591	101.558
131	99.5058	100.878
132	98.8795	100.361
133	98.5261	99.7405
134	98.5261	99.5068
135	98.5261	99.0599
136	98.2556	98.9739
137	97.1695	98.6178
138	96.9297	98.243
139	96.3058	97.7443
140	96.0221	97.2853
141	96.0221	96.7238
142	94.5359	96.39
143	93.9817	95.9763
144	93.8881	95.3704
145	93.7638	94.6046
146	93.5335	94.0827
147	93.5291	93.8327
148	93.1746	93.6524
149	93.1746	93.5351
150	93.1307	93.6638
151	92.1903	93.4822
152	92.1464	93.2341
153	92.1464	92.8097
154	92.1464	92.4861
155	92.0934	92.2279
156	91.575	92.468
157	91.5311	92.2245
158	90.4541	92.043
159	90.4541	91.8255
160	89.9644	91.0883
161	89.9644	90.7118
162	89.9644	90.4296
163	89.9071	90.2166
164	89.9071	90.1512
165	89.7898	89.9785
166	89.621	90.1738
167	88.8425	91.3734
168	88.8076	91.4976
169	88.8076	91.0687
170	88.8052	90.6394
171	88.6882	90.2372
172	88.4036	89.3562
173	88.4036	88.937
174	88.4036	88.6004
175	88.3155	88.6324
176	88.0309	88.4292
177	88.0222	88.287
178	88.0222	88.1868
179	87.7376	88.15
180	87.7376	87.9876
181	87.615	87.873
182	87.615	87.8355
183	87.1397	87.7851
184	87.1397	87.6425
185	87.079	87.3915
186	87.0183	87.2571
187	86.3453	87.1238
188	86.2421	87.4154
189	86.2421	87.2742
190	86.2421	87.2855
191	86.2421	86.9224
192	86.2421	86.4445
193	86.2421	86.4024
194	86.0233	86.2611
195	85.3745	86.7612
196	85.2713	87.6411
197	85.2713	86.9098
198	85.0806	86.0461
199	85.0806	85.6937
200	85.0806	85.2578
201	83.6447	85.1511
202	83.6366	84.9211
203	83.6366	84.7582
204	83.1798	85.2937
205	83.0467	85.0128
206	83.0467	85.8006
207	83.0467	86.1674
208	82.6548	85.522
209	82.6548	85.0408
210	82.6548	83.5417
211	82.2362	83.0891
212	82.2362	82.7094
213	82.2362	82.4634
214	82.2362	82.4067
215	82.1145	82.3302
216	82.1145	82.2528
217	82.0507	82.2139
218	82.0507	82.1523
219	81.9142	82.1274
220	81.9142	82.1298
221	81.7949	82.1454
222	81.7949	82.0762
223	81.6948	82.3457
224	81.4179	82.0077
225	81.2986	81.7965
226	81.2986	81.8845
227	81.2986	81.6293
228	81.2986	81.4502
229	81.2986	81.3474
230	81.2986	81.4069
231	80.9444	81.3786
232	80.9444	81.4473
233	80.6859	81.6658
234	80.6859	81.031
235	80.3732	80.9339
236	80.3732	80.8662
237	79.9349	80.5418
238	79.9349	80.3633
239	79.9349	80.1694
240	79.9349	80.0434
241	79.9349	80.0037
242	79.9349	79.9455
243	79.9349	79.9549
244	78.9186	80.0729
245	78.9186	80.0677
246	78.9186	79.6444
247	78.4537	79.2872
248	78.4537	79.3226
249	78.4537	80.6085
250	77.1305	80.5757
251	77.1305	79.8318
252	77.1305	78.2953
253	76.9754	77.6627
254	76.3834	77.5668
255	76.1835	79.2648
256	76.1835	80.4345
257	76.1835	78.5613
258	76.1835	77.4132
259	75.8319	76.3848
260	75.8319	76.3051
261	75.8319	76.3184
262	75.8319	75.8869
263	75.8319	75.8421
264	75.3336	75.8305
265	75.3336	75.8344
266	75.1303	76.0339
267	75.1303	75.7821
268	75.1303	75.4482
269	74.74	75.2694
270	74.4115	75.1303
271	74.4115	74.9137
272	74.4115	74.6392
273	74.4115	74.5811
274	74.4115	74.4622
275	74.4115	74.4375
276	74.4115	74.433
277	74.4115	74.4397
278	74.4115	74.4159
279	74.4115	74.4431
280	74.4115	74.4179
281	74.3011	74.4112
282	74.3011	74.5967
283	74.2849	74.6969
284	74.2849	74.7469
285	74.2849	74.9086
286	74.2849	74.8596
287	74.2849	74.6388
288	74.2849	74.4545
289	74.2849	74.453
290	74.2849	74.2957
291	74.2849	74.4505
292	74.2849	74.4423
293	74.2849	74.287
294	74.2849	74.2881
295	74.2012	74.2846
296	74.2012	74.2813
297	74.2012	74.2991
298	74.2012	74.2476
299	74.2012	74.2075
300	74.2012	74.2184
301	74.2012	74.2032
302	74.2012	74.2027
303	74.2012	74.2723
304	74.2012	74.3348
305	74.2012	74.3516
306	74.2012	74.3202
307	74.2012	74.2012
308	74.2012	74.2012
309	74.2012	74.2338
310	73.9976	74.265
311	73.9976	74.2052
312	73.6899	74.2214
313	73.6899	74.4631
314	73.6899	74.9926
315	73.6899	74.874
316	73.6899	74.4697
317	73.0554	73.7636
318	73.0554	73.8561
319	73.0554	74.4438
320	73.0554	73.6521
321	73.0554	73.2733
322	73.0554	73.3142
323	73.0554	73.1108
324	73.0554	73.0617
325	73.0554	73.062
326	73.0554	73.0903
327	73.0554	73.143
328	73.0554	73.3774
329	73.0554	73.0554
330	73.0554	73.0635
331	73.0554	73.2312
332	73.0554	73.0554
333	73.0554	73.0557
334	73.0554	73.0557
335	73.0554	73.0566
336	73.0554	73.0891
337	73.0554	73.2545
338	72.6667	73.0888
339	72.6667	73.2203
340	72.6667	73.2977
341	72.6667	73.2531
342	72.6667	72.8556
343	72.6667	72.7286
344	72.6667	72.7322
345	72.6667	72.6972
346	72.6667	72.6846
347	72.6667	72.6667
348	72.6667	72.6698
349	72.6667	72.6667
350	72.6667	72.6904
351	72.6667	72.9282
352	72.6667	72.7647
353	72.6667	72.762
354	72.6667	72.7792
355	72.6667	72.7188
356	72.6667	72.7187
357	72.6667	72.7722
358	72.6667	72.698
359	72.6667	72.6667
360	72.6667	72.6667
361	72.6667	72.8615
362	72.6667	72.7299
363	72.6667	72.7344
364	72.6667	72.6746
365	72.6667	72.9475
366	72.6667	72.7387
367	72.6667	72.8811
368	72.6667	72.7222
369	72.6667	72.6748
370	72.6667	72.67
371	72.6667	72.6667
372	72.6667	72.6667
373	72.6667	72.7144
374	72.6667	72.6702
375	72.6667	72.6667
376	72.6667	72.7025
377	72.6667	72.9133
378	72.6667	72.6992
379	72.6667	72.7051
380	72.6667	72.6674
381	72.6667	72.6897
382	72.6667	72.676
383	72.6667	72.6816
384	72.6667	72.7118
385	72.6667	72.7292
386	72.6667	72.7445
387	72.6667	72.6741
388	72.6667	72.6667
389	72.6667	72.6667
390	72.6667	72.6667
391	72.6667	72.6667
392	72.6667	72.7347
393	72.6667	72.6683
394	72.6667	72.6693
395	72.6667	72.7987
396	72.6667	72.6667
397	72.6667	72.6667
398	72.6667	72.6667
399	72.6667	72.6824
400	72.6667	72.692
401	72.6667	72.6667
402	72.6667	72.6667
403	72.6667	72.6667
404	72.6667	72.7156
405	72.3677	72.6659
406	72.3677	73.0487
407	72.3677	73.9396
408	72.3677	73.8546
409	72.3677	73.4476
410	72.3677	73.0766
411	72.3677	72.8401
412	72.3677	72.4147
413	72.3677	72.3681
414	72.3677	72.3677
415	72.3677	72.3677
416	72.3677	72.3677
417	72.3677	72.3677
418	72.3677	72.3823
419	72.3677	72.4433
420	72.3677	72.3677
421	72.3677	72.4738
422	72.3677	72.4942
423	72.3677	72.3677
424	72.3677	72.4569
425	72.3677	72.4297
426	72.3677	72.4962
427	72.3677	72.5659
428	72.3677	72.4047
429	72.3677	72.4391
430	72.3677	72.3887
431	72.3677	72.4083
432	72.3677	72.4103
433	72.3677	72.3787
434	72.3677	72.4258
435	72.3677	72.369
436	72.159	72.3671
437	72.159	72.3742
438	72.159	72.2923
439	72.159	72.196
440	72.159	72.2042
441	72.159	72.1641
442	72.159	72.244
443	72.159	72.1827
444	72.159	72.2916
445	72.159	72.159
446	72.159	72.1879
447	72.159	72.1764
448	72.159	72.2259
449	72.159	72.1611
450	72.159	72.1645
451	72.159	72.2253
452	72.0979	72.1953
453	72.0979	72.2509
454	72.0979	72.3129
455	71.8943	72.1756
456	71.8943	72.105
457	71.8943	71.9964
458	71.8943	71.9339
459	71.8943	71.9071
460	71.8943	71.972
461	71.8943	71.8986
462	71.8943	71.8943
463	71.8943	71.9169
464	71.8943	71.9468
465	71.8943	71.8943
466	71.8943	71.8943
467	71.8943	71.9598
468	71.8943	71.9233
469	71.8943	71.9539
470	71.8943	71.8999
471	71.8943	71.9053
472	71.8943	72.001
473	71.8943	72.1502
474	71.8943	71.8962
475	71.8943	72.1274
476	71.8943	71.9896
477	71.8943	71.8943
478	71.8943	71.898
479	71.8943	71.8943
480	71.8943	71.8943
481	71.8943	71.9106
482	71.8943	71.8957
483	71.8943	71.9104
484	71.8943	72.1246
485	71.8943	71.9847
486	71.8943	71.8943
487	71.8943	71.9847
488	71.8943	71.9188
489	71.8943	71.9746
490	71.8943	71.9038
491	71.8943	72.0544
492	71.8943	71.9912
493	71.8943	72.081
494	71.8943	71.9494
495	71.8943	72.0516
496	71.8943	72.136
497	71.8943	71.8943
498	71.8943	71.9606
499	71.8943	71.896
500	71.2323	71.8924
501	71.2323	71.8097
502	71.2323	71.6027
503	71.2323	71.6331
504	71.2323	71.6429
505	71.2323	71.2596
506	71.2323	71.3369
507	71.2323	71.3791
508	71.2323	71.2444
509	71.2323	71.2636
510	71.2323	71.4434
511	71.2323	71.3362
512	71.2323	71.3858
513	71.2323	71.335
514	71.2323	71.2779
515	71.2323	71.2323
516	71.2323	71.2577
517	71.2323	71.4319
518	71.2323	71.3339
519	71.2323	71.3776
520	71.2323	71.24
521	71.2323	71.3906
522	71.2323	71.3605
523	71.2323	71.4926
524	71.2323	71.2538
525	71.2323	71.2735
526	71.2323	71.3244
527	71.2323	71.2324
528	71.2323	71.2323
529	71.2323	71.4747
530	71.2323	71.5155
531	71.2323	71.2508
532	71.2323	71.2323
533	71.2323	71.4281
534	71.2323	71.2637
535	71.2323	71.4124
536	71.2323	71.2323
537	71.2323	71.2454
538	71.2323	71.2323
539	71.2323	71.2375
540	71.2323	71.2632
541	71.2323	71.238
542	71.2323	71.2735
543	71.2323	71.287
544	71.2323	71.2412
545	71.2323	71.2323
546	71.2323	71.2878
547	71.2323	71.627
548	71.2323	71.4225
549	71.2323	71.5191
550	71.2323	71.367
551	71.2323	71.2323
552	71.2323	71.2323
553	71.2323	71.2473
554	71.2323	71.3015
555	71.2323	71.3908
556	71.2323	71.4038
557	71.2323	71.239
558	71.2323	71.2323
559	71.2323	71.3486
560	71.2323	71.3098
561	71.2323	71.3044
562	71.2323	71.2778
563	71.2323	71.2815
564	71.2323	71.2342
565	71.2323	71.2323
566	71.2323	71.2323
567	71.2323	71.2323
568	71.2323	71.2323
569	71.2323	71.2323
570	71.2323	71.2853
571	71.2323	71.4343
572	71.2323	71.4816
573	71.2323	71.4197
574	71.2323	71.3884
575	71.2323	71.2442
576	71.2323	71.2472
577	71.2323	71.3466
578	71.2323	71.2977
579	71.2323	71.3384
580	71.2323	71.3022
581	71.2323	71.3342
582	71.2323	71.3226
583	71.2323	71.2983
584	71.2323	71.2808
585	71.2323	71.2891
586	71.2323	71.2696
587	71.2323	71.2526
588	71.2323	71.2402
589	71.2323	71.3057
590	71.2323	71.2908
591	71.2323	71.2795
592	71.2323	71.3131
593	71.2323	71.3418
594	71.2323	71.2876
595	71.2323	71.2866
596	71.2323	71.2323
597	71.2323	71.2383
598	71.1293	71.232
599	71.1293	71.2211
600	71.0123	71.2491
601	71.0123	71.1759
602	71.0123	71.0845
603	71.0123	71.0854
604	71.0123	71.0227
605	71.0123	71.0139
606	71.0123	71.0326
607	71.0123	71.0123
608	71.0123	71.0123
609	71.0123	71.0123
610	71.0123	71.0198
611	71.0123	71.026
612	71.0123	71.0594
613	71.0123	71.0251
614	71.0123	71.0475
615	71.0123	71.148
616	71.0123	71.0123
617	71.0123	71.0123
618	71.0123	71.0209
619	71.0123	71.1297
620	71.0123	71.1784
621	71.0123	71.3053
622	71.0123	71.2195
623	71.0123	71.0123
624	71.0123	71.0181
625	71.0123	71.2461
626	71.0123	71.0935
627	71.0123	71.0123
628	71.0123	71.0496
629	71.0123	71.0998
630	71.0123	71.0401
631	71.0123	71.2435
632	71.0123	71.0786
633	71.0123	71.1355
634	71.0123	71.2866
635	71.0123	71.3126
636	71.0123	71.0566
637	71.0123	71.0696
638	71.0123	71.1272
639	71.0123	71.0356
640	71.0123	71.0764
641	71.0123	71.0225
642	71.0123	71.0598
643	71.0123	71.242
644	71.0123	71.3956
645	71.0123	71.0682
646	71.0123	71.085
647	71.0123	71.2794
648	71.0123	71.0575
649	71.0123	71.0524
650	71.0123	71.0554
651	71.0123	71.2149
652	71.0123	71.1266
653	71.0123	71.0635
654	71.0123	71.1331
655	71.0123	71.0633
656	71.0123	71.1436
657	71.0123	71.0566
658	71.0123	71.0906
659	71.0123	71.2248
660	71.0123	71.165
661	71.0123	71.1167
662	71.0123	71.0404
663	71.0123	71.0388
664	71.0123	71.0123
665	71.0123	71.0123
666	71.0123	71.0123
667	71.0123	71.0123
668	71.0123	71.0123
669	71.0123	71.0172
670	71.0123	71.0163
671	71.0123	71.1158
672	71.0123	71.1105
673	71.0123	71.0123
674	71.0123	71.0437
675	71.0123	71.0123
676	71.0123	71.0123
677	71.0123	71.0123
678	71.0123	71.0432
679	71.0123	71.0138
680	71.0123	71.0123
681	71.0123	71.0123
682	71.0123	71.0248
683	71.0123	71.1858
684	71.0123	71.0174
685	71.0123	71.1252
686	71.0123	71.1749
687	71.0123	71.1469
688	71.0123	71.1341
689	71.0123	71.0187
690	71.0123	71.0123
691	71.0123	71.0815
692	71.0123	71.0728
693	71.0123	71.0361
694	71.0123	71.0144
695	71.0123	71.033
696	71.0123	71.1112
697	71.0123	71.155
698	71.0123	71.1226
699	71.0123	71.0376
700	71.0123	71.0363
701	71.0123	71.0336
702	71.0123	71.1551
703	71.0123	71.139
704	71.0123	71.0399
705	71.0123	71.1173
706	71.0123	71.0303
707	71.0123	71.1079
708	71.0123	71.0123
709	71.0123	71.0123
710	71.0123	71.0123
711	71.0123	71.0123
712	71.0123	71.0914
713	71.0123	71.0123
714	71.0123	71.0123
715	71.0123	71.0123
716	71.0123	71.0123
717	71.0123	71.0123
718	71.0123	71.0561
719	71.0123	71.3556
720	71.0123	71.2269
721	71.0123	71.1837
722	71.0123	71.0314
723	71.0123	71.0645
724	71.0123	71.1469
725	71.0123	71.1539
726	71.0123	71.2192
727	71.0123	71.2451
728	71.0123	71.1558
729	71.0123	71.1136
730	71.0123	71.02
731	71.0123	71.0123
732	71.0123	71.0123
733	71.0123	71.0123
734	71.0123	71.0154
735	71.0123	71.0619
736	71.0123	71.2754
737	71.0123	71.1588
738	71.0123	71.0285
739	71.0123	71.0123
740	71.0123	71.0246
741	71.0123	71.0531
742	71.0123	71.058
743	71.0123	71.0123
744	71.0123	71.0319
745	71.0123	71.0148
746	71.0123	71.064
747	71.0123	71.0679
748	71.0123	71.0893
749	71.0123	71.2563
750	71.0123	71.0848
751	71.0123	71.0474
752	71.0123	71.0244
753	71.0123	71.0164
754	71.0123	71.0234
755	71.0123	71.1025
756	71.0123	71.1607
757	71.0123	71.131
758	71.0123	71.0391
759	71.0123	71.0682
760	71.0123	71.0379
761	71.0123	71.0811
762	71.0123	71.0699
763	71.0123	71.0123
764	71.0123	71.0172
765	71.0123	71.0598
766	71.0123	71.1328
767	71.0123	71.016
768	71.0123	71.0257
769	71.0123	71.0254
770	71.0123	71.0998
771	71.0123	71.2628
772	71.0123	71.1588
773	71.0123	71.2022
774	71.0123	71.2637
775	71.0123	71.0164
776	71.0123	71.0123
777	71.0123	71.0123
778	71.0123	71.051
779	71.0123	71.2077
780	71.0123	71.1447
781	71.0123	71.0333
782	71.0123	71.0123
783	71.0123	71.0447
784	71.0123	71.0397
785	71.0123	71.1011
786	71.0123	71.1896
787	71.0123	71.0123
788	71.0123	71.0123
789	71.0123	71.0123
790	71.0123	71.0123
791	71.0123	71.0123
792	71.0123	71.0602
793	71.0123	71.1611
794	71.0123	71.28
795	71.0123	71.3458
796	71.0123	71.0123
797	71.0123	71.0162
798	71.0123	71.0123
799	71.0123	71.0308
800	71.0123	71.0543
801	71.0123	71.1847
802	71.0123	71.0756
803	71.0123	71.0799
804	71.0123	71.0448
805	71.0123	71.1938
806	71.0123	71.2001
807	71.0123	71.0166
808	71.0123	71.029
809	71.0123	71.0123
810	71.0123	71.0269
811	71.0123	71.0126
812	71.0123	71.0123
813	71.0123	71.0123
814	71.0123	71.0267
815	71.0123	71.0703
816	71.0123	71.0149
817	71.0123	71.0283
818	71.0123	71.0143
819	71.0123	71.025
820	71.0123	71.0123
821	71.0123	71.0408
822	71.0123	71.1134
823	71.0123	71.1057
824	71.0123	71.0314
825	71.0123	71.2667
826	71.0123	71.0552
827	71.0123	71.0905
828	71.0123	71.0733
829	71.0123	71.1327
830	71.0123	71.0194
831	71.0123	71.0199
832	71.0123	71.1601
833	71.0123	71.0364
834	71.0123	71.0482
835	71.0123	71.2821
836	71.0123	71.0864
837	71.0123	71.0123
838	71.0123	71.0188
839	71.0123	71.0519
840	71.0123	71.1801
841	71.0123	71.0123
842	71.0123	71.0123
843	71.0123	71.0123
844	71.0123	71.0123
845	71.0123	71.0123
846	71.0123	71.0952
847	71.0123	71.1018
848	71.0123	71.0718
849	71.0123	71.0743
850	71.0123	71.0352
851	71.0123	71.0151
852	71.0123	71.1816
853	71.0123	71.1674
854	71.0123	71.2173
855	71.0123	71.0166
856	71.0123	71.139
857	71.0123	71.1845
858	71.0123	71.0824
859	71.0123	71.0154
860	71.0123	71.0682
861	71.0123	71.1151
862	71.0123	71.0946
863	71.0123	71.1225
864	71.0123	71.3278
865	71.0123	71.4503
866	71.0123	71.1979
867	71.0123	71.0753
868	71.0123	71.0281
869	71.0123	71.0277
870	71.0123	71.0123
871	71.0123	71.0922
872	71.0123	71.0162
873	71.0123	71.1694
874	70.9182	71.0773
875	70.9182	71.042
876	70.9182	71.0218
877	70.9182	71.0654
878	70.9182	70.9254
879	70.9182	70.9203
880	70.9182	70.9305
881	70.9182	70.9789
882	70.9182	70.9434
883	70.9182	70.932
884	70.9182	70.9579
885	70.9182	70.9398
886	70.9182	70.9182
887	70.9182	70.9211
888	70.9182	71.0712
889	70.9182	71.015
890	70.9182	71.1009
891	70.9182	71.0278
892	70.9182	71.0257
893	70.9182	70.983
894	70.9182	71.0686
895	70.9182	71.0097
896	70.9182	71.0577
897	70.9182	70.9575
898	70.9182	70.9571
899	70.9182	70.9425
900	70.9182	70.9616
901	70.9182	71.0951
902	70.9182	71.0149
903	70.9182	70.9883
904	70.9182	71.1002
905	70.9182	71.0448
906	70.9182	71.0616
907	70.9182	70.9182
908	70.9182	70.9887
909	70.9182	70.9814
910	70.9182	70.9182
911	70.9182	71.0101
912	70.9182	71.0534
913	70.9182	71.514
914	70.9182	71.2833
915	70.9182	71.0324
916	70.9182	70.994
917	70.9182	70.9672
918	70.9182	70.9182
919	70.9182	70.9242
920	70.9182	70.9476
921	70.9182	70.9572
922	70.9182	70.9779
923	70.9182	71.1323
924	70.9182	71.0895
925	70.9182	71.1262
926	70.9182	71.0282
927	70.9182	70.974
928	70.9182	70.9428
929	70.9182	70.9859
930	70.9182	70.9823
931	70.9182	70.9732
932	70.9182	70.9182
933	70.9182	70.9182
934	70.9182	71.039
935	70.9182	70.9746
936	70.9182	70.9474
937	70.9182	70.9831
938	70.9182	70.9182
939	70.9182	70.9182
940	70.9182	70.9246
941	70.9182	70.9984
942	70.9182	70.9247
943	70.9182	70.9182
944	70.9182	70.9182
945	70.9182	70.9182
946	70.9182	71.0079
947	70.9182	71.0048
948	70.9182	70.9977
949	70.9182	70.9182
950	70.9182	70.9431
951	70.9182	70.9492
952	70.9182	70.9235
953	70.9182	70.9182
954	70.9182	70.9182
955	70.9182	70.92
956	70.9182	70.9236
957	70.9182	70.9788
958	70.9182	70.9193
959	70.9182	70.9182
960	70.9182	70.9217
961	70.9182	70.9182
962	70.9182	70.9518
963	70.9182	70.9182
964	70.9182	70.9844
965	70.9182	70.9182
966	70.9182	70.9939
967	70.9182	70.9967
968	70.9182	71.2009
969	70.9182	70.9182
970	70.9182	71.0644
971	70.9182	71.1242
972	70.9182	71.0163
973	70.9182	71.2206
974	70.9182	71.1418
975	70.9182	70.927
976	70.9182	70.9777
977	70.9182	70.9427
978	70.9182	71.2757
979	70.9182	70.951
980	70.9182	71.0854
981	70.9182	71.1262
982	70.9182	70.9637
983	70.9182	71.0878
984	70.9182	71.1317
985	70.9182	70.9184
986	70.9182	70.9962
987	70.9182	70.9679
988	70.9182	70.9372
989	70.9182	71.0274
990	70.9182	70.9182
991	70.9182	71.0013
992	70.9182	70.9182
993	70.9182	71.0671
994	70.9182	70.937
995	70.9182	70.9831
996	70.9182	70.9273
997	70.9182	70.9182
998	70.9182	71.0104
999	70.9182	70.9182
1000	70.9182	70.9186
1001	70.9182	70.9182
1002	70.9182	70.9218
1003	70.9182	70.9182
1004	70.9182	70.9182
1005	70.9182	70.9182
1006	70.9182	70.9819
1007	70.9182	70.929
1008	70.9182	71.1282
1009	70.9182	70.9305
1010	70.9182	70.9182
1011	70.9182	70.9182
1012	70.9182	70.9361
1013	70.9182	70.9451
1014	70.9182	70.9182
1015	70.9182	70.9182
1016	70.9182	70.9564
1017	70.9182	71.2023
1018	70.9182	70.9397
1019	70.9182	70.9713
1020	70.9182	70.9723
1021	70.9182	70.9692
1022	70.9182	71.0196
1023	70.9182	70.9804
1024	70.9182	70.9763
1025	70.9182	71.1558
1026	70.9182	71.5355
1027	70.9182	71.1562
1028	70.9182	71.2258
1029	70.9182	70.9326
1030	70.9182	70.9182
1031	70.9182	71.1237
1032	70.9182	70.9832
1033	70.9182	70.9208
1034	70.9182	70.9854
1035	70.9182	70.9413
1036	70.9182	70.9215
1037	70.9182	71.1081
1038	70.9182	71.0191
1039	70.9182	70.9182
1040	70.9182	70.9182
1041	70.9182	70.9182
1042	70.9182	70.9182
1043	70.9182	71.0215
1044	70.9182	70.9182
1045	70.9182	71.0691
1046	70.9182	71.0031
1047	70.9182	71.0222
1048	70.9182	70.9602
1049	70.9182	70.9439
1050	70.9182	70.9182
1051	70.9182	70.9625
1052	70.9182	70.9182
1053	70.9182	70.9385
1054	70.9182	70.9226
1055	70.9182	70.9182
1056	70.9182	70.9243
1057	70.9182	70.9182
1058	70.9182	71.0171
1059	70.9182	71.3348
1060	70.9182	71.029
1061	70.9182	70.936
1062	70.9182	70.9182
1063	70.9182	70.9663
1064	70.9182	71.033
1065	70.9182	70.983
1066	70.9182	70.9182
1067	70.9182	70.9212
1068	70.9182	70.9433
1069	70.9182	70.9535
1070	70.9182	71.3407
1071	70.9182	71.2261
1072	70.9182	71.1055
1073	70.9182	71.1196
1074	70.9182	70.9539
1075	70.9182	70.9899
1076	70.9182	70.9739
1077	70.9182	70.9762
1078	70.9182	70.94
1079	70.9182	71.1381
1080	70.9182	71.1893
1081	70.9182	70.9182
1082	70.9182	70.9432
1083	70.9182	70.9297
1084	70.9182	71.0561
1085	70.9182	71.0326
1086	70.9182	70.9561
1087	70.9182	71.0449
1088	70.9182	70.9182
1089	70.9182	70.9421
1090	70.9182	70.9228
1091	70.9182	70.9207
1092	70.9182	70.9582
1093	70.9182	70.9256
1094	70.9182	71.0631
1095	70.9182	71.0685
1096	70.9182	70.9401
1097	70.9182	70.9182
1098	70.9182	70.9182
1099	70.9182	70.9254
1100	70.9182	70.9182
1101	70.9182	71.1321
1102	70.9182	70.9903
1103	70.9182	70.9588
1104	70.9182	70.9182
1105	70.9182	70.9182
1106	70.9182	70.9277
1107	70.9182	70.994
1108	70.9182	71.2081
1109	70.9182	71.3485
1110	70.9182	71.2433
1111	70.9182	71.1549
1112	70.9182	70.9444
1113	70.9182	70.9182
1114	70.9182	71.0305
1115	70.9182	71.0324
1116	70.9182	70.9815
1117	70.9182	71.0359
1118	70.9182	71.1421
1119	70.9182	70.9445
1120	70.9182	70.9182
1121	70.9182	70.952
1122	70.9182	70.9182
1123	70.9182	70.9182
1124	70.9182	70.9246
1125	70.9182	70.9182
1126	70.9182	70.9182
1127	70.9182	70.9333
1128	70.9182	70.9845
1129	70.9182	71.0225
1130	70.9182	70.9182
1131	70.9182	70.9182
1132	70.9182	70.9739
1133	70.9182	70.9762
1134	70.9182	71.1218
1135	70.9182	71.2219
1136	70.9182	70.9291
1137	70.9182	70.9182
1138	70.9182	70.9197
1139	70.9182	70.9186
1140	70.9182	70.9182
1141	70.9182	70.9182
1142	70.9182	70.9182
1143	70.9182	70.9734
1144	70.9182	70.98
1145	70.9182	70.9414
1146	70.9182	70.9506
1147	70.9182	71.0965
1148	70.9182	70.9184
1149	70.9182	70.9769
1150	70.9182	70.9182
1151	70.9182	70.9182
1152	70.9182	70.9379
1153	70.9182	70.9182
1154	70.9182	70.9464
1155	70.9182	70.9182
1156	70.9182	70.9182
1157	70.9182	70.9798
1158	70.9182	70.9677
1159	70.9182	70.9555
1160	70.9182	70.9298
1161	70.9182	71.0059
1162	70.9182	70.947
1163	70.9182	70.9507
1164	70.9182	71.1342
1165	70.9182	71.0665
1166	70.9182	70.9388
1167	70.9182	70.9521
1168	70.9182	71.097
1169	70.9182	71.1724
1170	70.9182	71
1171	70.9182	71.0671
1172	70.9182	70.9464
1173	70.9182	70.9182
1174	70.9182	70.9182
1175	70.9182	70.9182
1176	70.9182	70.9182
1177	70.9182	70.925
1178	70.9182	70.9273
1179	70.9182	70.9564
1180	70.9182	70.9197
1181	70.9182	70.9341
1182	70.9182	70.9588
1183	70.9182	70.931
1184	70.9182	70.9182
1185	70.9182	70.9182
1186	70.9182	70.9527
1187	70.9182	70.9182
1188	70.9182	70.9182
1189	70.9182	70.9182
1190	70.9182	70.9869
1191	70.9182	70.9493
1192	70.9182	70.9736
1193	70.9182	71.0689
1194	70.9182	70.9372
1195	70.9182	71.1068
1196	70.9182	70.9182
1197	70.9182	70.9337
1198	70.9182	70.9215
1199	70.9182	70.9182
1200	70.9182	70.9186
1201	70.9182	70.9182
1202	70.9182	70.9182
1203	70.9182	70.9182
1204	70.9182	70.9327
1205	70.9182	70.9312
1206	70.9182	70.9498
1207	70.9182	71.0437
1208	70.9182	70.9889
1209	70.9182	70.9876
1210	70.9182	70.9232
1211	70.9182	70.9182
1212	70.9182	70.9182
1213	70.9182	70.9182
1214	70.9182	70.9182
1215	70.9182	70.9512
1216	70.9182	70.9184
1217	70.9182	70.9182
1218	70.9182	71.1145
1219	70.9182	70.9182
1220	70.9182	70.9932
1221	70.9182	71.1375
1222	70.9182	70.9182
1223	70.9182	71.1011
1224	70.9182	71.053
1225	70.9182	70.9639
1226	70.9182	70.9182
1227	70.9182	70.9182
1228	70.9182	70.9182
1229	70.9182	70.9182
1230	70.9182	71.0687
1231	70.9182	71.0705
1232	70.9182	70.973
1233	70.9182	70.9246
1234	70.9182	70.9182
1235	70.9182	71.202
1236	70.9182	70.9182
1237	70.9182	70.9273
1238	70.9182	71.1555
1239	70.9182	71.0595
1240	70.9182	71.2871
1241	70.9182	71.274
1242	70.9182	71.0103
1243	70.9182	70.972
1244	70.9182	71.0555
1245	70.9182	71.0047
1246	70.9182	70.9723
1247	70.9182	70.971
1248	70.9182	70.9463
1249	70.9182	70.959
1250	70.9182	70.9739
1251	70.9182	71.0163
1252	70.9182	70.9182
1253	70.9182	70.9291
1254	70.9182	70.9604
1255	70.9182	71.0933
1256	70.9182	71.0839
1257	70.9182	71.0723
1258	70.9182	70.9332
1259	70.9182	71.0366
1260	70.9182	70.9588
1261	70.9182	70.9182
1262	70.9182	70.9182
1263	70.9182	70.9486
1264	70.9182	70.948
1265	70.9182	70.9885
1266	70.9182	70.9501
1267	70.9182	70.9182
1268	70.9182	70.9182
1269	70.9182	70.9471
1270	70.9182	71.0487
1271	70.9182	70.9387
1272	70.9182	70.9329
1273	70.9182	70.9241
1274	70.9182	70.9673
1275	70.9182	70.9906
1276	70.9182	70.9962
1277	70.9182	70.9182
1278	70.9182	70.9182
1279	70.9182	70.9182
1280	70.9182	70.9666
1281	70.9182	70.9818
1282	70.9182	70.967
1283	70.9182	71.025
1284	70.9182	70.9221
1285	70.9182	70.9326
1286	70.9182	70.9182
1287	70.9182	71.1507
1288	70.9182	70.981
1289	70.9182	70.963
1290	70.9182	70.94
1291	70.9182	71.0272
1292	70.9182	71.0547
1293	70.9182	70.9865
1294	70.9182	70.9182
1295	70.9182	70.9231
1296	70.9182	70.9182
1297	70.9182	70.9182
1298	70.9182	70.9182
1299	70.9182	71.1944
1300	70.9182	70.9452
1301	70.9182	71.0315
1302	70.9182	70.9891
1303	70.9182	70.9574
1304	70.9182	70.9843
1305	70.9182	71.0203
1306	70.9182	71.0412
1307	70.9182	70.9646
1308	70.9182	71.1644
1309	70.9182	71.0303
1310	70.9182	70.9787
1311	70.9182	70.9211
1312	70.9182	70.9216
1313	70.9182	71.0803
1314	70.9182	70.9306
1315	70.9182	70.9182
1316	70.9182	70.9182
1317	70.9182	70.9182
1318	70.9182	70.9182
1319	70.9182	70.9943
1320	70.9182	71.0254
1321	70.9182	71.0383
1322	70.9182	70.9292
1323	70.9182	71.035
1324	70.9182	70.9895
1325	70.9182	71.0061
1326	70.9182	71.0553
1327	70.9182	70.9236
1328	70.9182	70.9759
1329	70.9182	70.9685
1330	70.9182	70.9182
1331	70.9182	70.9258
1332	70.9182	70.9237
1333	70.9182	71.004
1334	70.9182	70.958
1335	70.9182	70.9538
1336	70.9182	70.9516
1337	70.9182	70.9867
1338	70.9182	70.957
1339	70.9182	71.1203
1340	70.9182	70.9775
1341	70.9182	71.0301
1342	70.9182	70.9492
1343	70.9182	70.9182
1344	70.9182	70.9182
1345	70.9182	70.968
1346	70.9182	71.1871
1347	70.9182	70.9205
1348	70.9182	71.0373
1349	70.9182	71.1575
1350	70.9182	71.1529
1351	70.9182	70.9505
1352	70.9182	70.9182
1353	70.9182	70.9827
1354	70.9182	70.9286
1355	70.9182	70.9182
1356	70.9182	71.0504
1357	70.9182	71.0444
1358	70.9182	70.9193
1359	70.9182	70.9471
1360	70.9182	70.9182
1361	70.9182	70.9635
1362	70.9182	70.921
1363	70.9182	70.9498
1364	70.9182	70.9876
1365	70.9182	71.0998
1366	70.9182	71.0455
1367	70.9182	70.9629
1368	70.9182	70.9611
1369	70.9182	70.9572
1370	70.9182	70.9309
1371	70.9182	71.1682
1372	70.9182	71.0786
1373	70.9182	70.9723
1374	70.9182	70.9182
1375	70.9182	70.9182
1376	70.9182	70.9246
1377	70.9182	71.0166
1378	70.9182	71.0764
1379	70.9182	71.1305
1380	70.9182	70.9182
1381	70.9182	70.9182
1382	70.9182	70.9205
1383	70.9182	70.9182
1384	70.9182	70.9861
1385	70.9182	70.985
1386	70.9182	71.0239
1387	70.9182	71.0962
1388	70.9182	70.9834
1389	70.9182	70.9182
1390	70.9182	70.9182
1391	70.9182	70.9199
1392	70.9182	70.9467
1393	70.9182	70.9205
1394	70.9182	70.9571
1395	70.9182	70.9664
1396	70.9182	70.9182
1397	70.9182	70.9182
1398	70.9182	70.9642
1399	70.9182	70.9182
1400	70.9182	70.9182
1401	70.9182	70.921
1402	70.9182	71.0797
1403	70.9182	71.3469
1404	70.9182	71.1266
1405	70.9182	70.9833
1406	70.9182	70.9258
1407	70.9182	70.9208
1408	70.9182	70.9182
1409	70.9182	70.989
1410	70.9182	71.3486
1411	70.9182	70.9914
1412	70.9182	71.1265
1413	70.9182	70.9513
1414	70.9182	70.9182
1415	70.9182	70.9291
1416	70.9182	71.0104
1417	70.9182	70.9182
1418	70.9182	70.9622
1419	70.9182	70.9305
1420	70.9182	71.0467
1421	70.9182	70.9182
1422	70.9182	70.931
1423	70.9182	70.9207
1424	70.9182	70.9182
1425	70.9182	70.9182
1426	70.9182	70.9182
1427	70.9182	70.9182
1428	70.9182	70.9182
1429	70.9182	70.9233
1430	70.9182	70.931
1431	70.9182	71.0087
1432	70.9182	71.1137
1433	70.9182	71.1116
1434	70.9182	70.9182
1435	70.9182	70.9182
1436	70.9182	71.0425
1437	70.9182	70.928
1438	70.9182	70.9772
1439	70.9182	71.0662
1440	70.9182	71.0214
1441	70.9182	71.0574
1442	70.9182	70.9466
1443	70.9182	70.9756
1444	70.9182	70.9182
1445	70.9182	70.9344
1446	70.9182	70.9201
1447	70.9182	70.9182
1448	70.9182	70.998
1449	70.9182	70.9387
1450	70.9182	70.9473
1451	70.9182	70.9182
1452	70.9182	70.9182
1453	70.9182	70.9808
1454	70.9182	70.956
1455	70.9182	70.9402
1456	70.9182	70.9212
1457	70.9182	70.9194
1458	70.9182	70.9594
1459	70.9182	70.9467
1460	70.9182	70.9231
1461	70.9182	70.9182
1462	70.9182	70.9276
1463	70.9182	70.9182
1464	70.9182	71.0258
1465	70.9182	70.9734
1466	70.9182	71.1775
1467	70.9182	71.3165
1468	70.9182	70.9581
1469	70.9182	70.9848
1470	70.9182	70.9182
1471	70.9182	70.9182
1472	70.9182	70.9459
1473	70.9182	70.9182
1474	70.9182	70.9491
1475	70.9182	70.9601
1476	70.9182	70.9778
1477	70.9182	70.9616
1478	70.9182	71.0936
1479	70.9182	70.9182
1480	70.9182	70.9505
1481	70.9182	71.0545
1482	70.9182	71.0797
1483	70.9182	71.0876
1484	70.9182	70.9635
1485	70.9182	70.9641
1486	70.9182	70.9338
1487	70.9182	70.9493
1488	70.9182	71.0079
1489	70.9182	70.9182
1490	70.9182	71.0919
1491	70.9182	71.0159
1492	70.9182	70.9182
1493	70.9182	70.9238
1494	70.9182	70.9182
1495	70.9182	70.9319
1496	70.9182	71.1508
1497	70.9182	70.9535
1498	70.9182	70.9271
1499	70.9182	70.9346
1500	70.9182	70.9435
1501	70.9182	70.9642
1502	70.9182	70.9292
1503	70.9182	71.3059
1504	70.9182	71.0326
1505	70.9182	71.0085
1506	70.9182	70.9182
1507	70.9182	70.9207
1508	70.9182	70.9539
1509	70.9182	70.9381
1510	70.9182	70.9182
1511	70.9182	70.9313
1512	70.9182	70.9182
1513	70.9182	70.9182
1514	70.9182	70.9631
1515	70.9182	70.9321
1516	70.9182	70.9182
1517	70.9182	70.9415
1518	70.9182	70.9182
1519	70.9182	70.9385
1520	70.9182	70.9682
1521	70.9182	70.9359
1522	70.9182	71.0095
1523	70.9182	71.0073
1524	70.9182	70.9452
1525	70.9182	70.9182
1526	70.9182	70.9481
1527	70.9182	70.9182
1528	70.9182	70.9182
1529	70.9182	70.9182
1530	70.9182	70.9292
1531	70.9182	70.9182
1532	70.9182	70.9682
1533	70.9182	70.9217
1534	70.9182	71.0266
1535	70.9182	70.9655
1536	70.9182	70.9528
1537	70.9182	70.9747
1538	70.9182	70.9623
1539	70.9182	70.9182
1540	70.9182	70.9361
1541	70.9182	70.9559
1542	70.9182	71.0761
1543	70.9182	70.9202
1544	70.9182	70.9587
1545	70.9182	71.1437
1546	70.9182	70.9565
1547	70.9182	70.9833
1548	70.9182	71.1586
1549	70.9182	71.0148
1550	70.9182	71.0132
1551	70.9182	71.1877
1552	70.9182	71.024
1553	70.9182	71.1184
1554	70.9182	71.0034
1555	70.9182	70.9182
1556	70.9182	70.9182
1557	70.9182	71.2437
1558	70.9182	70.9738
1559	70.9182	70.9182
1560	70.9182	70.9384
1561	70.9182	70.9182
1562	70.9182	70.9182
1563	70.9182	70.9182
1564	70.9182	70.9182
1565	70.9182	70.9473
1566	70.9182	70.9182
1567	70.9182	70.9245
1568	70.9182	70.9182
1569	70.9182	70.9602
1570	70.9182	70.9589
1571	70.9182	70.9321
1572	70.9182	70.9182
1573	70.9182	71.0673
1574	70.9182	70.9204
1575	70.9182	70.9182
1576	70.9182	70.9182
1577	70.9182	71.1601
1578	70.9182	70.9204
1579	70.9182	71.2147
1580	70.9182	71.175
1581	70.9182	71.1452
1582	70.9182	71.0893
1583	70.9182	71.1874
1584	70.9182	70.9479
1585	70.9182	71.0218
1586	70.9182	71.151
1587	70.9182	71.2014
1588	70.9182	71.0838
1589	70.9182	71.0416
1590	70.9182	70.9903
1591	70.9182	70.9393
1592	70.9182	70.9404
1593	70.9182	70.952
1594	70.9182	70.9182
1595	70.9182	70.9182
1596	70.9182	70.9182
1597	70.9182	70.9182
1598	70.9182	70.9182
1599	70.9182	70.9182
1600	70.9182	70.9182
1601	70.9182	70.9759
1602	70.9182	71.021
1603	70.9182	71.1007
1604	70.9182	71.1906
1605	70.9182	71.1485
1606	70.9182	71.1901
1607	70.9182	70.933
1608	70.9182	71.0297
1609	70.9182	70.9843
1610	70.9182	70.9182
1611	70.9182	70.9366
1612	70.9182	71.0403
1613	70.9182	70.966
1614	70.9182	70.9475
1615	70.9182	70.9883
1616	70.9182	70.9219
1617	70.9182	70.9355
1618	70.9182	70.9182
1619	70.9182	70.9182
1620	70.9182	71.002
1621	70.9182	70.9644
1622	70.9182	70.9431
1623	70.9182	70.9689
1624	70.9182	70.9182
1625	70.9182	71.0561
1626	70.9182	70.9507
1627	70.9182	70.9905
1628	70.9182	71.0189
1629	70.9182	71.0686
1630	70.9182	70.9325
1631	70.9182	71.044
1632	70.9182	71.1569
1633	70.9182	71.033
1634	70.9182	71.0858
1635	70.9182	71.0604
1636	70.9182	70.9202
1637	70.9182	70.9582
1638	70.9182	71.0957
1639	70.9182	71.0784
1640	70.9182	71.0271
1641	70.9182	71.0166
1642	70.9182	71.0264
1643	70.9182	71.1254
1644	70.9182	71.0377
1645	70.9182	71.0071
1646	70.9182	71.1104
1647	70.9182	71.0402
1648	70.9182	71.0186
1649	70.9182	70.9182
1650	70.9182	70.9312
1651	70.9182	70.9183
1652	70.9182	71.1038
1653	70.9182	71.2001
1654	70.9182	71.1435
1655	70.9182	71.0903
1656	70.9182	71.2532
1657	70.9182	71.1639
1658	70.9182	71.1908
1659	70.9182	70.9423
1660	70.9182	70.9547
1661	70.9182	70.9401
1662	70.9182	71.0236
1663	70.9182	70.959
1664	70.9182	70.9247
1665	70.9182	70.9256
1666	70.9182	71.0375
1667	70.9182	70.9616
1668	70.9182	70.9933
1669	70.9182	70.9189
1670	70.9182	70.9699
1671	70.9182	71.1185
1672	70.9182	70.9182
1673	70.9182	70.9182
1674	70.9182	70.9302
1675	70.9182	70.9182
1676	70.9182	70.935
1677	70.9182	71.028
1678	70.9182	71.0028
1679	70.9182	70.9486
1680	70.9182	71.0999
1681	70.9182	70.9322
1682	70.9182	70.9182
1683	70.9182	70.9235
1684	70.9182	70.9182
1685	70.9182	70.9182
1686	70.9182	70.9215
1687	70.9182	70.9182
1688	70.9182	70.9952
1689	70.9182	70.9734
1690	70.9182	70.9182
1691	70.9182	70.938
1692	70.9182	70.9182
1693	70.9182	71.0403
1694	70.9182	71.0925
1695	70.9182	71.0064
1696	70.9182	71.0095
1697	70.9182	70.9182
1698	70.9182	70.9182
1699	70.9182	70.9182
1700	70.9182	70.9182
1701	70.9182	70.9182
1702	70.9182	70.9345
1703	70.9182	70.9296
1704	70.9182	70.9182
1705	70.9182	70.9259
1706	70.9182	70.926
1707	70.9182	70.9182
1708	70.9182	70.9184
1709	70.9182	71.0238
1710	70.9182	71.1872
1711	70.9182	71.1307
1712	70.9182	71.0141
1713	70.9182	70.963
1714	70.9182	70.9226
1715	70.9182	70.9623
1716	70.9182	70.94
1717	70.9182	70.9254
1718	70.9182	70.945
1719	70.9182	71.0608
1720	70.9182	70.9182
1721	70.9182	70.9522
1722	70.9182	70.9987
1723	70.9182	71.0524
1724	70.9182	70.9182
1725	70.9182	71.0953
1726	70.9182	70.946
1727	70.9182	70.977
1728	70.9182	70.9325
1729	70.9182	70.9223
1730	70.9182	70.9182
1731	70.9182	71.0627
1732	70.9182	70.9275
1733	70.9182	70.9182
1734	70.9182	70.9287
1735	70.9182	71.0351
1736	70.9182	70.9182
1737	70.9182	70.9182
1738	70.9182	70.9428
1739	70.9182	70.9605
1740	70.9182	70.9507
1741	70.9182	70.9182
1742	70.9182	71.0172
1743	70.9182	71.1702
1744	70.9182	71.1372
1745	70.9182	71.0382
1746	70.9182	71.0571
1747	70.9182	71.0793
1748	70.9182	70.9343
1749	70.9182	71.1431
1750	70.9182	70.9252
1751	70.9182	70.9399
1752	70.9182	70.9182
1753	70.9182	70.9182
1754	70.9182	70.9182
1755	70.9182	70.9182
1756	70.9182	70.9182
1757	70.9182	70.9292
1758	70.9182	70.9182
1759	70.9182	70.9423
1760	70.9182	70.9508
1761	70.9182	70.9389
1762	70.9182	70.9455
1763	70.9182	71.0904
1764	70.9182	71.014
1765	70.9182	70.9725
1766	70.9182	70.9182
1767	70.9182	70.9382
1768	70.9182	71.0079
1769	70.9182	71.0065
1770	70.9182	71.3895
1771	70.9182	71.0112
1772	70.9182	70.9416
1773	70.9182	70.9289
1774	70.9182	70.9303
1775	70.9182	70.9661
1776	70.9182	70.9667
1777	70.9182	70.9303
1778	70.9182	71.0167
1779	70.9182	70.9407
1780	70.9182	70.9182
1781	70.9182	70.9182
1782	70.9182	70.9182
1783	70.9182	70.9182
1784	70.9182	70.9182
1785	70.9182	70.9534
1786	70.9182	71.0079
1787	70.9182	70.9194
1788	70.9182	70.9226
1789	70.9182	71.2101
1790	70.9182	71.0227
1791	70.9182	70.9846
1792	70.9182	70.9276
1793	70.9182	70.926
1794	70.9182	70.9676
1795	70.9182	70.9182
1796	70.9182	70.9182
1797	70.9182	70.9182
1798	70.9182	70.9182
1799	70.9182	71.1049
1800	70.9182	71.011
1801	70.9182	70.9683
1802	70.9182	70.9182
1803	70.9182	70.9182
1804	70.9182	70.9289
1805	70.9182	71.1717
1806	70.9182	70.9753
1807	70.9182	70.9182
1808	70.9182	70.9182
1809	70.9182	70.9364
1810	70.9182	70.9182
1811	70.9182	70.9645
1812	70.9182	70.9182
1813	70.9182	70.927
1814	70.9182	70.9254
1815	70.9182	70.9655
1816	70.9182	70.9182
1817	70.9182	70.9182
1818	70.9182	70.9433
1819	70.9182	70.929
1820	70.9182	71.0603
1821	70.9182	70.94
1822	70.9182	70.924
1823	70.9182	70.9182
1824	70.9182	70.9382
1825	70.9182	70.9443
1826	70.9182	70.9608
1827	70.9182	70.9214
1828	70.9182	71.0295
1829	70.9182	70.9182
1830	70.9182	70.9187
1831	70.9182	70.9182
1832	70.9182	70.9187
1833	70.9182	70.9456
1834	70.9182	71.0185
1835	70.9182	71.178
1836	70.9182	70.9392
1837	70.9182	70.9474
1838	70.9182	71.0489
1839	70.9182	71.0289
1840	70.9182	71.0062
1841	70.9182	70.9625
1842	70.9182	70.9562
1843	70.9182	70.9968
1844	70.9182	70.9182
1845	70.9182	70.9273
1846	70.9182	70.9377
1847	70.9182	71.0304
1848	70.9182	70.981
1849	70.9182	70.9182
1850	70.9182	70.9182
1851	70.9182	70.9934
1852	70.9182	70.9182
1853	70.9182	70.9286
1854	70.9182	71.0123
1855	70.9182	70.9315
1856	70.9182	70.9623
1857	70.9182	71.0145
1858	70.9182	71.0155
1859	70.9182	70.9283
1860	70.9182	70.9182
1861	70.9182	70.9182
1862	70.9182	70.9225
1863	70.9182	70.9182
1864	70.9182	70.9185
1865	70.9182	70.9182
1866	70.9182	70.9459
1867	70.9182	71.0416
1868	70.9182	70.9182
1869	70.9182	70.9182
1870	70.9182	70.9182
1871	70.9182	70.9193
1872	70.9182	71.0089
1873	70.9182	70.9193
1874	70.9182	71.0321
1875	70.9182	70.9199
1876	70.9182	70.9692
1877	70.9182	70.9368
1878	70.9182	70.9228
1879	70.9182	70.9888
1880	70.9182	71.1661
1881	70.9182	71.521
1882	70.9182	71.0519
1883	70.9182	70.9758
1884	70.9182	70.964
1885	70.9182	70.947
1886	70.9182	70.9295
1887	70.9182	70.9184
1888	70.9182	70.9182
1889	70.9182	70.9182
1890	70.9182	70.9182
1891	70.9182	70.9182
1892	70.9182	70.9242
1893	70.9182	71.0234
1894	70.9182	70.9938
1895	70.9182	70.9764
1896	70.9182	70.9182
1897	70.9182	70.983
1898	70.9182	71.0752
1899	70.9182	70.9558
1900	70.9182	70.9291
1901	70.9182	71.0261
1902	70.9182	70.9571
1903	70.9182	71.0977
1904	70.9182	70.9589
1905	70.9182	71.0106
1906	70.9182	71.1275
1907	70.9182	71.1831
1908	70.9182	71.2077
1909	70.9182	71.103
1910	70.9182	71.1174
1911	70.9182	71.0377
1912	70.9182	70.9288
1913	70.9182	71.0013
1914	70.9182	70.9305
1915	70.9182	71.0049
1916	70.9182	70.9468
1917	70.9182	71.3665
1918	70.9182	71.0802
1919	70.9182	70.9831
1920	70.9182	71.0539
1921	70.9182	70.9642
1922	70.9182	71.0394
1923	70.9182	71.0523
1924	70.9182	70.988
1925	70.9182	71.1371
1926	70.9182	70.9674
1927	70.9182	71.0722
1928	70.9182	71.0623
1929	70.9182	70.9182
1930	70.9182	70.9189
1931	70.9182	70.9448
1932	70.9182	70.9339
1933	70.9182	70.9182
1934	70.9182	70.9329
1935	70.9182	70.9182
1936	70.9182	70.9533
1937	70.9182	71.0125
1938	70.9182	70.94
1939	70.9182	70.9571
1940	70.9182	70.9182
1941	70.9182	70.9324
1942	70.9182	71.0027
1943	70.9182	71.2582
1944	70.9182	71.061
1945	70.9182	71.1467
1946	70.9182	70.9837
1947	70.9182	70.9276
1948	70.9182	70.9182
1949	70.9182	70.9347
1950	70.9182	70.9437
1951	70.9182	71.014
1952	70.9182	70.989
1953	70.9182	70.9325
1954	70.9182	70.9182
1955	70.9182	70.9372
1956	70.9182	70.9182
1957	70.9182	70.9182
1958	70.9182	71.0646
1959	70.9182	71.1737
1960	70.9182	70.9182
1961	70.9182	70.9281
1962	70.9182	70.9271
1963	70.9182	70.9182
1964	70.9182	71.0136
1965	70.9182	71.2119
1966	70.9182	70.9182
1967	70.9182	70.9182
1968	70.9182	70.9263
1969	70.9182	71.1155
1970	70.9182	70.934
1971	70.9182	71.1117
1972	70.9182	70.9783
1973	70.9182	70.9345
1974	70.9182	71.0491
1975	70.9182	71.081
1976	70.9182	71.0295
1977	70.9182	70.9292
1978	70.9182	70.9943
1979	70.9182	70.9706
1980	70.9182	71.0231
1981	70.9182	70.9399
1982	70.9182	70.9567
1983	70.9182	70.9182
1984	70.9182	70.9182
1985	70.9182	70.9182
1986	70.9182	70.9367
1987	70.9182	70.9182
1988	70.9182	70.9324
1989	70.9182	70.9219
1990	70.9182	70.9182
1991	70.9182	70.9182
1992	70.9182	71.0707
1993	70.9182	70.9367
1994	70.9182	70.9277
1995	70.9182	70.957
1996	70.9182	70.9218
1997	70.9182	71.1554
1998	70.9182	71.1468
1999	70.9182	70.9543
2000	70.9182	70.9662
2001	70.9182	70.9323
2002	70.9182	70.9182
2003	70.9182	70.9277
2004	70.9182	70.9182
2005	70.9182	70.9487
2006	70.9182	70.9536
2007	70.9182	70.9825
2008	70.9182	71.1877
2009	70.9182	70.9568
2010	70.9182	71.0467
2011	70.9182	71.044
2012	70.9182	71.0396
2013	70.9182	70.9182
2014	70.9182	70.9609
2015	70.9182	70.9359
2016	70.9182	70.9182
2017	70.9182	70.9182
2018	70.9182	70.9182
2019	70.9182	70.9182
2020	70.9182	70.922
2021	70.9182	70.9542
2022	70.9182	70.9242
2023	70.9182	70.9351
2024	70.9182	70.9772
2025	70.9182	71.0765
2026	70.9182	71.0743
2027	70.9182	70.9182
2028	70.9182	70.9652
2029	70.9182	70.9182
2030	70.9182	71.0631
2031	70.9182	71.0195
2032	70.9182	70.9636
2033	70.9182	70.9182
2034	70.9182	70.9751
2035	70.9182	70.9314
2036	70.9182	70.9234
2037	70.9182	70.921
2038	70.9182	70.9267
2039	70.9182	70.993
2040	70.9182	71.0992
2041	70.9182	71.0114
2042	70.9182	70.9608
2043	70.9182	70.9182
2044	70.9182	70.9182
2045	70.9182	70.9182
2046	70.9182	70.9182
2047	70.9182	70.9182
2048	70.9182	70.9472
2049	70.9182	70.9182
2050	70.9182	70.9182
2051	70.9182	70.9182
2052	70.9182	70.9182
2053	70.9182	70.9212
2054	70.9182	70.9226
2055	70.9182	70.9411
2056	70.9182	71.042
2057	70.9182	70.9182
2058	70.9182	70.9456
2059	70.9182	70.9182
2060	70.9182	71.0126
2061	70.9182	70.926
2062	70.9182	71.1248
2063	70.9182	71.0187
2064	70.9182	70.9208
2065	70.9182	70.9964
2066	70.9182	70.9516
2067	70.9182	70.9231
2068	70.9182	70.9492
2069	70.9182	70.9854
2070	70.9182	70.9194
2071	70.9182	70.9182
2072	70.9182	71.011
2073	70.9182	70.93
2074	70.9182	70.9182
2075	70.9182	70.9182
2076	70.9182	70.928
2077	70.9182	70.9182
2078	70.9182	70.9202
2079	70.9182	70.9182
2080	70.9182	70.921
2081	70.9182	70.9862
2082	70.9182	71.0659
2083	70.9182	71.0735
2084	70.9182	70.9391
2085	70.9182	70.958
2086	70.9182	70.9847
2087	70.9182	70.9197
2088	70.9182	70.9182
2089	70.9182	70.9182
2090	70.9182	70.9398
2091	70.9182	70.923
2092	70.9182	71.0083
2093	70.9182	70.9668
2094	70.9182	70.9365
2095	70.9182	70.9374
2096	70.9182	70.9203
2097	70.9182	71.1046
2098	70.9182	70.9182
2099	70.9182	70.9182
2100	70.9182	70.9182
2101	70.9182	70.9182
2102	70.9182	70.9785
2103	70.9182	70.9569
2104	70.9182	70.9264
2105	70.9182	70.9182
2106	70.9182	70.9613
2107	70.9182	70.9522
2108	70.9182	70.998
2109	70.9182	70.9864
2110	70.9182	70.9182
2111	70.9182	70.9652
2112	70.9182	70.9182
2113	70.9182	70.9182
2114	70.9182	70.9182
2115	70.9182	70.9182
2116	70.9182	71.053
2117	70.9182	71.0225
2118	70.9182	71.1645
2119	70.9182	71.0974
2120	70.9182	70.9854
2121	70.9182	70.9319
2122	70.9182	71.0593
2123	70.9182	70.96
2124	70.9182	70.9282
2125	70.9182	70.9569
2126	70.9182	70.9182
2127	70.9182	71.0505
2128	70.9182	70.9853
2129	70.9182	71.0729
2130	70.9182	70.97
2131	70.9182	70.9182
2132	70.9182	70.9735
2133	70.9182	70.9724
2134	70.9182	70.9286
2135	70.9182	70.9182
2136	70.9182	70.9182
2137	70.9182	70.9182
2138	70.9182	70.9182
2139	70.9182	70.9203
2140	70.9182	70.9354
2141	70.9182	71.1137
2142	70.9182	71.0577
2143	70.9182	71.0586
2144	70.9182	71.0396
2145	70.9182	71.1099
2146	70.9182	70.9182
2147	70.9182	70.9243
2148	70.9182	71.0102
2149	70.9182	71.0669
2150	70.9182	71.0275
2151	70.9182	70.9333
2152	70.9182	70.996
2153	70.9182	71.0366
2154	70.9182	70.947
2155	70.9182	70.9967
2156	70.9182	70.9296
2157	70.9182	70.9182
2158	70.9182	70.9252
2159	70.9182	70.9733
2160	70.9182	71.011
2161	70.9182	70.9684
2162	70.9182	71.2838
2163	70.9182	70.9691
2164	70.9182	70.9699
2165	70.9182	71.0646
2166	70.9182	71.0609
2167	70.9182	71.3911
2168	70.9182	71.1312
2169	70.9182	70.9611
2170	70.9182	71.1515
2171	70.9182	70.9957
2172	70.9182	71.0927
2173	70.9182	71.0053
2174	70.9182	71.0005
2175	70.9182	71.0013
2176	70.9182	70.999
2177	70.9182	70.947
2178	70.9182	70.9435
2179	70.9182	70.9272
2180	70.9182	71.0021
2181	70.9182	70.967
2182	70.9182	70.9258
2183	70.9182	70.9182
2184	70.9182	71.104
2185	70.9182	71.0427
2186	70.9182	70.919
2187	70.9182	71.1584
2188	70.9182	71.0506
2189	70.9182	71.0943
2190	70.9182	70.9912
2191	70.9182	71.0082
2192	70.9182	70.9182
2193	70.9182	70.9404
2194	70.9182	70.9182
2195	70.9182	70.9359
2196	70.9182	70.9265
2197	70.9182	70.9182
2198	70.9182	70.9231
2199	70.9182	71.0429
2200	70.9182	70.9911
2201	70.9182	71.0983
2202	70.9182	71.2271
2203	70.9182	70.9467
2204	70.9182	70.9666
2205	70.9182	70.9285
2206	70.9182	71.0053
2207	70.9182	70.9952
2208	70.9182	70.9182
2209	70.9182	70.9182
2210	70.9182	70.9336
2211	70.9182	70.9182
2212	70.9182	70.9182
2213	70.9182	70.9292
2214	70.9182	71.1187
2215	70.9182	70.9772
2216	70.9182	71.0978
2217	70.9182	70.9745
2218	70.9182	70.9265
2219	70.9182	70.9214
2220	70.9182	70.9613
2221	70.9182	70.9308
2222	70.9182	70.9277
2223	70.9182	70.9182
2224	70.9182	70.919
2225	70.9182	71.0085
2226	70.9182	70.9287
2227	70.9182	70.9794
2228	70.9182	71.0236
2229	70.9182	70.9335
2230	70.9182	71.0207
2231	70.9182	71.0912
2232	70.9182	70.9468
2233	70.9182	70.9184
2234	70.9182	70.981
2235	70.9182	70.9198
2236	70.9182	70.9218
2237	70.9182	70.9464
2238	70.9182	71.1515
2239	70.9182	70.9657
2240	70.9182	70.9727
2241	70.9182	70.9182
2242	70.9182	70.9182
2243	70.9182	70.9182
2244	70.9182	70.9366
2245	70.9182	71.0781
2246	70.9182	71.167
2247	70.9182	70.9186
2248	70.9182	70.9182
2249	70.9182	70.9182
2250	70.9182	70.9182
2251	70.9182	70.9182
2252	70.9182	70.9323
2253	70.9182	70.9182
2254	70.9182	70.9182
2255	70.9182	70.9542
2256	70.9182	71.1368
2257	70.9182	70.937
2258	70.9182	70.9306
2259	70.9182	70.9472
2260	70.9182	70.9801
2261	70.9182	70.9768
2262	70.9182	71.0221
2263	70.9182	70.9913
2264	70.9182	70.9182
2265	70.9182	70.9182
2266	70.9182	70.9445
2267	70.9182	70.9182
2268	70.9182	70.9504
2269	70.9182	70.9182
2270	70.9182	70.9878
2271	70.9182	70.9648
2272	70.9182	70.9199
2273	70.9182	70.9395
2274	70.9182	71.374
2275	70.9182	71.0735
2276	70.9182	70.9718
2277	70.9182	70.9182
2278	70.9182	70.9182
2279	70.9182	70.9346
2280	70.9182	70.9469
2281	70.9182	70.9182
2282	70.9182	70.9712
2283	70.9182	71.0236
2284	70.9182	71.0432
2285	70.9182	70.9182
2286	70.9182	70.9182
2287	70.9182	70.9753
2288	70.9182	70.9691
2289	70.9182	71.1309
2290	70.9182	71.027
2291	70.9182	71.152
2292	70.9182	71.1164
2293	70.9182	71.1744
2294	70.9182	70.9964
2295	70.9182	71.0663
2296	70.9182	70.9182
2297	70.9182	71.1303
2298	70.9182	71.0019
2299	70.9182	71.0776
2300	70.9182	70.9408
2301	70.9182	70.9628
2302	70.9182	71.0993
2303	70.9182	71.021
2304	70.9182	70.9182
2305	70.9182	70.9212
2306	70.9182	71.0047
2307	70.9182	70.972
2308	70.9182	70.9459
2309	70.9182	70.9649
2310	70.9182	70.9554
2311	70.9182	70.9281
2312	70.9182	70.9258
2313	70.9182	71.0149
2314	70.9182	71.0905
2315	70.9182	71.0488
2316	70.9182	70.9182
2317	70.9182	71.0008
2318	70.9182	71.1638
2319	70.9182	71.2371
2320	70.9182	71.0413
2321	70.9182	70.927
2322	70.9182	70.9896
2323	70.9182	70.9423
2324	70.9182	71.0931
2325	70.9182	71.1651
2326	70.9182	70.9507
2327	70.9182	71.0178
2328	70.9182	70.9206
2329	70.9182	70.9414
2330	70.9182	70.9213
2331	70.9182	70.9182
2332	70.9182	70.9855
2333	70.9182	70.9608
2334	70.9182	70.9182
2335	70.9182	70.9296
2336	70.9182	70.9537
2337	70.9182	71.0166
2338	70.9182	71.2306
2339	70.9182	71.1479
2340	70.9182	70.9339
2341	70.9182	70.9184
2342	70.9182	70.9543
2343	70.9182	70.9411
2344	70.9182	71.1401
2345	70.9182	71.2101
2346	70.9182	71.0963
2347	70.9182	71.114
2348	70.9182	71.0831
2349	70.9182	70.9972
2350	70.9182	70.9654
2351	70.9182	70.9366
2352	70.9182	71.042
2353	70.9182	71.0586
2354	70.9182	71.142
2355	70.9182	71.0342
2356	70.9182	71.045
2357	70.9182	71.2887
2358	70.9182	71.1764
2359	70.9182	71.08
2360	70.9182	71.0485
2361	70.9182	71.0392
2362	70.9182	70.9267
2363	70.9182	71.0601
2364	70.9182	70.9322
2365	70.9182	70.9884
2366	70.9182	70.9182
2367	70.9182	70.9182
2368	70.9182	70.9799
2369	70.9182	70.9575
2370	70.9182	71.1371
2371	70.9182	70.9995
2372	70.9182	71.1088
2373	70.9182	70.9713
2374	70.9182	71.1167
2375	70.9182	71.0008
2376	70.9182	70.9959
2377	70.9182	71.0279
2378	70.9182	70.9436
2379	70.9182	70.9495
2380	70.9182	70.9216
2381	70.9182	70.986
2382	70.9182	70.9182
2383	70.9182	70.9423
2384	70.9182	70.9799
2385	70.9182	70.9739
2386	70.9182	70.9763
2387	70.9182	70.9182
2388	70.9182	70.9195
2389	70.9182	70.9303
2390	70.9182	70.9654
2391	70.9182	71.0539
2392	70.9182	71.063
2393	70.9182	70.9432
2394	70.9182	71.0215
2395	70.9182	70.9261
2396	70.9182	71.0298
2397	70.9182	70.9182
2398	70.9182	70.9182
2399	70.9182	70.9182
2400	70.9182	70.9203
2401	70.9182	70.9182
2402	70.9182	70.9413
2403	70.9182	71.0064
2404	70.9182	71.0479
2405	70.9182	70.983
2406	70.9182	70.9915
2407	70.9182	70.9182
2408	70.9182	70.9924
2409	70.9182	70.9182
2410	70.9182	70.9182
2411	70.9182	70.9182
2412	70.9182	70.9182
2413	70.9182	71.0944
2414	70.9182	71.179
2415	70.9182	71.0785
2416	70.9182	71.0775
2417	70.9182	70.9846
2418	70.9182	70.9354
2419	70.9182	70.9551
2420	70.9182	70.9182
2421	70.9182	70.9207
2422	70.9182	71.0737
2423	70.9182	71.105
2424	70.9182	70.937
2425	70.9182	70.9259
2426	70.9182	70.9182
2427	70.9182	70.9448
2428	70.9182	70.9182
2429	70.9182	70.9182
2430	70.9182	70.9182
2431	70.9182	70.9182
2432	70.9182	70.9182
2433	70.9182	70.9688
2434	70.9182	70.9182
2435	70.9182	70.9628
2436	70.9182	71.0429
2437	70.9182	70.9943
2438	70.9182	70.9182
2439	70.9182	70.9478
2440	70.8949	70.9358
2441	70.8949	70.933
2442	70.8949	71.1132
2443	70.8949	70.9875
2444	70.8949	70.9192
2445	70.8949	70.8949
2446	70.8949	70.9781
2447	70.8949	70.9755
2448	70.8949	70.9931
2449	70.8949	70.9291
2450	70.8949	70.9875
2451	70.8949	70.9065
2452	70.8949	70.9104
2453	70.8949	70.8949
2454	70.8949	70.8949
2455	70.8949	70.8949
2456	70.8949	70.9674
2457	70.8949	70.914
2458	70.8949	70.9155
2459	70.8949	70.8972
2460	70.8949	70.901
2461	70.8949	71.0857
2462	70.8949	71.1471
2463	70.8949	71.0103
2464	70.8949	70.8949
2465	70.8949	71.108
2466	70.8949	70.9811
2467	70.8949	70.9769
2468	70.8949	70.9112
2469	70.8949	70.9462
2470	70.8226	71.0267
2471	70.8226	71.0438
2472	70.8226	70.9819
2473	70.8226	70.8713
2474	70.8226	70.8409
2475	70.8125	70.8732
2476	70.8125	70.8726
2477	70.8125	70.8297
2478	70.8125	70.9593
2479	70.8125	70.8593
2480	70.8125	70.8126
2481	70.8125	70.82
2482	70.8125	70.8956
2483	70.8125	71.2725
2484	70.8125	71.347
2485	70.8125	71.1257
2486	70.8125	70.8929
2487	70.8125	70.8125
2488	70.8125	70.8125
2489	70.8125	70.8241
2490	70.8125	70.9197
2491	70.8125	70.9065
2492	70.8125	70.8125
2493	70.8125	70.9298
2494	70.8125	70.8125
2495	70.8125	70.8155
2496	70.8125	70.8261
2497	70.8125	70.8125
2498	70.8125	70.8703
2499	70.8125	70.8186
2500	70.8125	70.8158
2501	70.8125	70.8132
2502	70.8125	70.8504
2503	70.8125	70.8373
2504	70.8125	70.8645
2505	70.8125	71.1501
2506	70.8125	70.9802
2507	70.8125	70.8125
2508	70.8125	70.8323
2509	70.8125	70.922
2510	70.8125	70.8739
2511	70.8125	70.8125
2512	70.8125	70.8376
2513	70.8125	70.8419
2514	70.8125	70.8837
2515	70.8125	70.9782
2516	70.8125	70.8248
2517	70.8125	70.8491
2518	70.8125	70.8125
2519	70.8125	70.8125
2520	70.8125	70.8125
2521	70.8125	70.8125
2522	70.8125	70.8203
2523	70.8125	70.825
2524	70.8125	70.8318
2525	70.8125	70.8125
2526	70.8125	70.8588
2527	70.8125	71.0921
2528	70.8125	70.8227
2529	70.8125	70.8125
2530	70.8125	70.8336
2531	70.8125	70.8545
2532	70.8125	70.853
2533	70.8125	70.8271
2534	70.8125	70.8125
2535	70.8125	70.8558
2536	70.8125	70.8125
2537	70.8125	70.8133
2538	70.8125	70.8393
2539	70.8125	70.8125
2540	70.8125	70.8125
2541	70.8125	70.8134
2542	70.8125	70.8378
2543	70.8125	70.8527
2544	70.8125	70.8938
2545	70.8125	70.8687
2546	70.8125	70.9095
2547	70.8125	70.8193
2548	70.8125	70.818
2549	70.8125	70.8362
2550	70.8125	70.851
2551	70.8125	70.9076
2552	70.8125	70.9526
2553	70.8125	70.8125
2554	70.8125	70.8125
2555	70.8125	70.8148
2556	70.8125	70.8358
2557	70.8125	70.8729
2558	70.8125	70.8341
2559	70.8125	70.9825
2560	70.8125	70.9674
2561	70.8125	71.0151
2562	70.8125	70.8969
2563	70.8125	71.0662
2564	70.8125	70.9737
2565	70.8125	70.9751
2566	70.8125	70.8255
2567	70.8125	70.8316
2568	70.8125	70.8125
2569	70.8125	70.8138
2570	70.8125	70.8125
2571	70.8125	70.9527
2572	70.8125	71.0054
2573	70.8125	71.0199
2574	70.8125	70.8329
2575	70.8125	70.8336
2576	70.8125	70.8125
2577	70.8125	70.8125
2578	70.8125	70.8252
2579	70.8125	70.8662
2580	70.8125	70.836
2581	70.8125	70.8312
2582	70.8125	70.8427
2583	70.8125	70.8241
2584	70.8125	70.889
2585	70.8125	70.8125
2586	70.8125	70.8125
2587	70.8125	70.8125
2588	70.8125	70.8211
2589	70.8125	70.9634
2590	70.8125	71.2023
2591	70.8125	70.8592
2592	70.8125	70.8125
2593	70.8125	70.8292
2594	70.8125	70.8125
2595	70.8125	70.8125
2596	70.8125	70.8217
2597	70.8125	70.8996
2598	70.8125	71.0625
2599	70.8125	70.9806
2600	70.8125	70.8767
2601	70.8125	71.0185
2602	70.8125	71.1321
2603	70.8125	71.2607
2604	70.8125	71.1492
2605	70.8125	70.9851
2606	70.8125	70.897
2607	70.8125	70.8125
2608	70.8125	70.8125
2609	70.8125	70.8125
2610	70.8125	70.8321
2611	70.8125	70.8172
2612	70.8125	70.8125
2613	70.8125	70.8125
2614	70.8125	70.8615
2615	70.8125	70.8125
2616	70.8125	70.8125
2617	70.8125	70.8125
2618	70.8125	70.8125
2619	70.8125	70.8174
2620	70.8125	71.0036
2621	70.8125	70.8567
2622	70.8125	70.8479
2623	70.8125	71.2983
2624	70.8125	71.0113
2625	70.8125	70.858
2626	70.8125	70.8526
2627	70.8125	70.8515
2628	70.8125	70.83
2629	70.8125	70.8379
2630	70.8125	70.8872
2631	70.8125	70.8405
2632	70.8125	70.9656
2633	70.8125	70.8605
2634	70.8125	70.8139
2635	70.8125	70.9365
2636	70.8125	71.0011
2637	70.8125	70.8125
2638	70.8125	70.8125
2639	70.8125	70.9145
2640	70.8125	70.8472
2641	70.8125	70.8126
2642	70.8125	70.8229
2643	70.8125	71.0398
2644	70.8125	71.0353
2645	70.8125	70.9681
2646	70.8125	71.1043
2647	70.8125	70.9818
2648	70.8125	70.8125
2649	70.8125	70.8125
2650	70.8125	70.8125
2651	70.8125	70.8125
2652	70.8125	70.8125
2653	70.8125	70.8125
2654	70.8125	70.8496
2655	70.8125	70.8125
2656	70.8125	70.8163
2657	70.8125	70.8542
2658	70.8125	70.8126
2659	70.8125	70.816
2660	70.8125	70.9811
2661	70.8125	71.0165
2662	70.8125	70.9304
2663	70.8125	70.8509
2664	70.8125	70.9142
2665	70.8125	70.9187
2666	70.8125	70.9299
2667	70.8125	70.8399
2668	70.8125	70.826
2669	70.8125	70.8292
2670	70.8125	70.863
2671	70.8125	70.8125
2672	70.8125	70.8125
2673	70.8125	70.822
2674	70.8125	70.8348
2675	70.8125	70.839
2676	70.8125	70.8128
2677	70.8125	70.8125
2678	70.8125	70.8125
2679	70.8125	70.8132
2680	70.8125	70.8125
2681	70.8125	70.8125
2682	70.8125	70.8125
2683	70.8125	70.8125
2684	70.8125	70.9172
2685	70.8125	70.8822
2686	70.8125	70.815
2687	70.8125	70.8125
2688	70.8125	70.8125
2689	70.8125	70.8612
2690	70.8125	70.8521
2691	70.8125	70.8999
2692	70.8125	70.8772
2693	70.8125	70.9428
2694	70.8125	71.1064
2695	70.8125	70.8129
2696	70.8125	70.8248
2697	70.8125	70.9184
2698	70.8125	70.9537
2699	70.8125	70.9192
2700	70.8125	70.8125
2701	70.8125	70.8125
2702	70.8125	70.8486
2703	70.8125	70.8764
2704	70.8125	70.8307
2705	70.8125	70.8762
2706	70.8125	70.8323
2707	70.8125	70.8332
2708	70.8125	70.8125
2709	70.8125	70.9493
2710	70.8125	70.8301
2711	70.8125	70.8748
2712	70.8125	70.8227
2713	70.8125	70.93
2714	70.8125	70.8853
2715	70.8125	70.8221
2716	70.8125	70.8152
2717	70.8125	70.8271
2718	70.8125	70.8125
2719	70.8125	70.8125
2720	70.8125	70.8125
2721	70.8125	70.8125
2722	70.8125	70.8125
2723	70.8125	70.8209
2724	70.8125	70.8125
2725	70.8125	70.8403
2726	70.8125	70.9128
2727	70.8125	71.0835
2728	70.8125	70.904
2729	70.8125	70.9107
2730	70.8125	70.816
2731	70.8125	70.8125
2732	70.8125	70.8207
2733	70.8125	70.8125
2734	70.8125	70.8125
2735	70.8125	70.8265
2736	70.8125	70.8219
2737	70.8125	70.8778
2738	70.8125	70.9218
2739	70.8125	70.8609
2740	70.8125	70.8136
2741	70.8125	70.8125
2742	70.8125	70.8125
2743	70.8125	70.9038
2744	70.8125	70.8125
2745	70.8125	70.8399
2746	70.8125	70.8264
2747	70.8125	70.8125
2748	70.8125	70.8435
2749	70.8125	70.8624
2750	70.8125	70.8125
2751	70.8125	70.9399
2752	70.8125	71.027
2753	70.8125	70.9069
2754	70.8125	70.8632
2755	70.8125	70.9644
2756	70.8125	70.8294
2757	70.8125	70.9225
2758	70.8125	70.8125
2759	70.8125	70.8125
2760	70.8125	70.8125
2761	70.8125	70.8494
2762	70.8125	70.9558
2763	70.8125	71.0603
2764	70.8125	70.8125
2765	70.8125	70.8125
2766	70.8125	70.8125
2767	70.8125	70.8125
2768	70.8125	71.0105
2769	70.8125	70.8676
2770	70.8125	70.9257
2771	70.8125	70.8902
2772	70.8125	70.9039
2773	70.8125	71.2213
2774	70.8125	70.8542
2775	70.8125	70.8336
2776	70.8125	70.8619
2777	70.8125	70.823
2778	70.8125	70.8884
2779	70.8125	70.8881
2780	70.8125	70.8125
2781	70.8125	70.8703
2782	70.8125	70.8148
2783	70.8125	70.8125
2784	70.8125	70.8426
2785	70.8125	70.8494
2786	70.8125	70.9374
2787	70.8125	70.8202
2788	70.8125	70.826
2789	70.8125	70.8125
2790	70.8125	70.8158
2791	70.8125	70.8448
2792	70.8125	70.8125
2793	70.8125	70.9585
2794	70.8125	70.817
2795	70.8125	70.9862
2796	70.8125	70.8408
2797	70.8125	70.8426
2798	70.8125	70.8389
2799	70.8125	70.8125
2800	70.8125	70.8125
2801	70.8125	70.8561
2802	70.8125	70.815
2803	70.8125	70.8213
2804	70.8125	70.926
2805	70.8125	70.9531
2806	70.8125	71.0475
2807	70.8125	71.0627
2808	70.8125	71.0023
2809	70.8125	70.9204
2810	70.8125	70.8125
2811	70.8125	70.8226
2812	70.8125	70.8125
2813	70.8125	70.8125
2814	70.8125	70.8149
2815	70.8125	71.1237
2816	70.8125	70.8168
2817	70.8125	70.8263
2818	70.8125	71.0994
2819	70.8125	70.9096
2820	70.8125	70.8459
2821	70.8125	70.841
2822	70.8125	70.9509
2823	70.8125	71.0724
2824	70.8125	70.8125
2825	70.8125	70.8125
2826	70.8125	70.8125
2827	70.8125	70.8125
2828	70.8125	70.8596
2829	70.8125	70.9511
2830	70.8125	70.9001
2831	70.8125	70.8228
2832	70.8125	71.1265
2833	70.8125	70.9275
2834	70.8125	70.8612
2835	70.8125	70.9598
2836	70.8125	70.8125
2837	70.8125	70.8125
2838	70.8125	70.8898
2839	70.8125	70.9064
2840	70.8125	70.997
2841	70.8125	70.9261
2842	70.8125	70.814
2843	70.8125	70.8125
2844	70.8125	70.8579
2845	70.8125	70.9823
2846	70.8125	70.9212
2847	70.8125	71.1168
2848	70.8125	70.8903
2849	70.8125	70.8125
2850	70.8125	70.8125
2851	70.8125	70.8141
2852	70.8125	70.8159
2853	70.8125	70.8125
2854	70.8125	70.9418
2855	70.8125	70.8125
2856	70.8125	70.8125
2857	70.8125	70.8125
2858	70.8125	70.8131
2859	70.8125	70.8125
2860	70.8125	70.8125
2861	70.8125	70.8328
2862	70.8125	70.8915
2863	70.8125	70.8211
2864	70.8125	70.8242
2865	70.8125	70.9399
2866	70.8125	70.8125
2867	70.8125	70.8242
2868	70.8125	70.8222
2869	70.8125	70.8125
2870	70.8125	70.864
2871	70.8125	71.2588
2872	70.8125	70.8458
2873	70.8125	70.8866
2874	70.8125	70.8125
2875	70.8125	70.8125
2876	70.8125	70.8125
2877	70.8125	70.8125
2878	70.8125	70.8826
2879	70.8125	70.8866
2880	70.8125	70.9005
2881	70.8125	70.8125
2882	70.8125	70.8125
2883	70.8125	70.8507
2884	70.8125	70.8576
2885	70.8125	71.0018
2886	70.8125	70.8247
2887	70.8125	70.8125
2888	70.8125	70.9289
2889	70.8125	70.8798
2890	70.8125	70.9267
2891	70.8125	70.8972
2892	70.8125	70.8243
2893	70.8125	71.0044
2894	70.8125	70.9621
2895	70.8125	70.8771
2896	70.8125	70.8125
2897	70.8125	70.8125
2898	70.8125	70.8429
2899	70.8125	70.8125
2900	70.8125	70.8125
2901	70.8125	70.8125
2902	70.8125	70.8125
2903	70.8125	70.8125
2904	70.8125	70.8425
2905	70.8125	70.9022
2906	70.8125	70.8125
2907	70.8125	70.8955
2908	70.8125	70.8151
2909	70.8125	70.8125
2910	70.8125	70.8179
2911	70.8125	70.881
2912	70.8125	70.9048
2913	70.8125	70.8147
2914	70.8125	70.8381
2915	70.8125	70.8554
2916	70.8125	70.8125
2917	70.8125	70.8282
2918	70.8125	70.8125
2919	70.8125	70.8393
2920	70.8125	70.8343
2921	70.8125	70.949
2922	70.8125	70.9018
2923	70.8125	70.911
2924	70.8125	70.8991
2925	70.8125	70.952
2926	70.8125	70.9599
2927	70.8125	70.8325
2928	70.8125	70.9027
2929	70.8125	70.8125
2930	70.8125	70.8125
2931	70.8125	70.8717
2932	70.8125	70.8568
2933	70.8125	70.9586
2934	70.8125	71.0076
2935	70.8125	70.8125
2936	70.8125	70.8125
2937	70.8125	70.8138
2938	70.8125	70.8125
2939	70.8125	70.8433
2940	70.8125	70.9267
2941	70.8125	70.8851
2942	70.8125	71.1089
2943	70.8125	70.8463
2944	70.8125	70.8125
2945	70.8125	70.8168
2946	70.8125	70.8125
2947	70.8125	70.8125
2948	70.8125	70.9283
2949	70.8125	70.8165
2950	70.8125	70.8651
2951	70.8125	70.8313
2952	70.8125	70.8713
2953	70.8125	70.9394
2954	70.8125	71.1553
2955	70.8125	71.3781
2956	70.8125	70.9046
2957	70.8125	70.8354
2958	70.8125	70.8125
2959	70.8125	70.8125
2960	70.8125	70.8125
2961	70.8125	70.8785
2962	70.8125	70.9628
2963	70.8125	70.8912
2964	70.8125	71.1242
2965	70.8125	70.8125
2966	70.8125	70.8125
2967	70.8125	70.8125
2968	70.8125	70.8125
2969	70.8125	70.8125
2970	70.8125	70.8125
2971	70.8125	70.8125
2972	70.8125	70.8125
2973	70.8125	70.8526
2974	70.8125	70.9103
2975	70.8125	70.8272
2976	70.8125	70.8216
2977	70.8125	70.8755
2978	70.8125	70.9487
2979	70.8125	70.8437
2980	70.8125	70.8331
2981	70.8125	70.8498
2982	70.8125	71.0586
2983	70.8125	70.9094
2984	70.8125	70.8296
2985	70.8125	70.9189
2986	70.8125	70.8361
2987	70.8125	70.829
2988	70.8125	70.8289
2989	70.8125	70.9271
2990	70.8125	70.8125
2991	70.8125	70.8125
2992	70.8125	70.8233
2993	70.8125	70.8268
2994	70.8125	70.8125
2995	70.8125	70.8234
2996	70.8125	70.8427
2997	70.8125	71.1501
2998	70.8125	70.899
2999	70.8125	70.8203
3000	70.8125	70.8319
3001	70.8125	70.8125
3002	70.8125	70.8125
3003	70.8125	70.8125
3004	70.8125	70.8429
3005	70.8125	70.8207
3006	70.8125	70.8129
3007	70.8125	70.9295
3008	70.8125	70.9798
3009	70.8125	70.9151
3010	70.8125	70.8125
3011	70.8125	70.8325
3012	70.8125	70.8529
3013	70.8125	70.8455
3014	70.8125	70.8569
3015	70.8125	70.8159
3016	70.8125	70.8452
3017	70.8125	70.8342
3018	70.8125	70.8125
3019	70.8125	70.8598
3020	70.8125	70.8402
3021	70.8125	70.9121
3022	70.8125	70.8355
3023	70.8125	70.885
3024	70.8125	70.8125
3025	70.8125	70.8125
3026	70.8125	70.8945
3027	70.8125	70.9493
3028	70.8125	70.8924
3029	70.8125	70.8413
3030	70.8125	70.8775
3031	70.8125	70.9345
3032	70.8125	70.9013
3033	70.8125	70.867
3034	70.8125	70.8294
3035	70.8125	70.8152
3036	70.8125	70.8672
3037	70.8125	70.9241
3038	70.8125	70.8296
3039	70.8125	70.9369
3040	70.8125	70.8345
3041	70.8125	70.851
3042	70.8125	70.838
3043	70.8125	70.8652
3044	70.8125	70.9108
3045	70.8125	70.8178
3046	70.8125	70.8359
3047	70.8125	70.8674
3048	70.8125	70.8985
3049	70.8125	70.9204
3050	70.8125	70.9188
3051	70.8125	70.8783
3052	70.8125	70.839
3053	70.8125	70.8125
3054	70.8125	70.8732
3055	70.8125	70.8659
3056	70.8125	70.8953
3057	70.8125	71.1375
3058	70.8125	71.1067
3059	70.8125	71.0849
3060	70.8125	71.2115
3061	70.8125	71.0988
3062	70.8125	70.8188
3063	70.8125	70.8125
3064	70.8125	70.8125
3065	70.8125	70.9238
3066	70.8125	71.0371
3067	70.8125	70.8125
3068	70.8125	70.8125
3069	70.8125	70.8125
3070	70.8125	70.9077
3071	70.8125	71.027
3072	70.8125	70.8201
3073	70.8125	70.8213
3074	70.8125	70.8497
3075	70.8125	70.8125
3076	70.8125	70.8152
3077	70.8125	70.8125
3078	70.8125	70.8125
3079	70.8125	70.8284
3080	70.8125	70.8125
3081	70.8125	70.9627
3082	70.8125	70.9667
3083	70.8125	70.8125
3084	70.8125	70.8384
3085	70.8125	70.8165
3086	70.8125	71.018
3087	70.8125	70.9427
3088	70.8125	70.8835
3089	70.8125	70.8267
3090	70.8125	70.9068
3091	70.8125	70.8823
3092	70.8125	70.8679
3093	70.8125	70.9077
3094	70.8125	70.897
3095	70.8125	70.8836
3096	70.8125	70.8946
3097	70.8125	70.816
3098	70.8125	70.885
3099	70.8125	71.145
3100	70.8125	70.8233
3101	70.8125	70.8125
3102	70.8125	70.8125
3103	70.8125	70.8125
3104	70.8125	70.8634
3105	70.8125	70.8391
3106	70.8125	70.8731
3107	70.8125	70.8647
3108	70.8125	70.8462
3109	70.8125	70.8125
3110	70.8125	70.8125
3111	70.8125	70.8125
3112	70.8125	70.8125
3113	70.8125	70.8454
3114	70.8125	70.8139
3115	70.8125	70.9419
3116	70.8125	70.8295
3117	70.8125	70.9828
3118	70.8125	70.9197
3119	70.8125	71.0049
3120	70.8125	71.0733
3121	70.8125	70.9046
3122	70.8125	70.8776
3123	70.8125	70.8318
3124	70.8125	70.8886
3125	70.8125	70.9358
3126	70.8125	70.85
3127	70.8125	70.8276
3128	70.8125	70.8234
3129	70.8125	70.8744
3130	70.8125	70.9632
3131	70.8125	71.0747
3132	70.8125	70.8125
3133	70.8125	70.8125
3134	70.8125	70.8687
3135	70.8125	70.9406
3136	70.8125	70.8125
3137	70.8125	70.821
3138	70.8125	70.8146
3139	70.8125	70.8125
3140	70.8125	70.8563
3141	70.8125	70.8564
3142	70.8125	70.8411
3143	70.8125	70.8272
3144	70.8125	70.814
3145	70.8125	70.8125
3146	70.8125	70.8487
3147	70.8125	70.8638
3148	70.8125	70.8125
3149	70.8125	70.9031
3150	70.8125	70.8348
3151	70.8125	70.8125
3152	70.8125	70.8229
3153	70.8125	70.8125
3154	70.8125	70.8125
3155	70.8125	70.8125
3156	70.8125	70.8512
3157	70.8125	70.8395
3158	70.8125	70.8666
3159	70.8125	70.816
3160	70.8125	70.8125
3161	70.8125	70.814
3162	70.8125	70.8125
3163	70.8125	70.8822
3164	70.8125	70.9319
3165	70.8125	70.8125
3166	70.8125	70.8125
3167	70.8125	70.8239
3168	70.8125	70.8541
3169	70.8125	70.8525
3170	70.8125	70.8551
3171	70.8125	70.9965
3172	70.8125	70.9103
3173	70.8125	70.8318
3174	70.8125	70.8654
3175	70.8125	71.0245
3176	70.8125	70.9979
3177	70.8125	71.0577
3178	70.8125	71.3211
3179	70.8125	70.9286
3180	70.8125	70.86
3181	70.8125	70.8259
3182	70.8125	70.8621
3183	70.8125	70.8142
3184	70.8125	70.9834
3185	70.8125	70.8784
3186	70.8125	70.8425
3187	70.8125	70.8125
3188	70.8125	70.8125
3189	70.8125	70.8972
3190	70.8125	70.8761
3191	70.8125	71.0081
3192	70.8125	70.8173
3193	70.8125	70.8125
3194	70.8125	70.8246
3195	70.8125	70.8125
3196	70.8125	70.8125
3197	70.8125	70.8125
3198	70.8125	70.8125
3199	70.8125	70.8125
3200	70.8125	70.8763
3201	70.8125	70.8899
3202	70.8125	70.9104
3203	70.8125	70.8326
3204	70.8125	71.0314
3205	70.8125	71.0117
3206	70.8125	70.9288
3207	70.8125	70.8741
3208	70.8125	71.044
3209	70.8125	70.897
3210	70.8125	70.9307
3211	70.8125	70.8193
3212	70.8125	70.9807
3213	70.8125	70.8528
3214	70.8125	70.8687
3215	70.8125	70.8812
3216	70.8125	70.8157
3217	70.8125	70.8708
3218	70.8125	70.8125
3219	70.8125	70.8149
3220	70.8125	70.9743
3221	70.8125	70.8221
3222	70.8125	70.8217
3223	70.8125	70.9482
3224	70.8125	71.0333
3225	70.8125	70.9956
3226	70.8125	70.8552
3227	70.8125	70.8322
3228	70.8125	70.9511
3229	70.8125	71.126
3230	70.8125	71.0995
3231	70.8125	70.893
3232	70.8125	70.9601
3233	70.8125	70.94
3234	70.8125	70.8347
3235	70.8125	70.865
3236	70.8125	70.8158
3237	70.8125	70.8149
3238	70.8125	70.926
3239	70.8125	70.848
3240	70.8125	71.0106
3241	70.8125	70.9266
3242	70.8125	70.9898
3243	70.8125	70.8125
3244	70.8125	70.8125
3245	70.8125	70.8371
3246	70.8125	70.8546
3247	70.8125	70.8243
3248	70.8125	70.8125
3249	70.8125	70.9894
3250	70.8125	70.8791
3251	70.8125	70.8125
3252	70.8125	70.8125
3253	70.8125	70.8125
3254	70.8125	70.8125
3255	70.8125	70.8125
3256	70.8125	70.8125
3257	70.8125	70.8257
3258	70.8125	70.8829
3259	70.8125	70.9268
3260	70.8125	71.1155
3261	70.8125	70.9811
3262	70.8125	70.8511
3263	70.8125	70.8668
3264	70.8125	70.8827
3265	70.8125	70.8215
3266	70.8125	71.0351
3267	70.8125	71.058
3268	70.8125	70.8635
3269	70.8125	70.8368
3270	70.8125	70.8125
3271	70.8125	70.8125
3272	70.8125	70.8125
3273	70.8125	70.8125
3274	70.8125	70.8492
3275	70.8125	70.8996
3276	70.8125	70.8182
3277	70.8125	70.864
3278	70.8125	70.8373
3279	70.8125	70.9706
3280	70.8125	70.9126
3281	70.8125	70.9187
3282	70.8125	71.0181
3283	70.8125	71.0134
3284	70.8125	70.898
3285	70.8125	71.0127
3286	70.8125	70.9157
3287	70.8125	70.9022
3288	70.8125	71.1829
3289	70.8125	70.899
3290	70.8125	70.832
3291	70.8125	70.829
3292	70.8125	70.8705
3293	70.8125	71.0628
3294	70.8125	70.9789
3295	70.8125	70.9123
3296	70.8125	70.8323
3297	70.8125	71.0413
3298	70.8125	70.8621
3299	70.8125	70.8125
3300	70.8125	70.8141
3301	70.8125	70.8125
3302	70.8125	70.8425
3303	70.8125	70.8125
3304	70.8125	70.8125
3305	70.8125	70.8125
3306	70.8125	70.88
3307	70.8125	70.8714
3308	70.8125	70.8418
3309	70.8125	70.8807
3310	70.8125	70.8125
3311	70.8125	70.8125
3312	70.8125	70.8398
3313	70.8125	70.8125
3314	70.8125	70.9408
3315	70.8125	70.9862
3316	70.8125	71.0227
3317	70.8125	70.9444
3318	70.8125	70.9004
3319	70.8125	70.858
3320	70.8125	70.8125
3321	70.8125	70.8581
3322	70.8125	70.87
3323	70.8125	70.8817
3324	70.8125	70.8125
3325	70.8125	70.8125
3326	70.8125	70.8125
3327	70.8125	70.8495
3328	70.8125	70.8309
3329	70.8125	70.8125
3330	70.8125	70.8125
3331	70.8125	70.8125
3332	70.8125	70.8125
3333	70.8125	70.8125
3334	70.8125	70.8125
3335	70.8125	70.821
3336	70.8125	70.8168
3337	70.8125	70.9291
3338	70.8125	71.2487
3339	70.8125	70.8543
3340	70.8125	70.8795
3341	70.8125	70.8125
3342	70.8125	70.8125
3343	70.8125	70.816
3344	70.8125	70.9687
3345	70.8125	70.8822
3346	70.8125	70.8777
3347	70.8125	70.8457
3348	70.8125	70.8617
3349	70.8125	70.899
3350	70.8125	70.8125
3351	70.8125	70.8125
3352	70.8125	70.8125
3353	70.8125	70.8298
3354	70.8125	70.8593
3355	70.8125	70.9846
3356	70.8125	70.9856
3357	70.8125	70.8162
3358	70.8125	70.8376
3359	70.8125	71.0511
3360	70.8125	70.9903
3361	70.8125	70.9546
3362	70.8125	70.8673
3363	70.8125	70.8125
3364	70.8125	70.976
3365	70.8125	70.942
3366	70.8125	70.8289
3367	70.8125	70.9548
3368	70.8125	70.8774
3369	70.8125	71.0823
3370	70.8125	71.1209
3371	70.8125	71.1782
3372	70.8125	71.001
3373	70.8125	70.9031
3374	70.8125	71.0123
3375	70.8125	70.8275
3376	70.8125	70.9924
3377	70.8125	70.9842
3378	70.8125	70.8136
3379	70.8125	70.8781
3380	70.8125	70.816
3381	70.8125	71.2427
3382	70.8125	70.972
3383	70.8125	71.018
3384	70.8125	70.9181
3385	70.8125	70.9278
3386	70.8125	70.8398
3387	70.8125	70.9287
3388	70.8125	70.9341
3389	70.8125	70.9065
3390	70.8125	70.8801
3391	70.8125	71.0421
3392	70.8125	70.8125
3393	70.8125	70.8879
3394	70.8125	70.9889
3395	70.8125	70.8856
3396	70.8125	70.8206
3397	70.8125	71.0025
3398	70.8125	70.8257
3399	70.8125	70.8438
3400	70.8125	70.8125
3401	70.8125	70.8648
3402	70.8125	70.9034
3403	70.8125	70.8676
3404	70.8125	70.865
3405	70.8125	70.838
3406	70.8125	70.8235
3407	70.8125	70.9217
3408	70.8125	70.853
3409	70.8125	70.8349
3410	70.8125	70.8195
3411	70.8125	70.8125
3412	70.8125	70.8125
3413	70.8125	70.8125
3414	70.8125	70.8204
3415	70.8125	70.8382
3416	70.8125	70.8194
3417	70.8125	70.8125
3418	70.8125	70.8125
3419	70.8125	70.8125
3420	70.8125	70.8125
3421	70.8125	70.8125
3422	70.8125	70.8125
3423	70.8125	70.8701
3424	70.8125	70.8588
3425	70.8125	70.886
3426	70.8125	70.8125
3427	70.8125	70.8125
3428	70.8125	70.8125
3429	70.8125	70.8533
3430	70.8125	70.952
3431	70.8125	70.8984
3432	70.8125	70.8354
3433	70.8125	70.8817
3434	70.8125	70.8456
3435	70.8125	70.857
3436	70.8125	70.8125
3437	70.8125	70.8175
3438	70.8125	70.8145
3439	70.8125	70.8675
3440	70.8125	70.8188
3441	70.8125	70.8991
3442	70.8125	71.0496
3443	70.8125	70.8125
3444	70.8125	70.851
3445	70.8125	70.8985
3446	70.8125	70.8305
3447	70.8125	70.9585
3448	70.8125	70.9724
3449	70.8125	70.8498
3450	70.8125	70.8125
3451	70.8125	70.8125
3452	70.8125	70.8125
3453	70.8125	70.881
3454	70.8125	70.867
3455	70.8125	70.8461
3456	70.8125	70.8125
3457	70.8125	70.876
3458	70.8125	70.8477
3459	70.8125	70.9105
3460	70.8125	70.8164
3461	70.8125	70.8125
3462	70.8125	70.8125
3463	70.8125	70.8456
3464	70.8125	70.8318
3465	70.8125	70.8842
3466	70.8125	71.0022
3467	70.8125	70.8125
3468	70.8125	70.9946
3469	70.8125	70.8814
3470	70.8125	70.9393
3471	70.8125	70.8453
3472	70.8125	71.0465
3473	70.8125	71.2107
3474	70.8125	71.1209
3475	70.8125	71.1187
3476	70.8125	70.8445
3477	70.8125	70.8724
3478	70.8125	70.8942
3479	70.8125	70.8845
3480	70.8125	70.8343
3481	70.8125	70.8221
3482	70.8125	70.8219
3483	70.8125	71.1288
3484	70.8125	71.1261
3485	70.8125	71.0238
3486	70.8125	70.9038
3487	70.8125	71.1265
3488	70.8125	70.9568
3489	70.8125	70.8185
3490	70.8125	70.8203
3491	70.8125	70.9693
3492	70.8125	71.014
3493	70.8125	70.8539
3494	70.8125	70.835
3495	70.8125	70.9003
3496	70.8125	70.93
3497	70.8125	70.93
3498	70.8125	70.8672
3499	70.8125	70.8489
3500	70.8125	70.9506
3501	70.8125	70.88
3502	70.8125	70.8143
3503	70.8125	70.8125
3504	70.8125	70.8125
3505	70.8125	70.8299
3506	70.8125	70.8125
3507	70.8125	70.8125
3508	70.8125	70.8125
3509	70.8125	70.9833
3510	70.8125	70.899
3511	70.8125	70.9303
3512	70.8125	70.8563
3513	70.8125	70.8202
3514	70.8125	70.8125
3515	70.8125	70.9033
3516	70.8125	70.8125
3517	70.8125	70.8226
3518	70.8125	70.8227
3519	70.8125	71.13
3520	70.8125	70.8435
3521	70.8125	71.0256
3522	70.8125	71.0413
3523	70.8125	71.1028
3524	70.8125	70.8433
3525	70.8125	70.8596
3526	70.8125	70.8661
3527	70.8125	70.8357
3528	70.8125	70.911
3529	70.8125	70.8285
3530	70.8125	70.9058
3531	70.8125	70.8964
3532	70.8125	70.8629
3533	70.8125	70.8308
3534	70.8125	70.8492
3535	70.8125	70.868
3536	70.8125	70.8125
3537	70.8125	70.8125
3538	70.8125	70.8125
3539	70.8125	70.8125
3540	70.8125	70.8252
3541	70.8125	70.8489
3542	70.8125	70.8269
3543	70.8125	70.8521
3544	70.8125	70.8241
3545	70.8125	70.8619
3546	70.8125	70.8125
3547	70.8125	70.9019
3548	70.8125	70.8799
3549	70.8125	70.9809
3550	70.8125	70.8568
3551	70.8125	70.8357
3552	70.8125	70.8125
3553	70.8125	70.8125
3554	70.8125	70.8145
3555	70.8125	70.8503
3556	70.8125	70.8571
3557	70.8125	70.8553
3558	70.8125	70.8229
3559	70.8125	70.8273
3560	70.8125	70.8125
3561	70.8125	70.8125
3562	70.8125	70.85
3563	70.8125	70.9188
3564	70.8125	71.1027
3565	70.8125	70.9464
3566	70.8125	70.8517
3567	70.8125	70.8387
3568	70.8125	71.0594
3569	70.8125	70.8387
3570	70.8125	70.8125
3571	70.8125	70.8864
3572	70.8125	70.8755
3573	70.8125	70.8676
3574	70.8125	70.9685
3575	70.8125	71.0548
3576	70.8125	70.9597
3577	70.8125	70.8173
3578	70.8125	70.8125
3579	70.8125	70.8125
3580	70.8125	70.8672
3581	70.8125	70.9099
3582	70.8125	70.8739
3583	70.8125	70.8619
3584	70.8125	70.9225
3585	70.8125	70.8234
3586	70.8125	70.8604
3587	70.8125	70.8125
3588	70.8125	70.8236
3589	70.8125	70.8125
3590	70.8125	70.8137
3591	70.8125	70.8156
3592	70.8125	70.8457
3593	70.8125	71.0338
3594	70.8125	71.4325
3595	70.8125	71.1192
3596	70.8125	70.8827
3597	70.8125	70.8668
3598	70.8125	70.8248
3599	70.8125	70.9368
3600	70.8125	70.9437
3601	70.8125	70.91
3602	70.8125	70.8817
3603	70.8125	70.8779
3604	70.8125	70.8448
3605	70.8125	70.8564
3606	70.8125	70.8125
3607	70.8125	70.8556
3608	70.8125	70.8474
3609	70.8125	70.8854
3610	70.8125	70.971
3611	70.8125	70.817
3612	70.8125	70.9007
3613	70.8125	70.8834
3614	70.8125	70.8125
3615	70.8125	71.0005
3616	70.8125	70.8326
3617	70.8125	70.8767
3618	70.8125	70.8473
3619	70.8125	70.8299
3620	70.8125	70.844
3621	70.8125	70.8302
3622	70.8125	70.8125
3623	70.8125	70.8931
3624	70.8125	70.8347
3625	70.8125	70.9702
3626	70.8125	70.839
3627	70.8125	70.8626
3628	70.8125	70.8779
3629	70.8125	70.816
3630	70.8125	70.8897
3631	70.8125	70.8437
3632	70.8125	70.8402
3633	70.8125	70.8823
3634	70.8125	70.9262
3635	70.8125	70.8852
3636	70.8125	70.8125
3637	70.8125	70.8125
3638	70.8125	70.8125
3639	70.8125	70.8125
3640	70.8125	70.8964
3641	70.8125	70.8533
3642	70.8125	70.821
3643	70.8125	70.8125
3644	70.8125	70.8451
3645	70.8125	70.8125
3646	70.8125	70.8247
3647	70.8125	70.8125
3648	70.8125	70.8877
3649	70.8125	70.8125
3650	70.8125	70.8199
3651	70.8125	71.0314
3652	70.8125	70.9818
3653	70.8125	70.9213
3654	70.8125	70.8848
3655	70.8125	70.8742
3656	70.8125	70.8392
3657	70.8125	70.9017
3658	70.8125	70.8718
3659	70.8125	70.825
3660	70.8125	70.8125
3661	70.8125	70.8125
3662	70.8125	70.8634
3663	70.8125	71.0043
3664	70.8125	70.8125
3665	70.8125	70.8125
3666	70.8125	70.8125
3667	70.8125	70.8125
3668	70.8125	70.823
3669	70.8125	70.8135
3670	70.8125	70.8125
3671	70.8125	70.8125
3672	70.8125	70.8193
3673	70.8125	70.8611
3674	70.8125	70.9434
3675	70.8125	70.8777
3676	70.8125	70.8708
3677	70.8125	70.8605
3678	70.8125	70.8274
3679	70.8125	70.8476
3680	70.8125	70.817
3681	70.8125	70.852
3682	70.8125	70.864
3683	70.8125	70.8691
3684	70.8125	70.8553
3685	70.8125	70.8803
3686	70.8125	70.8659
3687	70.8125	70.8125
3688	70.8125	70.8706
3689	70.8125	70.918
3690	70.8125	70.8194
3691	70.8125	70.8655
3692	70.8125	70.9315
3693	70.8125	70.9552
3694	70.8125	71.1633
3695	70.8125	70.8139
3696	70.8125	70.9219
3697	70.8125	70.8329
3698	70.8125	70.817
3699	70.8125	70.8833
3700	70.8125	70.9119
3701	70.8125	70.8125
3702	70.8125	70.8634
3703	70.8125	70.8684
3704	70.8125	70.8177
3705	70.8125	70.8556
3706	70.8125	70.838
3707	70.8125	70.8488
3708	70.8125	70.8328
3709	70.8125	70.8937
3710	70.8125	71.0137
3711	70.8125	70.8577
3712	70.8125	70.8851
3713	70.8125	71.0529
3714	70.8125	70.8372
3715	70.8125	70.8125
3716	70.8125	70.8125
3717	70.8125	70.8125
3718	70.8125	70.8125
3719	70.8125	70.8638
3720	70.8125	70.9671
3721	70.8125	70.8125
3722	70.8125	70.8359
3723	70.8125	70.8125
3724	70.8125	70.8125
3725	70.8125	70.8192
3726	70.8125	70.9044
3727	70.8125	70.9512
3728	70.8125	70.8778
3729	70.8125	70.8196
3730	70.8125	70.912
3731	70.8125	70.8705
3732	70.8125	70.8539
3733	70.8125	70.899
3734	70.8125	70.8125
3735	70.8125	70.8125
3736	70.8125	70.8522
3737	70.8125	70.9321
3738	70.8125	70.8125
3739	70.8125	70.8259
3740	70.8125	70.815
3741	70.8125	71.06
3742	70.8125	71.0696
3743	70.8125	70.8692
3744	70.8125	70.8543
3745	70.8125	70.9997
3746	70.8125	70.8875
3747	70.8125	70.8697
3748	70.8125	71.0358
3749	70.8125	70.9337
3750	70.8125	70.9403
3751	70.8125	70.8992
3752	70.8125	70.8125
3753	70.8125	70.8293
3754	70.8125	70.8834
3755	70.8125	70.8125
3756	70.8125	70.8452
3757	70.8125	70.8125
3758	70.8125	70.8125
3759	70.8125	70.8192
3760	70.8125	70.8125
3761	70.8125	70.8125
3762	70.8125	70.8141
3763	70.8125	70.8125
3764	70.8125	70.835
3765	70.8125	70.815
3766	70.8125	70.8418
3767	70.8125	70.8247
3768	70.8125	70.8125
3769	70.8125	71.0939
3770	70.8125	70.9606
3771	70.8125	70.8125
3772	70.8125	70.9299
3773	70.8125	70.8265
3774	70.8125	70.8791
3775	70.8125	70.8143
3776	70.8125	70.8623
3777	70.8125	70.8604
3778	70.8125	70.9516
3779	70.8125	70.8165
3780	70.8125	70.8125
3781	70.8125	70.8125
3782	70.8125	70.8182
3783	70.8125	70.8998
3784	70.8125	70.8125
3785	70.8125	70.8125
3786	70.8125	70.8136
3787	70.8125	70.8125
3788	70.8125	70.8125
3789	70.8125	70.8125
3790	70.8125	70.9432
3791	70.8125	70.8868
3792	70.8125	70.9224
3793	70.8125	70.8214
3794	70.8125	70.8125
3795	70.8125	70.8125
3796	70.8125	70.8125
3797	70.8125	70.885
3798	70.8125	70.8433
3799	70.8125	70.9263
3800	70.8125	70.8336
3801	70.8125	71.0133
3802	70.8125	70.9482
3803	70.8125	70.8125
3804	70.8125	70.8373
3805	70.8125	70.9292
3806	70.8125	70.8229
3807	70.8125	70.8406
3808	70.8125	70.8125
3809	70.8125	70.9622
3810	70.8125	70.8517
3811	70.8125	70.9968
3812	70.8125	70.9534
3813	70.8125	71.0332
3814	70.8125	70.8125
3815	70.8125	70.8125
3816	70.8125	70.9039
3817	70.8125	70.9675
3818	70.8125	70.8757
3819	70.8125	70.8792
3820	70.8125	71.0392
3821	70.8125	70.9
3822	70.8125	71.0405
3823	70.8125	70.8125
3824	70.8125	70.8819
3825	70.8125	70.9672
3826	70.8125	70.8668
3827	70.8125	70.8612
3828	70.8125	70.9442
3829	70.8125	70.8205
3830	70.8125	70.8125
3831	70.8125	70.8125
3832	70.8125	70.8125
3833	70.8125	70.8458
3834	70.8125	70.8681
3835	70.8125	70.8953
3836	70.8125	70.8362
3837	70.8125	70.8139
3838	70.8125	71.0354
3839	70.8125	71.0573
3840	70.8125	70.8235
3841	70.8125	70.8125
3842	70.8125	70.8634
3843	70.8125	70.917
3844	70.8125	70.8375
3845	70.8125	70.8695
3846	70.8125	70.8184
3847	70.8125	70.8125
3848	70.8125	70.8601
3849	70.8125	70.8125
3850	70.8125	70.8125
3851	70.8125	70.8288
3852	70.8125	70.8125
3853	70.8125	70.8298
3854	70.8125	70.8125
3855	70.8125	70.9194
3856	70.8125	70.8493
3857	70.8125	70.8446
3858	70.8125	70.8125
3859	70.8125	70.8125
3860	70.8125	70.8389
3861	70.8125	70.8125
3862	70.8125	70.8129
3863	70.8125	70.8125
3864	70.8125	70.8439
3865	70.8125	70.8125
3866	70.8125	70.8139
3867	70.8125	70.848
3868	70.8125	70.8608
3869	70.8125	70.8276
3870	70.8125	70.8227
3871	70.8125	71.102
3872	70.8125	71.0416
3873	70.8125	70.8171
3874	70.8125	70.8158
3875	70.8125	70.8231
3876	70.8125	70.8125
3877	70.8125	70.8125
3878	70.8125	70.8125
3879	70.8125	70.8607
3880	70.8125	70.8611
3881	70.8125	70.9955
3882	70.8125	70.8791
3883	70.8125	70.9291
3884	70.8125	70.8815
3885	70.8125	70.951
3886	70.8125	70.9328
3887	70.8125	70.8125
3888	70.8125	70.8535
3889	70.8125	70.8434
3890	70.8125	70.8445
3891	70.8125	70.8659
3892	70.8125	70.8501
3893	70.8125	71.0971
3894	70.8125	70.9128
3895	70.8125	70.8772
3896	70.8125	70.9427
3897	70.8125	71.1248
3898	70.8125	70.8489
3899	70.8125	70.8143
3900	70.8125	71.0277
3901	70.8125	70.8137
3902	70.8125	70.8125
3903	70.8125	70.8125
3904	70.8125	70.8125
3905	70.8125	70.8125
3906	70.8125	70.8125
3907	70.8125	70.8125
3908	70.8125	70.8125
3909	70.8125	70.8303
3910	70.8125	70.8125
3911	70.8125	70.8125
3912	70.8125	70.821
3913	70.8125	70.8154
3914	70.8125	70.8367
3915	70.8125	70.8208
3916	70.8125	70.8125
3917	70.8125	70.8231
3918	70.8125	70.895
3919	70.8125	70.8125
3920	70.8125	70.9262
3921	70.8125	70.8524
3922	70.8125	70.8125
3923	70.8125	70.8125
3924	70.8125	70.8125
3925	70.8125	70.8125
3926	70.8125	70.8125
3927	70.8125	70.8769
3928	70.8125	71.0844
3929	70.8125	70.8286
3930	70.8125	70.8125
3931	70.8125	70.8215
3932	70.8125	70.843
3933	70.8125	70.8297
3934	70.8125	70.9439
3935	70.8125	70.8182
3936	70.8125	70.829
3937	70.8125	70.8258
3938	70.8125	70.8125
3939	70.8125	70.8125
3940	70.8125	70.8685
3941	70.8125	70.8334
3942	70.8125	70.8125
3943	70.8125	70.8479
3944	70.8125	70.9003
3945	70.8125	70.8209
3946	70.8125	70.8726
3947	70.8125	70.8125
3948	70.8125	70.9064
3949	70.8125	70.8822
3950	70.8125	70.8125
3951	70.8125	70.8459
3952	70.8125	70.8125
3953	70.8125	70.8125
3954	70.8125	70.8125
3955	70.8125	70.816
3956	70.8125	71.194
3957	70.8125	70.885
3958	70.8125	70.8125
3959	70.8125	70.8125
3960	70.8125	70.9513
3961	70.8125	70.892
3962	70.8125	70.8908
3963	70.8125	70.8133
3964	70.8125	70.9148
3965	70.8125	70.8125
3966	70.8125	70.9137
3967	70.8125	70.8458
3968	70.8125	70.8127
3969	70.8125	70.8608
3970	70.8125	70.8803
3971	70.8125	70.8137
3972	70.8125	70.8338
3973	70.8125	70.8598
3974	70.8125	70.8185
3975	70.8125	70.8125
3976	70.8125	70.9203
3977	70.8125	70.871
3978	70.8125	70.9206
3979	70.8125	71.0488
3980	70.8125	71.1356
3981	70.8125	70.8719
3982	70.8125	70.8553
3983	70.8125	70.9699
3984	70.8125	70.9743
3985	70.8125	70.9515
3986	70.8125	70.9014
3987	70.8125	70.9327
3988	70.8125	70.8884
3989	70.8125	70.8508
3990	70.8125	70.8125
3991	70.8125	70.8354
3992	70.8125	70.8975
3993	70.8125	71.0695
3994	70.8125	70.8125
3995	70.8125	70.8187
3996	70.8125	70.8125
3997	70.8125	70.9708
3998	70.8125	70.9935
3999	70.8125	70.8189
