0	423.322	464.235
1	401.023	440.118
2	379.099	420.086
3	366.601	399.679
4	361.338	381.283
5	357.78	368.099
6	350.548	362.387
7	340.138	358.256
8	333.716	351.288
9	324.061	342.409
10	316.82	334.752
11	306.202	326.175
12	300.731	317.948
13	293.997	309.496
14	288.874	302.408
15	282.469	297.298
16	276.428	291.524
17	271.703	284.829
18	265.916	279.165
19	262.32	273.623
20	256.346	268.152
21	250.003	262.705
22	247.32	257.213
23	238.07	252.308
24	237.18	246.982
25	234.527	242.85
26	229.628	239.187
27	221.111	235.519
28	216.376	230.189
29	215.146	223.708
30	211.37	218.508
31	211.217	215.919
32	207.801	213.804
33	204.985	211.435
34	200.509	208.652
35	197.577	205.845
36	196.542	202.128
37	192.498	199.314
38	189.302	196.559
39	188.262	193.857
40	186.631	191.05
41	184.74	189.034
42	182.604	187.522
43	176.479	185.797
44	174.952	182.808
45	174.952	178.517
46	174.64	176.501
47	171.317	176.105
48	169.495	174.567
49	166.173	172.511
50	165.34	170.212
51	162.25	167.709
52	159.529	166.117
53	159.293	164.422
54	156.599	163.345
55	154.078	160.777
56	153.453	158.286
57	152.536	156.098
58	151.384	154.279
59	148.893	153.197
60	148.28	151.976
61	146.57	150.605
62	146.57	149.025
63	145.224	147.684
64	143.143	146.838
65	142.322	145.913
66	140.499	144.786
67	138.763	144.297
68	137.765	143.139
69	135.897	141.405
70	135.897	139.715
71	135.429	137.624
72	133.766	136.691
73	131.346	136.011
74	130.464	135.055
75	130.322	132.71
76	130.002	131.695
77	129.184	130.749
78	128.703	130.163
79	128.268	129.782
80	127.93	129.423
81	127.468	129.624
82	125.597	128.602
83	125.497	127.633
84	123.479	127.002
85	122.137	126.127
86	122.137	124.759
87	122.129	123.589
88	121.655	122.904
89	121.135	122.32
90	121.128	121.829
91	119.673	121.813
92	119.673	121.399
93	118.635	120.857
94	118.483	120.08
95	117.149	119.44
96	115.952	118.783
97	115.952	117.766
98	115.952	116.874
99	114.803	116.499
100	113.579	116.171
101	113.133	115.589
102	112.241	115.206
103	111.492	114.696
104	109.286	113.88
105	109.286	114.079
106	109.108	112.508
107	107.474	110.786
108	107.392	109.892
109	107.233	108.39
110	104.512	107.676
111	104.43	106.905
112	104.43	105.854
113	103.817	105.2
114	103.531	104.642
115	103.497	104.067
116	102.898	103.748
117	102.898	103.576
118	102.545	103.488
119	102.27	103.21
120	101.939	102.91
121	101.376	102.523
122	101.084	102.814
123	100.951	102.116
124	100.587	101.628
125	100.49	101.504
126	100.125	101.474
127	98.6193	101.104
128	98.4651	100.506
129	98.2803	99.4971
130	98.1261	98.8687
131	98.1261	98.5667
132	97.8847	98.2804
133	97.8847	98.2644
134	97.8847	98.1664
135	97.8489	97.9676
136	97.1111	98.2118
137	96.8497	98.3884
138	96.2207	98.0508
139	95.5337	97.6353
140	95.5337	97.4585
141	95.5337	96.4292
142	95.4286	95.9926
143	95.4286	95.877
144	94.9635	95.6448
145	94.9635	95.435
146	94.6703	95.1714
147	94.1001	95.023
148	93.7152	94.7765
149	93.7152	94.3952
150	93.4134	94.0079
151	92.6032	93.7676
152	92.6032	93.4312
153	92.5587	93.0857
154	92.0775	92.7462
155	92.0331	92.6061
156	91.9175	92.3446
157	91.5992	92.4149
158	91.2929	92.3283
159	91.0656	92.0839
160	91.0656	91.8467
161	91.0656	91.5487
162	91.0602	91.5195
163	90.9782	91.1683
164	90.9727	91.1915
165	90.8292	91.0871
166	90.8292	90.9992
167	90.7445	90.9111
168	90.601	90.8536
169	90.0357	90.8499
170	90.0357	90.654
171	89.7584	90.4159
172	89.7584	90.1302
173	89.0441	89.9337
174	89.0441	89.8712
175	87.4001	89.537
176	87.4001	88.9859
177	86.4571	88.2007
178	86.4571	87.8507
179	86.1207	88.6093
180	85.6129	88.8732
181	85.6129	88.5836
182	85.6129	87.3403
183	85.6129	86.392
184	85.6129	86.1227
185	85.6129	86.1008
186	85.6129	85.7779
187	85.4031	85.7608
188	85.0509	85.8132
189	83.8655	86.0548
190	83.8655	86.6519
191	83.3833	85.9942
192	83.3833	85.0253
193	83.0492	84.5038
194	83.0492	83.8296
195	82.3321	83.7063
196	82.3321	83.4371
197	82.3158	83.0722
198	82.2026	82.4789
199	81.8697	82.4596
200	81.8697	82.2901
201	81.6641	82.439
202	81.6641	82.0969
203	81.6641	81.9884
204	81.2819	81.7161
205	81.2819	81.6784
206	81.2819	81.5596
207	81.2819	81.3725
208	80.5778	81.4611
209	80.5778	81.2321
210	80.2066	80.9467
211	80.2066	80.6922
212	80.2066	80.4797
213	80.2066	80.3081
214	80.2066	80.3378
215	80.2066	80.4653
216	80.2066	80.2378
217	80.2066	80.269
218	79.4562	80.2961
219	79.4562	80.1066
220	79.4562	80.0122
221	79.4562	79.7759
222	77.7882	79.552
223	77.7882	79.2036
224	77.7882	78.611
225	77.7882	78.1928
226	77.7882	77.9167
227	77.7882	77.8139
228	77.7882	77.7882
229	77.7882	77.7882
230	77.7882	77.8098
231	77.7882	77.7882
232	77.7791	77.9222
233	77.7791	78.2502
234	77.7791	78.7267
235	77.7791	78.9529
236	77.7791	78.5086
237	77.7791	78.1416
238	77.7791	77.7799
239	77.2255	77.7783
240	77.2255	77.7793
241	77.2255	77.6585
242	77.2255	77.5352
243	77.0809	77.284
244	77.0809	77.3562
245	77.0809	77.1912
246	77.0809	77.1427
247	77.0809	77.1272
248	76.9662	77.2265
249	76.6288	77.2179
250	76.3761	77.1259
251	76.3761	76.8423
252	76.3761	76.7481
253	76.3761	76.5059
254	76.3761	76.5232
255	76.179	76.3911
256	76.179	76.3666
257	76.179	76.2759
258	76.179	76.2349
259	76.179	76.3207
260	76.179	76.1947
261	76.179	76.1869
262	76.179	76.2083
263	76.179	76.179
264	76.179	76.2066
265	76.179	76.2435
266	76.179	76.2791
267	76.179	76.2262
268	76.179	76.1957
269	76.179	76.1894
270	76.179	76.2753
271	76.179	76.2447
272	76.179	76.198
273	76.179	76.2074
274	75.6432	76.1928
275	75.6432	76.0876
276	75.6432	75.882
277	75.6432	75.7587
278	75.6432	75.6917
279	75.6432	75.6741
280	75.6432	75.7127
281	75.6432	75.7914
282	75.6432	75.6749
283	75.6432	75.6505
284	75.6432	75.6926
285	75.1766	75.6417
286	75.1766	75.5949
287	75.1078	75.4619
288	75.1078	75.2992
289	74.9949	75.2084
290	74.6439	75.2352
291	74.6439	75.0386
292	74.6439	74.866
293	74.6439	74.7212
294	74.6439	74.6444
295	74.6439	74.6511
296	74.6439	74.6888
297	74.6439	74.8281
298	74.6439	74.8524
299	74.6439	74.7133
300	74.6439	74.7048
301	74.6439	74.6439
302	74.6439	74.6439
303	74.6439	74.6439
304	74.596	74.6437
305	74.596	74.6761
306	74.4285	74.9182
307	74.0316	75.1628
308	74.0316	75.3746
309	74.0316	75.2162
310	74.0316	74.4454
311	74.0316	74.219
312	73.8223	74.134
313	73.8223	74.3742
314	73.8223	74.7798
315	73.8223	74.8979
316	73.2207	74.6086
317	73.2207	73.9516
318	73.2207	73.6571
319	73.2207	73.3646
320	72.4426	73.3024
321	72.2651	73.1766
322	71.9109	72.8494
323	71.9109	72.48
324	71.8388	72.088
325	71.6614	72.0731
326	71.6422	72.0295
327	71.6422	71.8153
328	71.6422	71.7539
329	71.6422	71.6532
330	71.6422	71.666
331	71.0877	71.72
332	71.0877	71.7504
333	71.0877	71.7491
334	71.0877	71.224
335	71.0877	71.1485
336	71.0877	71.1401
337	71.0877	71.1324
338	71.0877	71.1104
339	71.0877	71.1659
340	71.0877	71.0977
341	71.0877	71.1193
342	71.0877	71.0912
343	71.0877	71.1069
344	71.0877	71.088
345	71.0877	71.1339
346	71.0877	71.2885
347	71.0877	71.1139
348	71.0877	71.11
349	71.0877	71.0886
350	71.0877	71.1525
351	71.0877	71.2406
352	71.0877	71.1162
353	71.0877	71.1601
354	71.0877	71.089
355	71.0877	71.0877
356	71.0877	71.0974
357	71.0877	71.0877
358	71.0877	71.0896
359	71.0877	71.0877
360	71.0877	71.0877
361	71.0877	71.0877
362	70.8807	71.0871
363	70.8807	71.0516
364	70.8807	70.9676
365	70.8807	71.0538
366	70.8807	70.9146
367	70.8807	70.9346
368	70.8807	70.993
369	70.8807	70.9186
370	70.8807	70.8996
371	70.8807	70.8842
372	70.8807	70.9236
373	70.8807	70.9583
374	70.8807	70.9146
375	70.8807	70.9917
376	70.8807	70.9021
377	70.8807	71.0623
378	70.8807	70.8913
379	70.8807	70.9011
380	70.8807	70.8807
381	70.8807	70.8858
382	70.8807	70.9187
383	70.8807	70.9901
384	70.8807	70.8807
385	70.8752	71.0284
386	70.8752	71.0496
387	70.8752	71.359
388	70.8752	71.1553
389	70.4964	71.0605
390	70.4964	70.955
391	70.4964	70.8872
392	70.4964	70.6149
393	70.4964	70.5356
394	70.3598	70.5945
395	70.3598	70.6669
396	70.3598	70.6548
397	70.3598	70.5629
398	70.3598	70.5063
399	70.3598	70.4578
400	70.3598	70.6599
401	70.3598	70.4146
402	70.3598	70.4166
403	70.3598	70.3632
404	70.3598	70.4211
405	70.3598	70.3598
406	70.3286	70.3705
407	70.3286	70.3661
408	70.0094	70.4013
409	69.893	70.3345
410	69.893	70.3
411	69.893	70.126
412	69.893	69.9214
413	69.893	69.9248
414	69.893	69.8953
415	69.893	69.916
416	69.893	69.893
417	69.7616	69.8926
418	69.7616	69.9023
419	69.7616	69.9507
420	69.7616	69.9006
421	69.7616	69.9764
422	69.7616	69.8763
423	69.7616	69.8421
424	69.7616	70.041
425	69.7616	70.0581
426	69.7616	69.9685
427	69.7616	69.7635
428	69.7616	69.7753
429	69.7616	70.0271
430	69.7616	70.0181
431	69.7616	70.0282
432	69.6159	69.7883
433	69.6159	69.7737
434	69.6159	69.8097
435	69.6159	69.6496
436	69.6159	69.6276
437	69.6159	69.6244
438	69.6159	69.6245
439	69.6159	69.6159
440	69.6159	69.6845
441	69.6159	69.6558
442	69.6159	69.6757
443	69.6159	69.6861
444	69.6159	69.6159
445	69.6159	69.6159
446	69.6159	69.6159
447	69.6159	69.6159
448	69.6159	69.6159
449	69.6159	69.6159
450	69.6159	69.6159
451	69.6159	69.6159
452	69.6159	69.6295
453	69.6159	69.6695
454	69.6159	69.6729
455	69.6159	69.6485
456	69.6159	69.764
457	69.6159	69.8548
458	69.6159	69.7173
459	69.6159	69.7352
460	69.6159	69.6225
461	69.6159	69.6159
462	69.6159	69.6159
463	69.6159	69.627
464	69.6159	69.6218
465	69.6159	69.6428
466	69.6159	69.6229
467	69.5426	69.6668
468	69.5426	69.6935
469	69.5426	69.5982
470	69.5426	69.6426
471	69.5426	69.67
472	69.5426	69.7026
473	69.5426	69.7375
474	69.5426	69.6382
475	69.5426	69.6023
476	69.5426	69.5805
477	69.5426	69.5426
478	69.5426	69.5426
479	68.9423	69.5408
480	68.9423	69.4547
481	68.5435	69.4443
482	68.5435	69.1186
483	68.5435	69.0107
484	68.5435	68.6962
485	68.5435	68.5984
486	68.5435	68.6168
487	68.5435	68.583
488	68.5435	68.5435
489	68.3308	68.5474
490	68.3308	68.6311
491	67.5545	68.53
492	67.5545	68.3077
493	67.2259	68.098
494	67.2259	67.6384
495	67.2259	67.414
496	67.2259	67.3878
497	67.2259	67.2975
498	67.2259	67.3134
499	67.2259	67.2595
500	67.2259	67.2259
501	67.2259	67.2259
502	67.2259	67.2259
503	67.2259	67.2547
504	67.2259	67.2653
505	67.2259	67.4556
506	67.2259	67.2259
507	67.2259	67.237
508	67.2259	67.443
509	67.2259	67.2547
510	67.2259	67.3569
511	67.2259	67.3242
512	67.2259	67.3307
513	67.2259	67.2259
514	67.2259	67.2267
515	67.2259	67.4424
516	67.2259	67.4988
517	67.2259	67.27
518	67.2259	67.3555
519	67.2259	67.2454
520	67.2259	67.3724
521	67.2259	67.2267
522	67.2259	67.2259
523	67.2259	67.2324
524	67.2259	67.3139
525	67.2259	67.2397
526	67.2259	67.4388
527	67.2259	67.2868
528	67.2259	67.2792
529	67.2259	67.268
530	67.2259	67.2705
531	67.2259	67.2883
532	67.2259	67.2684
533	67.2259	67.2312
534	67.2259	67.2353
535	67.2259	67.2459
536	67.2259	67.2341
537	67.2259	67.2837
538	67.2259	67.2443
539	67.2259	67.2259
540	67.2259	67.2259
541	67.2259	67.2402
542	67.2259	67.2338
543	67.2259	67.3006
544	67.2259	67.3455
545	67.2259	67.2406
546	67.2259	67.2259
547	67.2259	67.2259
548	67.2259	67.2275
549	67.2259	67.3083
550	67.2259	67.3046
551	67.2259	67.3576
552	67.2259	67.3656
553	67.2259	67.2581
554	67.2259	67.2259
555	67.2259	67.2436
556	67.2259	67.358
557	67.2259	67.2671
558	67.2259	67.2337
559	67.2259	67.319
560	67.2259	67.3742
561	67.2259	67.3683
562	67.2259	67.3094
563	67.2259	67.3223
564	67.2259	67.2259
565	67.2259	67.3392
566	67.2259	67.4586
567	67.2259	67.4109
568	67.2259	67.2759
569	67.2259	67.2948
570	67.2259	67.2259
571	67.2259	67.2259
572	67.2259	67.2259
573	67.2259	67.2329
574	67.2259	67.3879
575	67.2259	67.6265
576	67.2259	67.463
577	67.2259	67.2259
578	67.2259	67.2424
579	67.2259	67.2259
580	67.2259	67.2259
581	67.2259	67.2259
582	67.2259	67.2267
583	67.2259	67.2259
584	67.2259	67.2259
585	67.2259	67.2259
586	67.2259	67.2322
587	67.2259	67.2669
588	67.2259	67.3265
589	67.2259	67.2362
590	67.2259	67.4136
591	67.2259	67.2511
592	67.2259	67.3154
593	67.2259	67.2527
594	67.2259	67.2593
595	67.2259	67.2259
596	67.2259	67.2259
597	67.2259	67.2323
598	67.2259	67.3055
599	67.2259	67.2375
600	67.2259	67.2803
601	67.2259	67.2277
602	67.2259	67.2681
603	67.2259	67.3499
604	67.2259	67.3865
605	67.2259	67.3394
606	67.2259	67.2408
607	67.2259	67.2271
608	67.2259	67.2259
609	67.2259	67.2259
610	67.2259	67.2259
611	67.2259	67.285
612	67.2259	67.2586
613	67.2259	67.3598
614	67.2259	67.2714
615	67.2259	67.3966
616	67.2259	67.2573
617	67.2259	67.2259
618	66.7669	67.2949
619	66.7669	67.1695
620	66.7669	67.0427
621	66.7669	66.8716
622	66.7669	66.7891
623	66.7669	66.7669
624	66.7669	66.7669
625	66.7669	66.9803
626	66.7669	67.0553
627	66.7669	66.8454
628	66.7669	66.8082
629	66.7669	66.7727
630	66.7669	66.806
631	66.7669	66.7669
632	66.7669	66.7669
633	66.7669	66.7669
634	66.7669	66.8247
635	66.7669	66.8384
636	66.7669	66.8226
637	66.7669	66.8454
638	66.7669	66.9705
639	66.7669	67.2427
640	66.7669	67.4552
641	66.7669	67.1811
642	66.7669	66.8237
643	66.7669	66.8455
644	66.7669	66.7703
645	66.7669	66.9086
646	66.7669	66.8797
647	66.7669	66.8187
648	66.7669	66.7879
649	66.7669	66.768
650	66.7669	66.7669
651	66.7669	66.911
652	66.7669	66.9612
653	66.7669	66.8947
654	66.7669	66.818
655	66.7669	66.7856
656	66.7669	66.8229
657	66.7669	66.7677
658	66.7669	66.7669
659	66.6498	66.7872
660	66.6498	66.7945
661	66.6498	66.7124
662	66.6498	66.6737
663	66.6498	66.6582
664	66.6498	66.6498
665	66.6498	66.6498
666	66.6498	66.6505
667	66.6498	66.684
668	66.6498	66.7998
669	66.6498	66.7026
670	66.6498	66.8499
671	66.6498	66.8259
672	66.6498	66.8724
673	66.6498	66.7511
674	66.6498	66.6971
675	66.6498	66.6514
676	66.6498	66.6556
677	66.6498	66.6498
678	66.6498	66.6498
679	66.6498	66.6613
680	66.6498	66.8486
681	66.6498	66.7756
682	66.6498	66.7366
683	66.6498	66.7962
684	66.6498	66.7069
685	66.6498	66.7488
686	66.6498	66.8149
687	66.6498	66.7447
688	66.6498	66.6775
689	66.6498	66.9319
690	66.6498	66.7399
691	66.6498	66.6786
692	66.6498	66.6562
693	66.6498	66.6498
694	66.6498	66.6682
695	66.6498	66.6862
696	66.6498	66.7264
697	66.6498	66.7072
698	66.6498	66.6498
699	66.6498	66.6498
700	66.6498	66.6498
701	66.6498	66.6498
702	66.6498	66.6498
703	66.6498	66.6629
704	66.6498	66.701
705	66.6498	66.6498
706	66.6498	66.686
707	66.6498	66.6572
708	66.6498	66.7286
709	66.6498	66.6498
710	66.6498	66.6498
711	66.6498	66.652
712	66.6498	66.6505
713	66.6498	66.6795
714	66.6498	66.6498
715	66.6498	66.656
716	66.6498	66.6498
717	66.6498	66.6498
718	66.6498	66.6498
719	66.6498	66.6498
720	66.6498	66.7673
721	66.6498	66.7322
722	66.6498	66.8406
723	66.6498	66.6704
724	66.6498	66.6762
725	66.6498	66.728
726	66.6498	66.7476
727	66.6498	66.8256
728	66.6498	66.656
729	66.6498	66.7882
730	66.6498	66.7168
731	66.6498	66.7426
732	66.6498	66.6549
733	66.6498	66.7196
734	66.6498	66.7368
735	66.6498	66.6995
736	66.6498	66.6547
737	66.6498	66.6953
738	66.6498	66.6521
739	66.6498	66.6498
740	66.6498	66.6712
741	66.6498	66.7034
742	66.6498	66.6548
743	66.6498	66.6699
744	66.6498	66.7192
745	66.6498	66.7426
746	66.6498	66.6741
747	66.6498	66.7747
748	66.6498	66.773
749	66.6498	66.8079
750	66.6498	66.7885
751	66.6498	66.7736
752	66.6498	66.7715
753	66.6498	66.6875
754	66.6498	66.6648
755	66.6498	66.6598
756	66.6498	66.7103
757	66.6498	66.7055
758	66.6498	66.677
759	66.6498	66.7973
760	66.6498	66.734
761	66.6498	66.6924
762	66.6498	66.6525
763	66.6498	66.6498
764	66.6498	66.6498
765	66.6498	66.6573
766	66.6498	66.6509
767	66.6498	66.6498
768	66.6498	66.6498
769	66.6498	66.7331
770	66.6498	66.6803
771	66.6498	66.7019
772	66.6498	66.6774
773	66.6498	66.7737
774	66.6498	66.8683
775	66.6498	66.8272
776	66.6498	66.9103
777	66.6498	66.9042
778	66.6498	66.6831
779	66.6498	66.7183
780	66.6498	66.6776
781	66.6498	66.6498
782	66.6498	66.6655
783	66.6498	66.6498
784	66.6498	66.6789
785	66.6498	66.6498
786	66.6498	66.6498
787	66.6498	66.6498
788	66.6498	66.692
789	66.6498	66.7194
790	66.6498	66.6694
791	66.6498	66.6722
792	66.6498	66.7406
793	66.6498	66.9748
794	66.6498	66.8096
795	66.6498	66.6498
796	66.6498	66.6743
797	66.6498	66.7044
798	66.6498	66.6707
799	66.6498	66.7118
800	66.6498	66.7056
801	66.6498	66.6566
802	66.6498	66.6654
803	66.6498	66.6498
804	66.6498	66.6692
805	66.6498	66.7128
806	66.6498	66.7121
807	66.6498	66.6505
808	66.6498	66.6687
809	66.6498	66.651
810	66.6498	66.6606
811	66.6498	66.6498
812	66.6498	66.6498
813	66.6498	66.6498
814	66.6498	66.714
815	66.6498	66.6795
816	66.6498	66.6498
817	66.6498	66.6498
818	66.6498	66.6705
819	66.6498	66.7608
820	66.6498	66.6559
821	66.6498	66.6654
822	66.6498	66.6498
823	66.6498	66.6524
824	66.6498	66.7281
825	66.6498	66.697
826	66.6498	66.6516
827	66.6498	66.6498
828	66.6498	66.6498
829	66.6498	66.7106
830	66.6498	66.7064
831	66.6498	66.7381
832	66.6498	66.7519
833	66.6498	66.7322
834	66.6498	66.6498
835	66.6498	66.6498
836	66.6498	66.6704
837	66.6498	66.8677
838	66.6498	66.8805
839	66.6498	66.9057
840	66.6498	66.6498
841	66.6498	66.6543
842	66.6498	66.7462
843	66.6498	66.6498
844	66.6498	66.6798
845	66.6498	66.6551
846	66.6498	66.745
847	66.6498	66.7508
848	66.6498	66.6498
849	66.6498	66.6579
850	66.6498	66.6701
851	66.6498	66.7683
852	66.6498	67.083
853	66.6498	66.6804
854	66.6498	66.7392
855	66.6498	66.8658
856	66.6498	66.8059
857	66.6498	66.6683
858	66.6498	66.7511
859	66.6498	66.681
860	66.6498	66.7704
861	66.6498	66.7325
862	66.6498	66.7
863	66.6498	66.8922
864	66.6498	66.8399
865	66.6498	66.6562
866	66.6498	66.6498
867	66.6498	66.6509
868	66.6498	66.6498
869	66.6498	66.6515
870	66.6498	66.7388
871	66.6498	66.6735
872	66.6498	66.6819
873	66.6498	66.7948
874	66.6498	66.6655
875	66.6498	66.6519
876	66.6498	66.6825
877	66.6498	66.6753
878	66.6498	66.7953
879	66.6498	66.7107
880	66.6498	66.6498
881	66.6498	66.6498
882	66.6498	66.6815
883	66.6498	66.7187
884	66.6498	66.6721
885	66.6498	66.7317
886	66.6498	66.6498
887	66.6498	66.6498
888	66.6498	66.651
889	66.6498	66.6554
890	66.6498	66.6498
891	66.6498	66.722
892	66.6498	66.7084
893	66.6498	66.6554
894	66.6498	66.6498
895	66.6498	66.6498
896	66.6498	66.6498
897	66.6498	66.6498
898	66.6498	66.6751
899	66.6498	66.676
900	66.6498	66.6514
901	66.6498	66.6498
902	66.6498	66.6502
903	66.6498	66.7388
904	66.6498	66.6498
905	66.6498	66.6498
906	66.6498	66.6506
907	66.6498	66.6753
908	66.6498	66.9027
909	66.6498	66.8034
910	66.6498	66.6755
911	66.6498	66.6498
912	66.6498	66.6498
913	66.6498	66.6498
914	66.6498	66.7419
915	66.6498	66.6752
916	66.6498	66.6498
917	66.6498	66.6498
918	66.6498	66.6498
919	66.6498	66.6498
920	66.6498	66.6498
921	66.6498	66.6955
922	66.6498	66.6861
923	66.6498	66.6498
924	66.6498	66.6567
925	66.6498	66.6629
926	66.6498	66.6605
927	66.6498	66.6525
928	66.6498	66.8503
929	66.6498	66.6788
930	66.6498	66.7587
931	66.6498	66.7524
932	66.6498	66.7842
933	66.6498	66.7507
934	66.6498	66.8935
935	66.6498	66.6665
936	66.6498	66.676
937	66.6498	66.7068
938	66.6498	66.7038
939	66.6498	66.8166
940	66.6498	67.0311
941	66.6498	66.7508
942	66.6498	66.6513
943	66.6498	66.6574
944	66.6498	66.6565
945	66.6498	66.6757
946	66.6498	66.6524
947	66.6498	66.6498
948	66.6498	66.6616
949	66.6498	66.7961
950	66.6498	66.6498
951	66.6498	66.6498
952	66.6498	66.6498
953	66.6498	66.6498
954	66.6498	66.6498
955	66.6498	66.6683
956	66.6498	66.7469
957	66.6498	66.7145
958	66.6498	66.6498
959	66.6498	66.6595
960	66.6498	66.6616
961	66.6498	66.7361
962	66.6498	66.7249
963	66.6498	66.685
964	66.6498	66.6498
965	66.6498	66.6513
966	66.6498	66.6786
967	66.6498	66.7436
968	66.6498	66.6664
969	66.6498	66.7093
970	66.6498	66.7424
971	66.6498	66.7299
972	66.6498	66.76
973	66.6498	66.7062
974	66.6498	66.6498
975	66.6498	66.6671
976	66.6498	66.6538
977	66.6498	66.6498
978	66.6498	66.6498
979	66.6498	66.6613
980	66.6498	66.6518
981	66.6498	66.6498
982	66.6498	66.6623
983	66.6498	66.6498
984	66.6498	66.7344
985	66.6498	66.736
986	66.6498	66.6545
987	66.6498	66.6927
988	66.6498	66.7429
989	66.6498	66.6521
990	66.6498	66.6498
991	66.6498	66.6498
992	66.6498	66.7042
993	66.6498	66.6498
994	66.6498	66.6595
995	66.6498	66.6731
996	66.6498	66.6498
997	66.6498	66.6498
998	66.6498	66.6498
999	66.6498	66.91
1000	66.6498	66.7881
1001	66.6498	66.6729
1002	66.6498	66.6498
1003	66.6498	66.6972
1004	66.6498	66.6742
1005	66.6498	66.8215
1006	66.6498	66.9496
1007	66.6498	66.8707
1008	66.6498	66.8193
1009	66.6498	66.7159
1010	66.6498	66.7018
1011	66.6498	66.821
1012	66.6498	66.7612
1013	66.6498	66.7007
1014	66.6498	66.6498
1015	66.6498	66.6498
1016	66.6498	66.6959
1017	66.6498	66.6498
1018	66.6498	66.6498
1019	66.6498	66.6675
1020	66.6498	66.7255
1021	66.6498	66.7028
1022	66.6498	66.7732
1023	66.6498	66.6516
1024	66.6498	66.6498
1025	66.6498	66.6498
1026	66.6498	66.6498
1027	66.6498	66.6541
1028	66.6498	66.6818
1029	66.6498	66.7365
1030	66.6498	66.656
1031	66.6498	66.6812
1032	66.6498	66.6498
1033	66.6498	66.672
1034	66.6498	66.665
1035	66.6498	66.7989
1036	66.6498	66.9903
1037	66.6498	66.8859
1038	66.6498	66.9217
1039	66.6498	66.8253
1040	66.6498	66.7702
1041	66.6498	66.6498
1042	66.6498	66.6498
1043	66.6498	66.7053
1044	66.6498	66.9526
1045	66.6498	66.7214
1046	66.6498	66.6648
1047	66.6498	66.6524
1048	66.6498	66.6498
1049	66.6498	66.655
1050	66.6498	66.6565
1051	66.6498	66.6771
1052	66.6498	66.6545
1053	66.6498	66.6498
1054	66.6498	66.6579
1055	66.6498	66.6524
1056	66.6498	66.6748
1057	66.6498	66.7411
1058	66.6498	66.7022
1059	66.6498	66.7578
1060	66.6498	66.7687
1061	66.6498	66.7602
1062	66.6498	66.7338
1063	66.6498	66.6498
1064	66.6498	66.6622
1065	66.6498	66.6498
1066	66.6498	66.6498
1067	66.6498	66.6873
1068	66.6498	66.6498
1069	66.6498	66.6498
1070	66.6498	66.6498
1071	66.6498	66.6498
1072	66.6498	66.7108
1073	66.6498	66.8453
1074	66.6498	66.7153
1075	66.6498	66.7112
1076	66.6498	66.7004
1077	66.6498	66.6634
1078	66.6498	66.6748
1079	66.6498	66.6984
1080	66.6498	66.8052
1081	66.6498	66.6902
1082	66.6498	66.6675
1083	66.6498	66.7293
1084	66.6498	66.6846
1085	66.6498	66.6811
1086	66.6498	66.6498
1087	66.6498	66.658
1088	66.6498	66.6498
1089	66.6498	66.6563
1090	66.6498	66.6522
1091	66.6498	66.6911
1092	66.6498	66.8107
1093	66.6498	66.6498
1094	66.6498	66.6566
1095	66.6498	66.6632
1096	66.6498	66.6804
1097	66.6498	66.6875
1098	66.6498	66.694
1099	66.6498	66.7117
1100	66.6498	66.7007
1101	66.6498	66.6569
1102	66.6498	66.6658
1103	66.6498	66.7275
1104	66.6498	66.8121
1105	66.6498	66.69
1106	66.6498	66.7708
1107	66.6498	66.9407
1108	66.6498	66.7105
1109	66.6498	66.6498
1110	66.6498	66.6498
1111	66.6498	66.6498
1112	66.6498	66.6516
1113	66.6498	66.6498
1114	66.6498	66.7502
1115	66.6498	66.6996
1116	66.6498	66.6693
1117	66.6498	66.6498
1118	66.6498	66.7971
1119	66.6498	66.6498
1120	66.6498	66.6498
1121	66.6498	66.7552
1122	66.6498	66.8401
1123	66.6498	66.7962
1124	66.6498	66.6922
1125	66.6498	66.6628
1126	66.6498	66.6498
1127	66.6498	66.6927
1128	66.6498	66.68
1129	66.6498	66.7291
1130	66.6498	66.6498
1131	66.6498	66.6534
1132	66.6498	66.7151
1133	66.6498	66.6874
1134	66.6498	66.6557
1135	66.6498	66.6977
1136	66.6498	66.722
1137	66.6498	66.8695
1138	66.6498	66.6498
1139	66.6498	66.658
1140	66.6498	66.7062
1141	66.6498	66.6766
1142	66.6498	66.6622
1143	66.6498	66.7066
1144	66.6498	66.6867
1145	66.6498	66.6941
1146	66.6498	66.6673
1147	66.6498	66.8186
1148	66.6498	66.7381
1149	66.6498	66.6788
1150	66.6498	66.7578
1151	66.6498	66.7539
1152	66.6498	66.8352
1153	66.6498	66.797
1154	66.6498	66.7325
1155	66.6498	67.0487
1156	66.6498	66.7789
1157	66.6498	66.8642
1158	66.6498	66.9643
1159	66.6498	66.8759
1160	66.6498	66.7369
1161	66.6498	66.6745
1162	66.6498	66.7328
1163	66.6498	66.678
1164	66.6498	66.664
1165	66.6498	66.7448
1166	66.6498	66.7555
1167	66.6498	66.8434
1168	66.6498	66.6498
1169	66.6498	66.6988
1170	66.6498	66.6902
1171	66.6498	66.9845
1172	66.6498	66.8307
1173	66.6498	66.6531
1174	66.6498	66.6498
1175	66.6498	66.7364
1176	66.6498	66.6602
1177	66.6498	66.7109
1178	66.6498	66.6741
1179	66.6498	66.9655
1180	66.6498	66.7145
1181	66.6498	66.8029
1182	66.6498	66.65
1183	66.6498	66.6498
1184	66.6498	66.6498
1185	66.6498	66.6498
1186	66.6498	66.6498
1187	66.6498	66.6513
1188	66.6498	66.7726
1189	66.6498	66.7071
1190	66.6498	66.6498
1191	66.6498	66.7531
1192	66.6498	66.6812
1193	66.6498	66.7262
1194	66.6498	66.6541
1195	66.6498	66.6973
1196	66.6498	66.7143
1197	66.6498	66.6611
1198	66.6498	66.7633
1199	66.6498	66.6583
1200	66.6498	66.6498
1201	66.6498	66.7219
1202	66.6498	66.7347
1203	66.6498	66.6694
1204	66.6498	66.6498
1205	66.6498	66.6511
1206	66.6498	66.6498
1207	66.6498	66.6659
1208	66.6498	66.6498
1209	66.6498	66.6498
1210	66.6498	66.6498
1211	66.6498	66.6498
1212	66.6498	66.7272
1213	66.6498	66.8013
1214	66.6498	66.7304
1215	66.6498	66.6861
1216	66.6498	66.719
1217	66.6498	66.8241
1218	66.6498	66.6776
1219	66.6498	66.7473
1220	66.6498	66.8387
1221	66.6498	66.8737
1222	66.6498	66.7331
1223	66.6498	66.6582
1224	66.6498	66.7061
1225	66.6498	66.6748
1226	66.6498	66.6507
1227	66.6498	66.7152
1228	66.6498	66.7674
1229	66.6498	66.8246
1230	66.6498	66.6731
1231	66.6498	66.7549
1232	66.6498	66.7687
1233	66.6498	66.6728
1234	66.6498	66.664
1235	66.6498	66.7517
1236	66.6498	66.6835
1237	66.6498	66.6539
1238	66.6498	66.6547
1239	66.561	66.7221
1240	66.561	66.8204
1241	66.5458	66.771
1242	66.5458	66.729
1243	66.5458	66.7143
1244	66.5458	66.7819
1245	66.5458	66.7085
1246	66.5458	66.7489
1247	66.5458	66.6696
1248	66.5458	66.6624
1249	66.5458	66.5577
1250	66.5458	66.5458
1251	66.5458	66.6316
1252	66.5458	66.5678
1253	66.5458	66.5555
1254	66.5458	66.5734
1255	66.5458	66.5569
1256	66.5458	66.7112
1257	66.5458	66.5737
1258	66.5458	66.5963
1259	66.5458	66.5578
1260	66.5458	66.6278
1261	66.5458	66.5566
1262	66.5458	66.5458
1263	66.5458	66.5458
1264	66.5458	66.7357
1265	66.5458	66.6536
1266	66.5458	66.5605
1267	66.5458	66.5725
1268	66.5458	66.6063
1269	66.5458	66.6625
1270	66.5458	66.5467
1271	66.5458	66.6992
1272	66.5458	66.7387
1273	66.5458	66.5798
1274	66.5458	66.5549
1275	66.5458	66.5458
1276	66.5458	66.5458
1277	66.5458	66.5458
1278	66.5458	66.6612
1279	66.5458	66.6716
1280	66.5458	66.5458
1281	66.5458	66.6317
1282	66.5458	66.5674
1283	66.5458	66.6708
1284	66.5458	66.5768
1285	66.5458	66.5458
1286	66.5458	66.6879
1287	66.5458	66.6021
1288	66.5458	66.5599
1289	66.5458	66.6776
1290	66.5458	66.6045
1291	66.5458	66.6193
1292	66.5458	66.5458
1293	66.5458	66.5806
1294	66.5458	66.5492
1295	66.5458	66.5458
1296	66.5458	66.5458
1297	66.5458	66.5458
1298	66.5458	66.5897
1299	66.5458	66.5627
1300	66.5458	66.5503
1301	66.5458	66.5458
1302	66.5458	66.5458
1303	66.5458	66.5458
1304	66.5458	66.6483
1305	66.5458	66.5458
1306	66.5458	66.5471
1307	66.5458	66.5458
1308	66.5458	66.5458
1309	66.5458	66.7047
1310	66.5458	66.5458
1311	66.5458	66.7247
1312	66.5458	66.6802
1313	66.5458	66.5782
1314	66.5458	67.0454
1315	66.5458	69.7485
1316	66.5458	69.9716
1317	66.5458	69.555
1318	66.5458	67.7497
1319	66.5458	67.1845
1320	66.5458	66.6712
1321	66.5458	66.6342
1322	66.5458	66.7031
1323	66.5458	66.5458
1324	66.5458	66.5478
1325	66.5458	66.5458
1326	66.5458	66.567
1327	66.5458	66.5458
1328	66.5458	66.5458
1329	66.5458	66.6172
1330	66.5458	66.6158
1331	66.5458	66.8223
1332	66.5458	66.5701
1333	66.5458	66.5458
1334	66.5458	66.5458
1335	66.5458	66.5458
1336	66.5458	66.5484
1337	66.5458	66.5458
1338	66.5458	66.5458
1339	66.5458	66.7261
1340	66.5458	66.758
1341	66.5458	66.6423
1342	66.5458	66.6452
1343	66.5458	66.606
1344	66.5458	66.5458
1345	66.5458	66.5479
1346	66.5458	66.5869
1347	66.5458	66.5623
1348	66.5458	66.5514
1349	66.5458	66.5475
1350	66.5458	66.6326
1351	66.5458	66.6919
1352	66.5458	66.5764
1353	66.5458	66.6085
1354	66.5458	66.7357
1355	66.5458	66.717
1356	66.5458	66.5458
1357	66.5458	66.5512
1358	66.5458	66.5585
1359	66.5458	66.5695
1360	66.5458	66.549
1361	66.5458	66.5942
1362	66.5458	66.5458
1363	66.5458	66.5458
1364	66.5458	66.5598
1365	66.5458	66.6456
1366	66.5458	66.567
1367	66.5458	66.5458
1368	66.5458	66.5458
1369	66.5458	66.5559
1370	66.5458	66.5647
1371	66.5458	66.5686
1372	66.5458	66.5514
1373	66.5458	66.5458
1374	66.5458	66.5458
1375	66.5458	66.5458
1376	66.5458	66.604
1377	66.5458	66.5632
1378	66.5458	66.5458
1379	66.5458	66.5458
1380	66.5458	66.5458
1381	66.5458	66.5458
1382	66.5458	66.5458
1383	66.5458	66.5458
1384	66.5458	66.5952
1385	66.5458	66.6021
1386	66.5458	66.5687
1387	66.5458	66.5458
1388	66.5458	66.6387
1389	66.5458	66.6533
1390	66.5458	66.5656
1391	66.5458	66.5458
1392	66.5458	66.5722
1393	66.5458	66.5469
1394	66.5458	66.7168
1395	66.5458	66.7371
1396	66.5458	66.6276
1397	66.5458	66.6237
1398	66.5458	66.5458
1399	66.5458	66.5458
1400	66.5458	66.5715
1401	66.5458	66.5465
1402	66.5458	66.5547
1403	66.5458	66.5458
1404	66.5458	66.9009
1405	66.5458	66.8537
1406	66.5458	66.5689
1407	66.5458	66.5458
1408	66.5458	66.5477
1409	66.5458	66.5471
1410	66.5458	66.5736
1411	66.5458	66.7993
1412	66.5458	66.7334
1413	66.5458	66.5768
1414	66.5458	66.6178
1415	66.5458	66.5535
1416	66.5458	66.5602
1417	66.5458	66.6228
1418	66.5458	66.651
1419	66.5458	66.6217
1420	66.5458	66.5561
1421	66.5458	66.7471
1422	66.5458	66.5745
1423	66.5458	66.5458
1424	66.5458	66.5458
1425	66.5458	66.5458
1426	66.5458	66.5458
1427	66.5458	66.5551
1428	66.5458	66.561
1429	66.5458	66.5458
1430	66.5458	66.5468
1431	66.5458	66.5883
1432	66.5458	66.708
1433	66.5458	66.5985
1434	66.5458	66.6117
1435	66.5458	66.5795
1436	66.5458	66.5737
1437	66.5458	66.6423
1438	66.5458	66.6689
1439	66.5458	66.8396
1440	66.5458	66.6238
1441	66.5458	66.6692
1442	66.5458	66.5582
1443	66.5458	66.5699
1444	66.5458	66.5931
1445	66.5458	66.6088
1446	66.5458	66.733
1447	66.5458	66.621
1448	66.5458	66.7574
1449	66.5458	66.5969
1450	66.5458	66.5458
1451	66.5458	66.5458
1452	66.5458	66.5458
1453	66.5458	66.5704
1454	66.5458	66.5626
1455	66.5458	66.663
1456	66.5458	66.5848
1457	66.5458	66.6101
1458	66.5458	66.5604
1459	66.5458	66.5495
1460	66.5458	66.5527
1461	66.5458	66.5706
1462	66.5458	66.5521
1463	66.5458	66.5634
1464	66.5458	66.5884
1465	66.5458	66.7402
1466	66.5458	66.5635
1467	66.5458	66.6205
1468	66.5458	66.703
1469	66.5458	66.5728
1470	66.5458	66.5458
1471	66.5458	66.5514
1472	66.5458	66.5458
1473	66.5458	66.5702
1474	66.5458	66.5637
1475	66.5458	66.5676
1476	66.5458	66.5458
1477	66.5458	66.786
1478	66.5458	66.5805
1479	66.5458	66.5851
1480	66.5458	66.6706
1481	66.5458	66.7665
1482	66.5458	66.5571
1483	66.5458	66.6077
1484	66.5458	66.6205
1485	66.5458	66.5582
1486	66.5458	66.5458
1487	66.5458	66.5764
1488	66.5458	66.6188
1489	66.5458	66.5986
1490	66.5458	66.6633
1491	66.5458	66.6853
1492	66.5458	66.5727
1493	66.5458	66.9486
1494	66.5458	66.554
1495	66.5458	66.8616
1496	66.5458	66.8705
1497	66.5458	66.7123
1498	66.5458	66.576
1499	66.5458	66.6816
1500	66.5458	66.5679
1501	66.5458	66.5458
1502	66.5458	66.5458
1503	66.5458	66.5986
1504	66.5458	66.6191
1505	66.5458	66.616
1506	66.5458	66.5575
1507	66.5458	66.6343
1508	66.5458	66.5861
1509	66.5458	66.6121
1510	66.5458	66.5458
1511	66.5458	66.5458
1512	66.5458	66.5501
1513	66.5458	66.6715
1514	66.5458	66.5778
1515	66.5458	66.5458
1516	66.5458	66.5483
1517	66.5458	66.655
1518	66.5458	66.5996
1519	66.5458	66.732
1520	66.5458	66.7268
1521	66.5458	66.9905
1522	66.5458	66.6156
1523	66.5458	66.6361
1524	66.5458	66.7622
1525	66.5458	66.6424
1526	66.5458	66.5842
1527	66.5458	66.6946
1528	66.5458	66.7695
1529	66.5458	66.6421
1530	66.5458	66.5458
1531	66.5458	66.6647
1532	66.5458	66.5458
1533	66.5458	66.568
1534	66.5458	66.5709
1535	66.5458	66.5458
1536	66.5458	66.5458
1537	66.5458	66.5458
1538	66.5458	66.5458
1539	66.5458	66.5558
1540	66.5458	66.5458
1541	66.5458	66.5588
1542	66.5458	66.5635
1543	66.5458	66.5458
1544	66.5458	66.5458
1545	66.5458	66.561
1546	66.5458	66.5678
1547	66.5458	66.5458
1548	66.5458	66.5615
1549	66.5458	66.616
1550	66.5458	66.665
1551	66.5458	66.923
1552	66.5458	66.6596
1553	66.5458	66.7877
1554	66.5458	66.5494
1555	66.5458	66.5846
1556	66.5458	66.7091
1557	66.5458	66.616
1558	66.5458	66.6001
1559	66.5458	66.5483
1560	66.5458	66.5458
1561	66.5458	66.5458
1562	66.5458	66.5587
1563	66.5458	66.611
1564	66.5458	66.7286
1565	66.5458	66.677
1566	66.5458	66.6111
1567	66.5458	66.6971
1568	66.5458	66.5728
1569	66.5458	66.66
1570	66.5458	66.8379
1571	66.5458	66.6557
1572	66.5458	66.6104
1573	66.5458	66.7075
1574	66.5458	66.6386
1575	66.5458	66.8884
1576	66.5458	66.5673
1577	66.5458	66.6734
1578	66.5458	66.6738
1579	66.5458	66.5568
1580	66.5458	66.6524
1581	66.5458	66.5614
1582	66.5458	66.7916
1583	66.5458	66.7089
1584	66.5458	66.6567
1585	66.5458	66.58
1586	66.5458	66.5458
1587	66.5458	66.728
1588	66.5458	66.5869
1589	66.5458	66.6044
1590	66.5458	66.5543
1591	66.5458	66.5637
1592	66.5458	66.6182
1593	66.5458	66.5458
1594	66.5458	66.5458
1595	66.5458	66.5471
1596	66.5458	66.5458
1597	66.5458	66.5667
1598	66.5458	66.6846
1599	66.5458	66.8599
1600	66.5458	66.7026
1601	66.5458	66.5694
1602	66.5458	66.5494
1603	66.5458	66.5545
1604	66.5458	66.5458
1605	66.5458	66.7277
1606	66.5458	66.5458
1607	66.5458	66.5727
1608	66.5458	66.5751
1609	66.5458	66.5458
1610	66.5458	66.5652
1611	66.5458	66.5458
1612	66.5458	66.5458
1613	66.5458	66.5586
1614	66.5458	66.5852
1615	66.5458	66.5949
1616	66.5458	66.5458
1617	66.5458	66.5548
1618	66.5458	66.8549
1619	66.5458	66.9766
1620	66.5458	66.7668
1621	66.5458	66.7304
1622	66.5458	66.5532
1623	66.5458	66.607
1624	66.5458	66.6809
1625	66.5458	66.6412
1626	66.5458	66.8209
1627	66.5458	66.7343
1628	66.5458	66.8806
1629	66.5458	66.5803
1630	66.5458	66.6109
1631	66.5458	66.7428
1632	66.5458	66.5505
1633	66.5458	66.5541
1634	66.5458	66.549
1635	66.5458	66.7209
1636	66.5458	66.7746
1637	66.5458	66.8207
1638	66.5458	66.7413
1639	66.5458	66.6526
1640	66.5458	66.5467
1641	66.5458	66.5679
1642	66.5458	66.5458
1643	66.5458	66.5458
1644	66.5458	66.5458
1645	66.5458	66.5731
1646	66.5458	66.5458
1647	66.5458	66.5475
1648	66.5458	66.5694
1649	66.5458	66.5645
1650	66.5458	66.5498
1651	66.5458	66.6685
1652	66.5458	66.5679
1653	66.5458	66.5585
1654	66.5458	66.5644
1655	66.5458	66.5554
1656	66.5458	66.5976
1657	66.5458	66.6279
1658	66.5458	66.6692
1659	66.5458	66.5458
1660	66.5458	66.6857
1661	66.5458	66.7524
1662	66.5458	66.5468
1663	66.5458	66.5458
1664	66.5458	66.5832
1665	66.5458	66.891
1666	66.5458	66.6461
1667	66.5458	66.5585
1668	66.5458	66.5602
1669	66.5458	66.5703
1670	66.5458	66.5785
1671	66.5458	66.7175
1672	66.5458	66.9781
1673	66.5458	66.8184
1674	66.5458	66.5835
1675	66.5458	66.6348
1676	66.5458	66.6334
1677	66.5458	66.6283
1678	66.5458	66.6252
1679	66.5458	66.5458
1680	66.5458	66.5624
1681	66.5458	66.5458
1682	66.5458	66.5458
1683	66.5458	66.5555
1684	66.5458	66.5996
1685	66.5458	66.5598
1686	66.5458	66.5604
1687	66.5458	66.7799
1688	66.5458	66.7114
1689	66.5458	66.5635
1690	66.5458	66.7262
1691	66.5458	66.7908
1692	66.5458	66.5854
1693	66.5458	66.6093
1694	66.5458	66.5458
1695	66.5458	66.6004
1696	66.5458	66.5678
1697	66.5458	66.6158
1698	66.5458	66.8042
1699	66.5458	66.8377
1700	66.5458	66.5787
1701	66.5458	66.6349
1702	66.5458	66.6346
1703	66.5458	66.5458
1704	66.5458	66.578
1705	66.5458	66.5458
1706	66.5458	66.5458
1707	66.5458	66.5607
1708	66.5458	66.6736
1709	66.5458	66.7028
1710	66.5458	66.6155
1711	66.5458	66.557
1712	66.5458	66.5458
1713	66.5458	66.5674
1714	66.5458	66.5926
1715	66.5458	66.5462
1716	66.5458	66.7478
1717	66.5458	66.7113
1718	66.5458	66.6098
1719	66.5458	66.6181
1720	66.5458	66.5547
1721	66.5458	66.5458
1722	66.5458	66.6502
1723	66.5458	66.7252
1724	66.5458	66.6246
1725	66.5458	66.787
1726	66.5458	66.5532
1727	66.5458	66.5458
1728	66.5458	66.5877
1729	66.5458	66.7245
1730	66.5458	66.5878
1731	66.5458	66.8209
1732	66.5458	66.5458
1733	66.5458	66.5458
1734	66.5458	66.6064
1735	66.5458	66.6602
1736	66.5458	66.5458
1737	66.5458	66.5458
1738	66.5458	66.5634
1739	66.5458	66.5797
1740	66.5458	66.5696
1741	66.5458	66.5886
1742	66.5458	66.5506
1743	66.5458	66.6948
1744	66.5458	66.6011
1745	66.5458	66.5505
1746	66.5458	66.55
1747	66.5458	66.5458
1748	66.5458	66.6154
1749	66.5458	66.5469
1750	66.5458	66.6098
1751	66.5458	66.5458
1752	66.5458	66.5713
1753	66.5458	66.5458
1754	66.5458	66.5575
1755	66.5458	66.6253
1756	66.5458	66.6569
1757	66.5458	66.5583
1758	66.5458	66.6655
1759	66.5458	66.6773
1760	66.5458	66.5523
1761	66.5458	66.739
1762	66.5458	66.584
1763	66.5458	66.5458
1764	66.5458	66.5458
1765	66.5458	66.5458
1766	66.5458	66.5779
1767	66.5458	66.5459
1768	66.5458	66.5763
1769	66.5458	66.6573
1770	66.5458	66.7924
1771	66.5458	66.5861
1772	66.5458	66.6745
1773	66.5458	66.6229
1774	66.5458	66.5802
1775	66.5458	66.6503
1776	66.5458	66.7746
1777	66.5458	66.5458
1778	66.5458	66.5579
1779	66.5458	66.6033
1780	66.5458	66.6225
1781	66.5458	66.6159
1782	66.5458	66.5765
1783	66.5458	66.7384
1784	66.5458	66.5532
1785	66.5458	66.5973
1786	66.5458	66.5458
1787	66.5458	66.645
1788	66.5458	66.5458
1789	66.5458	66.5458
1790	66.5458	66.782
1791	66.5458	66.5895
1792	66.5458	66.5458
1793	66.5458	66.5458
1794	66.5458	66.5458
1795	66.5458	66.5498
1796	66.5458	66.551
1797	66.5458	66.5458
1798	66.5458	66.5458
1799	66.5458	66.5458
1800	66.5458	66.5458
1801	66.5458	66.5458
1802	66.5458	66.5458
1803	66.5458	66.5458
1804	66.5458	66.5509
1805	66.5458	66.5458
1806	66.5458	66.5484
1807	66.5458	66.5665
1808	66.5458	66.6538
1809	66.5458	66.5805
1810	66.5458	66.5458
1811	66.5458	66.5458
1812	66.5458	66.8685
1813	66.5458	66.7917
1814	66.5458	66.5643
1815	66.5458	66.5727
1816	66.5458	66.5722
1817	66.5458	66.5886
1818	66.5458	66.6616
1819	66.5458	66.5476
1820	66.5458	66.5458
1821	66.5458	66.5458
1822	66.5458	66.5751
1823	66.5458	66.6988
1824	66.5458	66.5458
1825	66.5458	66.5458
1826	66.5458	66.5755
1827	66.5458	66.6898
1828	66.5458	66.5484
1829	66.5458	66.5458
1830	66.5458	66.5657
1831	66.5458	66.5567
1832	66.5458	66.6717
1833	66.5458	66.6401
1834	66.5458	66.5997
1835	66.5458	66.567
1836	66.5458	66.5458
1837	66.5458	66.5458
1838	66.5458	66.6737
1839	66.5458	66.639
1840	66.5458	66.5535
1841	66.5458	66.5634
1842	66.5458	66.6413
1843	66.5458	66.8588
1844	66.5458	66.7854
1845	66.5458	66.5458
1846	66.5458	66.6689
1847	66.5458	66.6366
1848	66.5458	66.5652
1849	66.5458	66.5904
1850	66.5458	66.606
1851	66.5458	66.5842
1852	66.5458	66.6817
1853	66.5458	66.6171
1854	66.5458	66.6188
1855	66.5458	66.5458
1856	66.5458	66.552
1857	66.5458	66.5458
1858	66.5458	66.5458
1859	66.5458	66.5458
1860	66.5458	66.5473
1861	66.5458	66.5597
1862	66.5458	66.5458
1863	66.5458	66.7088
1864	66.5458	66.5655
1865	66.5458	66.5569
1866	66.5458	66.5492
1867	66.5458	66.6012
1868	66.5458	66.5519
1869	66.5458	66.5738
1870	66.5458	66.5458
1871	66.5458	66.5458
1872	66.5458	66.5928
1873	66.5458	66.5459
1874	66.5458	66.5458
1875	66.5458	66.5458
1876	66.5458	66.5673
1877	66.5458	66.5652
1878	66.5458	66.5839
1879	66.5458	66.6087
1880	66.5458	66.6626
1881	66.5458	66.5663
1882	66.5458	66.6218
1883	66.5458	66.5523
1884	66.5458	66.5458
1885	66.5458	66.5562
1886	66.5458	66.6072
1887	66.5458	66.601
1888	66.5458	66.5811
1889	66.5458	66.5458
1890	66.5458	66.5825
1891	66.5458	66.6385
1892	66.5458	66.7975
1893	66.5458	66.6359
1894	66.5458	67.0928
1895	66.5458	66.6137
1896	66.5458	66.6747
1897	66.5458	66.6504
1898	66.5458	66.6582
1899	66.5458	66.5458
1900	66.5458	66.5634
1901	66.5458	66.5458
1902	66.5458	66.5458
1903	66.5458	66.5609
1904	66.5458	66.5458
1905	66.5458	66.5716
1906	66.5458	66.5932
1907	66.5458	66.7879
1908	66.5458	66.5669
1909	66.5458	66.6988
1910	66.5458	66.7034
1911	66.5458	66.6341
1912	66.5458	66.6386
1913	66.5458	66.6334
1914	66.5458	66.5458
1915	66.5458	66.55
1916	66.5458	66.578
1917	66.5458	66.5835
1918	66.5458	66.5458
1919	66.5458	66.5503
1920	66.5458	66.6391
1921	66.5458	66.7675
1922	66.5458	66.7109
1923	66.5458	66.6547
1924	66.5458	66.5492
1925	66.5458	66.5503
1926	66.5458	66.6694
1927	66.5458	66.5458
1928	66.5458	66.5496
1929	66.5458	66.5812
1930	66.5458	66.6615
1931	66.5458	66.5981
1932	66.5458	66.5797
1933	66.5458	66.5707
1934	66.5458	66.566
1935	66.5458	66.6282
1936	66.5458	66.6936
1937	66.5458	66.6952
1938	66.5458	66.6522
1939	66.5458	66.5704
1940	66.5458	66.657
1941	66.5458	66.6945
1942	66.5458	66.6531
1943	66.5458	66.6627
1944	66.5458	66.5458
1945	66.5458	66.5458
1946	66.5458	66.5458
1947	66.5458	66.5458
1948	66.5458	66.5619
1949	66.5458	66.5593
1950	66.5458	66.5721
1951	66.5458	66.6971
1952	66.5458	66.5693
1953	66.5458	66.5496
1954	66.5458	66.6058
1955	66.5458	66.5836
1956	66.5458	66.5906
1957	66.5458	66.6267
1958	66.5458	66.7303
1959	66.5458	66.6202
1960	66.5458	66.6395
1961	66.5458	66.5556
1962	66.5458	66.5496
1963	66.5458	66.7417
1964	66.5458	66.7088
1965	66.5458	66.5511
1966	66.5458	66.554
1967	66.5458	66.6319
1968	66.5458	66.6087
1969	66.5458	66.5798
1970	66.5458	66.6143
1971	66.5458	66.5933
1972	66.5458	66.6656
1973	66.5458	66.6725
1974	66.5458	66.6731
1975	66.5458	66.6603
1976	66.5458	66.5591
1977	66.5458	66.5738
1978	66.5458	66.5458
1979	66.5458	66.5465
1980	66.5458	66.566
1981	66.5458	66.5484
1982	66.5458	66.5598
1983	66.5458	66.5458
1984	66.5458	66.5458
1985	66.5458	66.5663
1986	66.5458	66.6234
1987	66.5458	66.6675
1988	66.5458	66.5458
1989	66.5458	66.5458
1990	66.5458	66.5458
1991	66.5458	66.5458
1992	66.5458	66.5458
1993	66.5458	66.5458
1994	66.5458	66.5458
1995	66.5458	66.5458
1996	66.5458	66.596
1997	66.5458	66.6774
1998	66.5458	66.6593
1999	66.5458	66.7452
2000	66.5458	66.7382
2001	66.5458	66.639
2002	66.5458	66.8009
2003	66.5458	66.5667
2004	66.5458	66.5458
2005	66.5458	66.5458
2006	66.5458	66.5458
2007	66.5458	66.5566
2008	66.5458	66.7644
2009	66.5458	66.5709
2010	66.5458	66.5458
2011	66.5458	66.616
2012	66.5458	66.5903
2013	66.5458	66.6116
2014	66.5458	66.5616
2015	66.5458	66.5458
2016	66.5458	66.5458
2017	66.5458	66.5458
2018	66.5458	66.6077
2019	66.5458	66.5458
2020	66.5458	66.5458
2021	66.5458	66.5489
2022	66.5458	66.6451
2023	66.5458	66.5739
2024	66.5458	66.6519
2025	66.5458	66.6498
2026	66.5458	66.5544
2027	66.5458	66.5458
2028	66.5458	66.5796
2029	66.5458	66.6012
2030	66.5458	66.549
2031	66.5458	66.5675
2032	66.5458	66.5458
2033	66.5458	66.5562
2034	66.5458	66.6936
2035	66.5458	66.6961
2036	66.5458	66.6321
2037	66.5458	66.5458
2038	66.5458	66.5458
2039	66.5458	66.5458
2040	66.5458	66.5458
2041	66.5458	66.5458
2042	66.5458	66.6317
2043	66.5458	66.585
2044	66.5458	66.6943
2045	66.5458	66.7103
2046	66.5458	66.6243
2047	66.5458	66.6385
2048	66.5458	66.5556
2049	66.5458	66.5458
2050	66.5458	66.5458
2051	66.5458	66.5606
2052	66.5458	66.5501
2053	66.5458	66.5903
2054	66.5458	66.5561
2055	66.5458	66.6119
2056	66.5458	66.5458
2057	66.5458	66.5458
2058	66.5458	66.5458
2059	66.5458	66.5458
2060	66.5458	66.5989
2061	66.5458	66.8379
2062	66.5458	66.6079
2063	66.5458	66.7219
2064	66.5458	66.5458
2065	66.5458	66.5506
2066	66.5458	66.5458
2067	66.5458	66.7765
2068	66.5458	66.6764
2069	66.5458	66.5458
2070	66.5458	66.5458
2071	66.5458	66.5458
2072	66.5458	66.8323
2073	66.5458	66.662
2074	66.5458	66.5979
2075	66.5458	66.5458
2076	66.5458	66.5458
2077	66.5458	66.5542
2078	66.5458	66.6277
2079	66.5458	66.6017
2080	66.5458	66.5574
2081	66.5458	66.5458
2082	66.5458	66.5458
2083	66.5458	66.5458
2084	66.5458	66.5765
2085	66.5458	66.5458
2086	66.5458	66.6882
2087	66.5458	66.5786
2088	66.5458	66.6312
2089	66.5458	66.7888
2090	66.5458	66.6445
2091	66.5458	66.6904
2092	66.5458	66.5458
2093	66.5458	66.5458
2094	66.5458	66.6384
2095	66.5458	66.5709
2096	66.5458	66.5458
2097	66.5458	66.6392
2098	66.5458	66.5572
2099	66.5458	66.5458
2100	66.5458	66.5458
2101	66.5458	66.5633
2102	66.5458	66.6566
2103	66.5458	66.6002
2104	66.5458	66.5691
2105	66.5458	66.5517
2106	66.5458	66.5458
2107	66.5458	66.5458
2108	66.5458	66.5458
2109	66.5458	66.8051
2110	66.5458	66.5873
2111	66.5458	66.5696
2112	66.5458	66.5458
2113	66.5458	66.5812
2114	66.5458	66.6199
2115	66.5458	66.8421
2116	66.5458	66.6366
2117	66.5458	66.5465
2118	66.5458	66.599
2119	66.5458	66.6008
2120	66.5458	66.6403
2121	66.5458	66.5822
2122	66.5458	66.5519
2123	66.5458	66.591
2124	66.5458	66.7999
2125	66.5458	66.6461
2126	66.5458	66.6451
2127	66.5458	66.5787
2128	66.5458	66.6095
2129	66.5458	66.6642
2130	66.5458	66.602
2131	66.5458	66.8586
2132	66.5458	66.5698
2133	66.5458	66.6475
2134	66.5458	66.8285
2135	66.5458	66.6215
2136	66.5458	66.5761
2137	66.5458	66.6405
2138	66.5458	66.5613
2139	66.5458	66.6318
2140	66.5458	66.6915
2141	66.5458	66.6943
2142	66.5458	66.5559
2143	66.5458	66.5458
2144	66.5458	66.5458
2145	66.5458	66.5458
2146	66.5458	66.558
2147	66.5458	66.6926
2148	66.5458	66.6111
2149	66.5458	66.8212
2150	66.5458	66.6181
2151	66.5458	66.6106
2152	66.5458	66.5708
2153	66.5458	66.5458
2154	66.5458	66.5727
2155	66.5458	66.592
2156	66.5458	66.5458
2157	66.5458	66.585
2158	66.5458	66.5966
2159	66.5458	66.6312
2160	66.5458	66.62
2161	66.5458	66.5901
2162	66.5458	66.5843
2163	66.5458	66.5458
2164	66.5458	66.5589
2165	66.5458	66.7627
2166	66.5458	66.6883
2167	66.5458	66.6697
2168	66.5458	66.6157
2169	66.5458	66.5458
2170	66.5458	66.6434
2171	66.5458	66.5913
2172	66.5458	66.6053
2173	66.5458	66.6715
2174	66.5458	66.5588
2175	66.5458	66.5458
2176	66.5458	66.5499
2177	66.5458	66.5997
2178	66.5458	66.5458
2179	66.5458	66.5467
2180	66.5458	66.5458
2181	66.5458	66.5458
2182	66.5458	66.5586
2183	66.5458	66.5582
2184	66.5458	66.6132
2185	66.5458	66.5458
2186	66.5458	66.6054
2187	66.5458	66.5904
2188	66.5458	66.5458
2189	66.5458	66.5598
2190	66.5458	66.5458
2191	66.5458	66.6024
2192	66.5458	66.5753
2193	66.5458	66.5458
2194	66.5458	66.5458
2195	66.5458	66.5513
2196	66.5458	66.7045
2197	66.5458	66.5976
2198	66.5458	66.5458
2199	66.5458	66.5458
2200	66.5458	66.5658
2201	66.5458	66.593
2202	66.5458	66.547
2203	66.5458	66.5458
2204	66.5458	66.5795
2205	66.5458	66.5649
2206	66.5458	66.6676
2207	66.5458	66.6177
2208	66.5458	66.6668
2209	66.5458	66.5458
2210	66.5458	66.5458
2211	66.5458	66.5802
2212	66.5458	66.559
2213	66.5458	66.5458
2214	66.5458	66.652
2215	66.5458	66.6249
2216	66.5458	66.5541
2217	66.5458	66.5507
2218	66.5458	66.5892
2219	66.5458	66.5911
2220	66.5458	66.6165
2221	66.5458	66.6089
2222	66.5458	66.8077
2223	66.5458	66.5595
2224	66.5458	66.5458
2225	66.5458	66.5911
2226	66.5458	66.5483
2227	66.5458	66.5864
2228	66.5458	66.5632
2229	66.5458	66.6887
2230	66.5458	66.585
2231	66.5458	66.5458
2232	66.5458	66.5528
2233	66.5458	66.6523
2234	66.5458	66.5649
2235	66.5458	66.5458
2236	66.5458	66.5458
2237	66.5458	66.5612
2238	66.5458	66.5835
2239	66.5458	66.5726
2240	66.5458	66.6381
2241	66.5458	66.7445
2242	66.5458	66.6327
2243	66.5458	66.6353
2244	66.5458	66.8465
2245	66.5458	66.7103
2246	66.5458	66.7884
2247	66.5458	66.6166
2248	66.5458	66.5458
2249	66.5458	66.5458
2250	66.5458	66.5458
2251	66.5458	66.5779
2252	66.5458	66.7099
2253	66.5458	66.7449
2254	66.5458	66.6635
2255	66.5458	66.5853
2256	66.5458	66.6341
2257	66.5458	66.5562
2258	66.5458	66.5504
2259	66.5458	66.5458
2260	66.5458	66.5515
2261	66.5458	66.5477
2262	66.5458	66.5543
2263	66.5458	66.7647
2264	66.5458	66.6102
2265	66.5458	66.6009
2266	66.5458	66.6943
2267	66.5458	66.6047
2268	66.5458	66.5779
2269	66.5458	66.5459
2270	66.5458	66.5519
2271	66.5458	66.5458
2272	66.5458	66.5459
2273	66.5458	66.5662
2274	66.5458	66.7377
2275	66.5458	66.5458
2276	66.5458	66.6054
2277	66.5458	66.5458
2278	66.5458	66.5716
2279	66.5458	66.6557
2280	66.5458	66.7213
2281	66.5458	66.5708
2282	66.5458	66.5573
2283	66.5458	66.5458
2284	66.5458	66.5458
2285	66.5458	66.5458
2286	66.5458	66.5579
2287	66.5458	66.557
2288	66.5458	66.5502
2289	66.5458	66.5458
2290	66.5458	66.5458
2291	66.5458	66.6206
2292	66.5458	66.5719
2293	66.5458	66.5738
2294	66.5458	66.6167
2295	66.5458	66.5458
2296	66.5458	66.5458
2297	66.5458	66.5975
2298	66.5458	66.6456
2299	66.5458	66.5558
2300	66.5458	66.5458
2301	66.5458	66.5458
2302	66.5458	66.5458
2303	66.5458	66.5458
2304	66.5458	66.6163
2305	66.5458	66.784
2306	66.5458	66.8376
2307	66.5458	66.6471
2308	66.5458	66.7162
2309	66.5458	66.5923
2310	66.5458	66.6928
2311	66.5458	66.5823
2312	66.5458	66.5458
2313	66.5458	66.5458
2314	66.5458	66.5458
2315	66.5458	66.5542
2316	66.5458	66.5458
2317	66.5458	66.5458
2318	66.5458	66.5633
2319	66.5458	66.565
2320	66.5458	66.5693
2321	66.5458	66.5458
2322	66.5458	66.6734
2323	66.5458	66.5893
2324	66.5458	66.6182
2325	66.5458	66.7983
2326	66.5458	66.5624
2327	66.5458	66.5536
2328	66.5458	66.583
2329	66.5458	66.595
2330	66.5458	66.5466
2331	66.5458	66.5458
2332	66.5458	66.5531
2333	66.5458	66.5489
2334	66.5458	66.5478
2335	66.5458	66.6192
2336	66.5458	66.6703
2337	66.5458	66.631
2338	66.5458	66.6666
2339	66.5458	66.5745
2340	66.5458	66.5573
2341	66.5458	66.6033
2342	66.5458	66.5794
2343	66.5458	66.7437
2344	66.5458	66.5487
2345	66.5458	66.5458
2346	66.5458	66.5458
2347	66.5458	66.7508
2348	66.5458	66.7018
2349	66.5458	66.6191
2350	66.5458	66.5458
2351	66.5458	66.6271
2352	66.5458	66.5458
2353	66.5458	66.5458
2354	66.5458	66.6019
2355	66.5458	66.5458
2356	66.5458	66.6706
2357	66.5458	66.6879
2358	66.5458	66.572
2359	66.5458	66.7414
2360	66.5458	66.642
2361	66.5458	66.5589
2362	66.5458	66.5458
2363	66.5458	66.6357
2364	66.5458	66.5458
2365	66.5458	66.5737
2366	66.5458	66.7395
2367	66.5458	66.7818
2368	66.5458	66.6621
2369	66.5458	66.687
2370	66.5458	66.6693
2371	66.5458	66.5458
2372	66.5458	66.5731
2373	66.5458	66.5793
2374	66.5458	66.6298
2375	66.5458	66.571
2376	66.5458	66.548
2377	66.5458	66.6446
2378	66.5458	66.6768
2379	66.5458	66.558
2380	66.5458	66.5458
2381	66.5458	66.5704
2382	66.5458	66.5491
2383	66.5458	66.5458
2384	66.5458	66.5845
2385	66.5458	66.5458
2386	66.5458	66.5573
2387	66.5458	66.8359
2388	66.5458	66.6099
2389	66.5458	66.5458
2390	66.5458	66.5458
2391	66.5458	66.7327
2392	66.5458	66.7376
2393	66.5458	66.6795
2394	66.5458	66.6535
2395	66.5458	66.563
2396	66.5458	66.5541
2397	66.5458	66.5458
2398	66.5458	66.5783
2399	66.5458	66.6433
2400	66.5458	66.5514
2401	66.5458	66.7011
2402	66.5458	66.6337
2403	66.5458	66.5721
2404	66.5458	66.5527
2405	66.5458	66.6052
2406	66.5458	66.7018
2407	66.5458	66.5458
2408	66.5458	66.5458
2409	66.5458	66.5458
2410	66.5458	66.5458
2411	66.5458	66.5458
2412	66.5458	66.5536
2413	66.5458	66.6399
2414	66.5458	66.7266
2415	66.5458	66.648
2416	66.5458	66.6578
2417	66.5458	66.7219
2418	66.5458	66.6469
2419	66.5458	66.5816
2420	66.5458	66.5889
2421	66.5458	66.5458
2422	66.5458	66.563
2423	66.5458	66.5628
2424	66.5458	66.6236
2425	66.5458	66.5458
2426	66.5458	66.7478
2427	66.5458	66.6206
2428	66.5458	66.5787
2429	66.5458	66.5625
2430	66.5458	66.5458
2431	66.5458	66.5599
2432	66.5458	66.5551
2433	66.5458	66.6222
2434	66.5458	66.6341
2435	66.5458	66.626
2436	66.5458	66.5469
2437	66.5458	66.595
2438	66.5458	66.5645
2439	66.5458	66.6243
2440	66.5458	66.5458
2441	66.5458	66.5611
2442	66.5458	66.5458
2443	66.5458	66.5458
2444	66.5458	66.5458
2445	66.5458	66.5458
2446	66.5458	66.5458
2447	66.5458	66.577
2448	66.5458	66.5967
2449	66.5458	66.6125
2450	66.5458	66.5917
2451	66.5458	66.5458
2452	66.5458	66.6384
2453	66.5458	66.6632
2454	66.5458	66.712
2455	66.5458	66.9985
2456	66.5458	66.8913
2457	66.5458	66.7588
2458	66.5458	66.6897
2459	66.5458	66.7231
2460	66.5458	66.6123
2461	66.5458	66.6647
2462	66.5458	66.5505
2463	66.5458	66.5458
2464	66.5458	66.5562
2465	66.5458	66.5458
2466	66.5458	66.5458
2467	66.5458	66.5481
2468	66.5458	66.5458
2469	66.5458	66.5843
2470	66.5458	66.5541
2471	66.5458	66.6017
2472	66.5458	66.6991
2473	66.5458	66.7389
2474	66.5458	66.6288
2475	66.5458	66.5458
2476	66.5458	66.5458
2477	66.5458	66.7163
2478	66.5458	66.5648
2479	66.5458	66.6181
2480	66.5458	66.6577
2481	66.5458	66.5984
2482	66.5458	66.6102
2483	66.5458	66.6807
2484	66.5458	66.5458
2485	66.5458	66.5458
2486	66.5458	66.5458
2487	66.5458	66.5458
2488	66.5458	66.5458
2489	66.5458	66.5458
2490	66.5458	66.5458
2491	66.5458	66.5521
2492	66.5458	66.5694
2493	66.5458	66.5718
2494	66.5458	66.6788
2495	66.5458	66.6155
2496	66.5458	66.6621
2497	66.5458	66.6337
2498	66.5458	66.6577
2499	66.5458	66.6604
2500	66.5458	66.6752
2501	66.5458	66.5522
2502	66.5458	66.612
2503	66.5458	66.6788
2504	66.5458	66.5746
2505	66.5458	66.5458
2506	66.5458	66.5458
2507	66.5458	66.5607
2508	66.5458	66.6816
2509	66.5458	66.7479
2510	66.5458	66.7373
2511	66.5458	66.8796
2512	66.5458	66.606
2513	66.5458	66.5694
2514	66.5458	66.5458
2515	66.5458	66.6777
2516	66.5458	66.5553
2517	66.5458	66.5458
2518	66.5458	66.6059
2519	66.5458	66.6524
2520	66.5458	66.6754
2521	66.5458	66.5868
2522	66.5458	66.633
2523	66.5458	66.6158
2524	66.5458	66.5467
2525	66.5458	66.5634
2526	66.5458	66.5615
2527	66.5458	66.618
2528	66.5458	66.6085
2529	66.5458	66.5585
2530	66.5458	66.5458
2531	66.5458	66.5839
2532	66.5458	66.5748
2533	66.5458	66.56
2534	66.5458	66.6017
2535	66.5458	66.6443
2536	66.5458	66.8062
2537	66.5458	66.7113
2538	66.5458	66.584
2539	66.5458	66.5458
2540	66.5458	66.5471
2541	66.5458	66.5934
2542	66.5458	66.6198
2543	66.5458	66.6514
2544	66.5458	66.7203
2545	66.5458	66.5458
2546	66.5458	66.5616
2547	66.5458	66.5872
2548	66.5458	66.5469
2549	66.5458	66.5515
2550	66.5458	66.6811
2551	66.5458	66.5791
2552	66.5458	66.5569
2553	66.5458	66.582
2554	66.5458	66.6608
2555	66.5458	66.5822
2556	66.5458	66.5495
2557	66.5458	66.5561
2558	66.5458	66.5608
2559	66.5458	66.6565
2560	66.5458	66.8748
2561	66.5458	66.5555
2562	66.5458	66.5474
2563	66.5458	66.6541
2564	66.5458	66.6706
2565	66.5458	66.764
2566	66.5458	66.5975
2567	66.5458	66.5675
2568	66.5458	66.548
2569	66.5458	66.6502
2570	66.5458	66.6467
2571	66.5458	66.5458
2572	66.5458	66.7212
2573	66.5458	66.6033
2574	66.5458	66.5644
2575	66.5458	66.5714
2576	66.5458	66.5602
2577	66.5458	66.6197
2578	66.5458	66.594
2579	66.5458	66.5542
2580	66.5458	66.5458
2581	66.5458	66.6204
2582	66.5458	66.5499
2583	66.5458	66.5458
2584	66.5458	66.5621
2585	66.5458	66.5478
2586	66.5458	66.5954
2587	66.5458	66.5458
2588	66.5458	66.5561
2589	66.5458	66.5718
2590	66.5458	66.6207
2591	66.5458	66.596
2592	66.5458	66.6618
2593	66.5458	66.5955
2594	66.5458	66.5458
2595	66.5458	66.6267
2596	66.5458	66.5942
2597	66.5458	66.5969
2598	66.5458	66.6292
2599	66.5458	66.7899
2600	66.5458	67.0257
2601	66.5458	66.7948
2602	66.5458	66.7298
2603	66.5458	66.5458
2604	66.5458	66.5458
2605	66.5458	66.5458
2606	66.5458	66.5458
2607	66.5458	66.5458
2608	66.5458	66.5458
2609	66.5458	66.5807
2610	66.5458	66.5803
2611	66.5458	66.5479
2612	66.5458	66.5517
2613	66.5458	66.5581
2614	66.5458	66.6091
2615	66.5458	66.7393
2616	66.5458	66.7053
2617	66.5458	66.5618
2618	66.5458	66.6373
2619	66.5458	66.5469
2620	66.5458	66.5458
2621	66.5458	66.5458
2622	66.5458	66.707
2623	66.5458	66.6798
2624	66.5458	66.5606
2625	66.5458	66.5458
2626	66.5458	66.5687
2627	66.5458	66.5464
2628	66.5458	66.5568
2629	66.5458	66.6821
2630	66.5458	66.5512
2631	66.5458	66.9623
2632	66.5458	66.5536
2633	66.5458	66.5458
2634	66.5458	66.6337
2635	66.5458	66.5487
2636	66.5458	66.579
2637	66.5458	66.6262
2638	66.5458	66.5564
2639	66.5458	66.5883
2640	66.5458	66.657
2641	66.5458	66.6148
2642	66.5458	66.7009
2643	66.5458	66.7989
2644	66.5458	66.615
2645	66.5458	66.6668
2646	66.5458	66.5644
2647	66.5458	66.5863
2648	66.5458	66.5955
2649	66.5458	66.5458
2650	66.5458	66.5761
2651	66.5458	66.5458
2652	66.5458	66.5476
2653	66.5458	66.6237
2654	66.5458	66.6554
2655	66.5458	66.566
2656	66.5458	66.7411
2657	66.5458	66.6443
2658	66.5458	66.5542
2659	66.5458	66.5458
2660	66.5458	66.5458
2661	66.5458	66.5458
2662	66.5458	66.6755
2663	66.5458	66.5474
2664	66.5458	66.5458
2665	66.5458	66.5458
2666	66.5458	66.5541
2667	66.5458	66.5572
2668	66.5458	66.5458
2669	66.5458	66.5458
2670	66.5458	66.5608
2671	66.5458	66.5458
2672	66.5458	66.567
2673	66.5458	66.5477
2674	66.5458	66.5458
2675	66.5458	66.6552
2676	66.5458	66.5487
2677	66.5458	66.6394
2678	66.5458	66.5627
2679	66.5458	66.5915
2680	66.5458	66.6042
2681	66.5458	66.5712
2682	66.5458	66.6317
2683	66.5458	66.6537
2684	66.5458	66.5744
2685	66.5458	66.5693
2686	66.5458	66.5458
2687	66.5458	66.5556
2688	66.5458	66.5975
2689	66.5458	66.5458
2690	66.5458	66.5458
2691	66.5458	66.5561
2692	66.5458	66.5458
2693	66.5458	66.5515
2694	66.5458	66.5559
2695	66.5458	66.6699
2696	66.5458	66.7052
2697	66.5458	66.6605
2698	66.5458	66.812
2699	66.5458	66.9002
2700	66.5458	66.5459
2701	66.5458	66.7114
2702	66.5458	66.5469
2703	66.5458	66.9346
2704	66.5458	66.6725
2705	66.5458	66.5577
2706	66.5458	66.5635
2707	66.5458	66.5943
2708	66.5458	66.7864
2709	66.5458	66.6043
2710	66.5458	66.5587
2711	66.5458	66.5714
2712	66.5458	66.5458
2713	66.5458	66.5458
2714	66.5458	66.551
2715	66.5458	66.8373
2716	66.5458	66.6492
2717	66.5458	66.5859
2718	66.5458	66.548
2719	66.5458	66.6424
2720	66.5458	66.7037
2721	66.5458	66.6293
2722	66.5458	66.5545
2723	66.5458	66.6816
2724	66.5458	66.6095
2725	66.5458	66.7158
2726	66.5458	66.8726
2727	66.5458	66.8553
2728	66.5458	66.8845
2729	66.5458	66.6686
2730	66.5458	66.7
2731	66.5458	66.8302
2732	66.5458	66.5639
2733	66.5458	66.7288
2734	66.5458	66.5981
2735	66.5458	66.5603
2736	66.5458	66.5777
2737	66.5458	66.6534
2738	66.5458	66.5458
2739	66.5458	66.5511
2740	66.5458	66.5458
2741	66.5458	66.5644
2742	66.5458	66.7161
2743	66.5458	66.7238
2744	66.5458	66.6115
2745	66.5458	66.789
2746	66.5458	66.5701
2747	66.5458	66.5858
2748	66.5458	66.685
2749	66.5458	66.6466
2750	66.5458	66.63
2751	66.5458	66.6035
2752	66.5458	66.5458
2753	66.5458	66.6004
2754	66.5458	66.5477
2755	66.5458	66.5458
2756	66.5458	66.5458
2757	66.5458	66.5458
2758	66.5458	66.5744
2759	66.5458	66.5831
2760	66.5458	66.6669
2761	66.5458	66.6231
2762	66.5458	66.5996
2763	66.5458	66.5649
2764	66.5458	66.5824
2765	66.5458	66.5562
2766	66.5458	66.56
2767	66.5458	66.5709
2768	66.5458	66.5458
2769	66.5458	66.583
2770	66.5458	66.5546
2771	66.5458	66.5554
2772	66.5458	66.6342
2773	66.5458	66.5458
2774	66.5458	66.6779
2775	66.5458	66.5738
2776	66.5458	66.5565
2777	66.5458	66.5608
2778	66.5458	66.5458
2779	66.5458	66.5458
2780	66.5458	66.5894
2781	66.5458	66.5727
2782	66.5458	66.617
2783	66.5458	66.698
2784	66.5458	66.6693
2785	66.5458	66.553
2786	66.5458	66.6786
2787	66.5458	66.5774
2788	66.5458	66.5458
2789	66.5458	66.5617
2790	66.5458	66.5574
2791	66.5458	66.5458
2792	66.5458	66.5458
2793	66.5458	66.5458
2794	66.5458	66.5458
2795	66.5458	66.5458
2796	66.5458	66.6193
2797	66.5458	66.5731
2798	66.5458	66.6815
2799	66.5458	66.5528
2800	66.5458	66.7335
2801	66.5458	66.7388
2802	66.5458	66.5488
2803	66.5458	66.5458
2804	66.5458	66.5458
2805	66.5458	66.5458
2806	66.5458	66.5458
2807	66.5458	66.5458
2808	66.5458	66.5458
2809	66.5458	66.5458
2810	66.5458	66.5924
2811	66.5458	66.5458
2812	66.5458	66.5458
2813	66.5458	66.5458
2814	66.5458	66.547
2815	66.5458	66.6069
2816	66.5458	66.5477
2817	66.5458	66.5458
2818	66.5458	66.553
2819	66.5458	66.5488
2820	66.5458	66.554
2821	66.5458	66.5738
2822	66.5458	66.6225
2823	66.5458	66.5661
2824	66.5458	66.7787
2825	66.5458	66.5645
2826	66.5458	66.5458
2827	66.5458	66.5469
2828	66.5458	66.5899
2829	66.5458	66.6076
2830	66.5458	66.5615
2831	66.5458	66.5458
2832	66.5458	66.5458
2833	66.5458	66.5488
2834	66.5458	66.5538
2835	66.5458	66.5674
2836	66.5458	66.5458
2837	66.5458	66.5458
2838	66.5458	66.6334
2839	66.5458	66.5535
2840	66.5458	66.6161
2841	66.5458	66.5458
2842	66.5458	66.5482
2843	66.5458	66.5759
2844	66.5458	66.6592
2845	66.5458	66.6304
2846	66.5458	66.6326
2847	66.5458	66.7767
2848	66.5458	66.5515
2849	66.5458	66.663
2850	66.5458	66.6735
2851	66.5458	66.5632
2852	66.5458	66.5458
2853	66.5458	66.562
2854	66.5458	66.7294
2855	66.5458	66.6048
2856	66.5458	66.6532
2857	66.5458	66.5582
2858	66.5458	66.5496
2859	66.5458	66.5576
2860	66.5458	66.6528
2861	66.5458	66.551
2862	66.5458	66.5578
2863	66.5458	66.5636
2864	66.5458	66.5536
2865	66.5458	66.5458
2866	66.5458	66.5562
2867	66.5458	66.5764
2868	66.5458	66.5458
2869	66.5458	66.7168
2870	66.5458	66.7855
2871	66.5458	66.6816
2872	66.5458	66.5877
2873	66.5458	66.5571
2874	66.5458	66.5458
2875	66.5458	66.5657
2876	66.5458	66.7598
2877	66.5458	66.6128
2878	66.5458	66.5527
2879	66.5458	66.5458
2880	66.5458	66.7134
2881	66.5458	66.8025
2882	66.5458	66.5609
2883	66.5458	66.6163
2884	66.5458	66.7208
2885	66.5458	66.8034
2886	66.5458	66.5458
2887	66.5458	66.5458
2888	66.5458	66.5458
2889	66.5458	66.5498
2890	66.5458	66.5487
2891	66.5458	66.5458
2892	66.5458	66.5458
2893	66.5458	66.5596
2894	66.5458	66.5553
2895	66.5458	66.5507
2896	66.5458	66.5495
2897	66.5458	66.5785
2898	66.5458	66.5997
2899	66.5458	66.5458
2900	66.5458	66.5767
2901	66.5458	66.5458
2902	66.5458	66.63
2903	66.5458	66.6263
2904	66.5458	66.5458
2905	66.5458	66.5458
2906	66.5458	66.5458
2907	66.5458	66.6441
2908	66.5458	66.723
2909	66.5458	66.7408
2910	66.5458	66.5537
2911	66.5458	66.5561
2912	66.5458	66.6689
2913	66.5458	66.7648
2914	66.5458	66.7441
2915	66.5458	66.5905
2916	66.5458	66.5528
2917	66.5458	66.5824
2918	66.5458	66.558
2919	66.5458	66.5877
2920	66.5458	66.5672
2921	66.5458	66.7504
2922	66.5458	66.5604
2923	66.5458	66.5716
2924	66.5458	66.6504
2925	66.5458	66.6075
2926	66.5458	66.5458
2927	66.5458	66.5847
2928	66.5458	66.5709
2929	66.5458	66.5904
2930	66.5458	66.5458
2931	66.5458	66.5458
2932	66.5458	66.5458
2933	66.5458	66.5899
2934	66.5458	66.6596
2935	66.5458	66.5743
2936	66.5458	66.5459
2937	66.5458	66.5458
2938	66.5458	66.5534
2939	66.5458	66.7935
2940	66.5458	66.6909
2941	66.5458	66.7082
2942	66.5458	66.8634
2943	66.5458	66.6179
2944	66.5458	66.549
2945	66.5458	66.5494
2946	66.5458	66.5631
2947	66.5458	66.5561
2948	66.5458	66.584
2949	66.5458	66.5458
2950	66.5458	66.5458
2951	66.5458	66.5472
2952	66.5458	66.6585
2953	66.5458	66.5999
2954	66.5458	66.5497
2955	66.5458	66.6733
2956	66.5458	66.6373
2957	66.5458	66.5608
2958	66.5458	66.567
2959	66.5458	66.5458
2960	66.5458	66.5458
2961	66.5458	66.5458
2962	66.5458	66.5504
2963	66.5458	66.548
2964	66.5458	66.5458
2965	66.5458	66.5653
2966	66.5458	66.5458
2967	66.5458	66.5538
2968	66.5458	66.6277
2969	66.5458	66.6189
2970	66.5458	66.5967
2971	66.5458	66.5458
2972	66.5458	66.5458
2973	66.5458	66.5458
2974	66.5458	66.5458
2975	66.5458	66.5903
2976	66.5458	66.5458
2977	66.5458	66.5458
2978	66.5458	66.5458
2979	66.5458	66.5567
2980	66.5458	66.5754
2981	66.5458	66.5458
2982	66.5458	66.5458
2983	66.5458	66.5458
2984	66.5458	66.5729
2985	66.5458	66.5507
2986	66.5458	66.6501
2987	66.5458	66.5458
2988	66.5458	66.549
2989	66.5458	66.588
2990	66.5458	66.5566
2991	66.5458	66.5752
2992	66.5458	66.6393
2993	66.5458	66.7049
2994	66.5458	66.8372
2995	66.5458	66.7978
2996	66.5458	66.5707
2997	66.5458	66.5549
2998	66.5458	66.5663
2999	66.5458	66.5888
3000	66.5458	66.6245
3001	66.5458	66.647
3002	66.5458	66.5963
3003	66.5458	66.5458
3004	66.5458	66.5635
3005	66.5458	66.5959
3006	66.5458	66.5868
3007	66.5458	66.6973
3008	66.5458	66.6978
3009	66.5458	66.7106
3010	66.5458	66.5474
3011	66.5458	66.5489
3012	66.5458	66.5497
3013	66.5458	66.5865
3014	66.5458	66.6824
3015	66.5458	66.6017
3016	66.5458	66.5458
3017	66.5458	66.5601
3018	66.5458	66.7709
3019	66.5458	66.7085
3020	66.5458	66.6227
3021	66.5458	66.5458
3022	66.5458	66.6075
3023	66.5458	66.6205
3024	66.5458	66.6038
3025	66.5458	66.5459
3026	66.5458	66.616
3027	66.5458	66.5458
3028	66.5458	66.5632
3029	66.5458	66.5458
3030	66.5458	66.5514
3031	66.5458	66.5458
3032	66.5458	66.5697
3033	66.5458	66.5595
3034	66.5458	66.6336
3035	66.5458	66.5472
3036	66.5458	66.5458
3037	66.5458	66.555
3038	66.5458	66.5827
3039	66.5458	66.619
3040	66.5458	66.6174
3041	66.5458	66.5458
3042	66.5458	66.5458
3043	66.5458	66.5458
3044	66.5458	66.6079
3045	66.5458	66.717
3046	66.5458	66.5703
3047	66.5458	66.61
3048	66.5458	66.5458
3049	66.5458	66.6693
3050	66.5458	66.5723
3051	66.5458	66.7153
3052	66.5458	66.6205
3053	66.5458	66.7617
3054	66.5458	66.5954
3055	66.5458	66.557
3056	66.5458	66.5967
3057	66.5458	66.5458
3058	66.5458	66.5592
3059	66.5458	66.6724
3060	66.5458	66.6085
3061	66.5458	66.5458
3062	66.5458	66.5808
3063	66.5458	66.585
3064	66.5458	66.5491
3065	66.5458	66.5855
3066	66.5458	66.6612
3067	66.5458	66.6096
3068	66.5458	66.6707
3069	66.5458	66.5561
3070	66.5458	66.5458
3071	66.5458	66.5467
3072	66.5458	66.6038
3073	66.5458	66.6103
3074	66.5458	66.698
3075	66.5458	66.5458
3076	66.5458	66.5458
3077	66.5458	66.5458
3078	66.5458	66.5817
3079	66.5458	66.6932
3080	66.5458	66.5492
3081	66.5458	66.5797
3082	66.5458	66.702
3083	66.5458	66.6144
3084	66.5458	66.622
3085	66.5458	66.711
3086	66.5458	66.6213
3087	66.5458	66.6529
3088	66.5458	66.5772
3089	66.5458	66.5458
3090	66.5458	66.5814
3091	66.5458	66.571
3092	66.5458	66.5718
3093	66.5458	66.5673
3094	66.5458	66.5853
3095	66.5458	66.6641
3096	66.5458	66.6213
3097	66.5458	66.5458
3098	66.5458	66.6302
3099	66.5458	66.6178
3100	66.5458	66.5964
3101	66.5458	66.5859
3102	66.5458	66.6655
3103	66.5458	66.6421
3104	66.5458	66.5773
3105	66.5458	66.6837
3106	66.5458	66.6438
3107	66.5458	66.7302
3108	66.5458	66.5458
3109	66.5458	66.5636
3110	66.5458	66.5458
3111	66.5458	66.5568
3112	66.5458	66.5458
3113	66.5458	66.6133
3114	66.5458	66.5622
3115	66.5458	66.5458
3116	66.5458	66.5458
3117	66.5458	66.5458
3118	66.5458	66.5798
3119	66.5458	66.6964
3120	66.5458	66.7151
3121	66.5458	66.7216
3122	66.5458	66.6492
3123	66.5458	66.6535
3124	66.5458	66.7129
3125	66.5458	66.6912
3126	66.5458	66.5458
3127	66.5458	66.6993
3128	66.5458	66.552
3129	66.5458	66.5508
3130	66.5458	66.5459
3131	66.5458	66.5492
3132	66.5458	66.5957
3133	66.5458	66.6385
3134	66.5458	66.5847
3135	66.5458	66.5869
3136	66.5458	66.7743
3137	66.5458	66.5485
3138	66.5458	66.5458
3139	66.5458	66.5458
3140	66.5458	66.5468
3141	66.5458	66.6466
3142	66.5458	66.6105
3143	66.5458	66.7108
3144	66.5458	66.5458
3145	66.5458	66.5478
3146	66.5458	66.6841
3147	66.5458	66.606
3148	66.5458	66.596
3149	66.5458	66.7097
3150	66.5458	66.681
3151	66.5458	66.5851
3152	66.5458	66.7701
3153	66.5458	66.5977
3154	66.5458	66.6103
3155	66.5458	66.58
3156	66.5458	66.5458
3157	66.5458	66.6281
3158	66.5458	66.6552
3159	66.5458	66.5458
3160	66.5458	66.6023
3161	66.5458	66.5464
3162	66.5458	66.5458
3163	66.5458	66.5458
3164	66.5458	66.5655
3165	66.5458	66.5673
3166	66.5458	66.5812
3167	66.5458	66.5633
3168	66.5458	66.5727
3169	66.5458	66.6211
3170	66.5458	66.5467
3171	66.5458	66.5458
3172	66.5458	66.5458
3173	66.5458	66.6337
3174	66.5458	66.598
3175	66.5458	66.6666
3176	66.5458	66.6066
3177	66.5458	66.5458
3178	66.5458	66.5458
3179	66.5458	66.5989
3180	66.5458	66.6891
3181	66.5458	66.628
3182	66.5458	66.5458
3183	66.5458	66.5458
3184	66.5458	66.5458
3185	66.5458	66.5458
3186	66.5458	66.5458
3187	66.5458	66.5478
3188	66.5458	66.5492
3189	66.5458	66.5458
3190	66.5458	66.5458
3191	66.5458	66.5458
3192	66.5458	66.5759
3193	66.5458	66.5478
3194	66.5458	66.5546
3195	66.5458	66.5458
3196	66.5458	66.5458
3197	66.5458	66.7123
3198	66.5458	66.7184
3199	66.5458	66.557
3200	66.5458	66.6186
3201	66.5458	66.9008
3202	66.5458	66.6507
3203	66.5458	66.583
3204	66.5458	66.5593
3205	66.5458	66.5675
3206	66.5458	66.58
3207	66.5458	66.5458
3208	66.5458	66.5458
3209	66.5458	66.6367
3210	66.5458	66.6634
3211	66.5458	66.5976
3212	66.5458	66.5615
3213	66.5458	66.5543
3214	66.5458	66.623
3215	66.5458	66.5888
3216	66.5458	66.5458
3217	66.5458	66.5458
3218	66.5458	66.5458
3219	66.5458	66.665
3220	66.5458	66.6429
3221	66.5458	66.7674
3222	66.5458	66.7483
3223	66.5458	66.6482
3224	66.5458	66.6662
3225	66.5458	66.6768
3226	66.5458	66.624
3227	66.5458	66.552
3228	66.5458	66.5523
3229	66.5458	66.5458
3230	66.5458	66.5458
3231	66.5458	66.5544
3232	66.5458	66.5458
3233	66.5458	66.5458
3234	66.5458	66.5458
3235	66.5458	66.5458
3236	66.5458	66.5458
3237	66.5458	66.5458
3238	66.5458	66.5612
3239	66.5458	66.7466
3240	66.5458	66.7453
3241	66.5458	66.5458
3242	66.5458	66.5536
3243	66.5458	66.5557
3244	66.5458	66.5458
3245	66.5458	66.5552
3246	66.5458	66.6143
3247	66.5458	66.675
3248	66.5458	66.7334
3249	66.5458	66.6106
3250	66.5458	66.6143
3251	66.5458	66.637
3252	66.5458	66.6552
3253	66.5458	66.6189
3254	66.5458	66.6389
3255	66.5458	66.602
3256	66.5458	66.5605
3257	66.5458	66.5458
3258	66.5458	66.5789
3259	66.5458	66.8166
3260	66.5458	66.647
3261	66.5458	66.8831
3262	66.5458	66.8367
3263	66.5458	66.6932
3264	66.5458	66.6159
3265	66.5458	66.5458
3266	66.5458	66.6611
3267	66.5458	66.7617
3268	66.5458	66.5528
3269	66.5458	66.644
3270	66.5458	66.6037
3271	66.5458	66.606
3272	66.5458	66.5671
3273	66.5458	66.5507
3274	66.5458	66.5892
3275	66.5458	66.8237
3276	66.5458	66.8274
3277	66.5458	66.8636
3278	66.5458	66.5778
3279	66.5458	66.6077
3280	66.5458	66.5956
3281	66.5458	66.5458
3282	66.5458	66.5458
3283	66.5458	66.5458
3284	66.5458	66.5493
3285	66.5458	66.5458
3286	66.5458	66.6279
3287	66.5458	66.5971
3288	66.5458	66.7227
3289	66.5458	66.7818
3290	66.5458	66.8599
3291	66.5458	66.6854
3292	66.5458	66.8834
3293	66.5458	66.6075
3294	66.5458	66.5458
3295	66.5458	66.5458
3296	66.5458	66.5916
3297	66.5458	66.5657
3298	66.5458	66.714
3299	66.5458	66.7152
3300	66.5458	66.6672
3301	66.5458	66.7347
3302	66.5458	66.6119
3303	66.5458	66.6321
3304	66.5458	66.6174
3305	66.5458	66.5479
3306	66.5458	66.7279
3307	66.5458	66.5517
3308	66.5458	66.5771
3309	66.5458	66.5458
3310	66.5458	66.5458
3311	66.5458	66.5458
3312	66.5458	66.5458
3313	66.5458	66.5458
3314	66.5458	66.5458
3315	66.5458	66.5558
3316	66.5458	66.5458
3317	66.5458	66.5458
3318	66.5458	66.5458
3319	66.5458	66.5646
3320	66.5458	66.5458
3321	66.5458	66.5651
3322	66.5458	66.6624
3323	66.5458	66.6151
3324	66.5458	66.5472
3325	66.5458	66.5576
3326	66.5458	66.5458
3327	66.5458	66.6006
3328	66.5458	66.5626
3329	66.5458	66.5507
3330	66.5458	66.5458
3331	66.5458	66.5988
3332	66.5458	66.7167
3333	66.5458	66.5458
3334	66.5458	66.5458
3335	66.5458	66.5663
3336	66.5458	66.5503
3337	66.5458	66.5638
3338	66.5458	66.7563
3339	66.5458	66.5474
3340	66.5458	66.5933
3341	66.5458	66.655
3342	66.5458	66.5489
3343	66.5458	66.5668
3344	66.5458	66.5688
3345	66.5458	66.6213
3346	66.5458	66.5458
3347	66.5458	66.5981
3348	66.5458	66.568
3349	66.5458	66.612
3350	66.5458	66.5661
3351	66.5458	66.6915
3352	66.5458	66.7152
3353	66.5458	66.6671
3354	66.5458	66.5566
3355	66.5458	66.6703
3356	66.5458	66.5458
3357	66.5458	66.606
3358	66.5458	66.5458
3359	66.5458	66.5814
3360	66.5458	66.5572
3361	66.5458	66.5945
3362	66.5458	66.6412
3363	66.5458	66.5485
3364	66.5458	66.5898
3365	66.5458	66.574
3366	66.5458	66.7041
3367	66.5458	66.5898
3368	66.5458	66.6634
3369	66.5458	66.6125
3370	66.5458	66.6437
3371	66.5458	66.586
3372	66.5458	66.6146
3373	66.5458	66.8267
3374	66.5458	66.6333
3375	66.5458	66.5717
3376	66.5458	66.5735
3377	66.5458	66.5598
3378	66.5458	66.6165
3379	66.5458	66.6655
3380	66.5458	66.7252
3381	66.5458	66.5763
3382	66.5458	66.5569
3383	66.5458	66.5458
3384	66.5458	66.5458
3385	66.5458	66.6337
3386	66.5458	66.5495
3387	66.5458	66.5543
3388	66.5458	66.7217
3389	66.5458	66.6274
3390	66.5458	66.6774
3391	66.5458	66.6329
3392	66.5458	66.6956
3393	66.5458	66.6536
3394	66.5458	66.6205
3395	66.5458	66.6367
3396	66.5458	66.6329
3397	66.5458	66.5458
3398	66.5458	66.5458
3399	66.5458	66.5718
3400	66.5458	66.5768
3401	66.5458	66.5899
3402	66.5458	66.5458
3403	66.5458	66.5458
3404	66.5458	66.5501
3405	66.5458	66.6595
3406	66.5458	66.547
3407	66.5458	66.607
3408	66.5458	66.5831
3409	66.5458	66.586
3410	66.5458	66.6742
3411	66.5458	66.6595
3412	66.5458	66.5947
3413	66.5458	66.5858
3414	66.5458	66.7961
3415	66.5458	66.663
3416	66.5458	66.5559
3417	66.5458	66.5458
3418	66.5458	66.5947
3419	66.5458	66.5937
3420	66.5458	66.6951
3421	66.5458	66.609
3422	66.5458	66.7064
3423	66.5458	66.5749
3424	66.5458	66.6426
3425	66.5458	66.9444
3426	66.5458	66.7679
3427	66.5458	66.6708
3428	66.5458	66.9218
3429	66.5458	66.8562
3430	66.5458	66.6211
3431	66.5458	66.82
3432	66.5458	66.6217
3433	66.5458	66.5533
3434	66.5458	66.5607
3435	66.5458	66.6242
3436	66.5458	66.5864
3437	66.5458	66.6332
3438	66.5458	66.5458
3439	66.5458	66.5496
3440	66.5458	66.5458
3441	66.5458	66.5507
3442	66.5458	66.5468
3443	66.5458	66.5458
3444	66.5458	66.5531
3445	66.5458	66.5518
3446	66.5458	66.606
3447	66.5458	66.5928
3448	66.5458	66.6605
3449	66.5458	66.7293
3450	66.5458	66.5458
3451	66.5458	66.5569
3452	66.5458	66.5892
3453	66.5458	66.5459
3454	66.5458	66.5458
3455	66.5458	66.5458
3456	66.5458	66.5458
3457	66.5458	66.5605
3458	66.5458	66.5696
3459	66.5458	66.5984
3460	66.5458	66.5458
3461	66.5458	66.5756
3462	66.5458	66.8092
3463	66.5458	66.6261
3464	66.5458	66.6757
3465	66.5458	66.6011
3466	66.5458	66.6705
3467	66.5458	66.8002
3468	66.5458	66.5774
3469	66.5458	66.5655
3470	66.5458	66.5819
3471	66.5458	66.7472
3472	66.5458	66.7078
3473	66.5458	66.668
3474	66.5458	66.6919
3475	66.5458	66.6355
3476	66.5458	66.5458
3477	66.5458	66.5591
3478	66.5458	66.7252
3479	66.5458	66.6196
3480	66.5458	66.5621
3481	66.5458	66.5458
3482	66.5458	66.5458
3483	66.5458	66.5539
3484	66.5458	66.5938
3485	66.5458	66.6865
3486	66.5458	66.5867
3487	66.5458	66.5458
3488	66.5458	66.5468
3489	66.5458	66.634
3490	66.5458	66.8491
3491	66.5458	66.6236
3492	66.5458	66.6064
3493	66.5458	66.5458
3494	66.5458	66.5458
3495	66.5458	66.5458
3496	66.5458	66.5458
3497	66.5458	66.6653
3498	66.5458	66.5458
3499	66.5458	66.5458
3500	66.5458	66.5934
3501	66.5458	66.5493
3502	66.5458	66.5458
3503	66.5458	66.5469
3504	66.5458	66.5458
3505	66.5458	66.5458
3506	66.5458	66.6073
3507	66.5458	66.6277
3508	66.5458	66.5544
3509	66.5458	66.5975
3510	66.5458	66.5458
3511	66.5458	66.6132
3512	66.5458	66.6115
3513	66.5458	66.5881
3514	66.5458	66.6815
3515	66.5458	66.7106
3516	66.5458	66.5478
3517	66.5458	66.5516
3518	66.5458	66.5458
3519	66.5458	66.5458
3520	66.5458	66.5458
3521	66.5458	66.5458
3522	66.5458	66.5557
3523	66.5458	66.639
3524	66.5458	66.5504
3525	66.5458	66.5458
3526	66.5458	66.5477
3527	66.5458	66.5629
3528	66.5458	66.631
3529	66.5458	66.601
3530	66.5458	66.7757
3531	66.5458	66.7519
3532	66.5458	66.6282
3533	66.5458	66.7467
3534	66.5458	66.8562
3535	66.5458	66.7253
3536	66.5458	66.6277
3537	66.5458	66.5458
3538	66.5458	66.5955
3539	66.5458	66.6525
3540	66.5458	66.5731
3541	66.5458	66.5952
3542	66.5458	66.6004
3543	66.5458	66.7131
3544	66.5458	66.5467
3545	66.5458	66.5458
3546	66.5458	66.5458
3547	66.5458	66.5458
3548	66.5458	66.6361
3549	66.5458	66.692
3550	66.5458	66.7575
3551	66.5458	66.5466
3552	66.5458	66.5458
3553	66.5458	66.5468
3554	66.5458	66.5458
3555	66.5458	66.5458
3556	66.5458	66.6423
3557	66.5458	66.6569
3558	66.5458	66.7339
3559	66.5458	66.6706
3560	66.5458	66.8102
3561	66.5458	66.5817
3562	66.5458	66.5866
3563	66.5458	66.6997
3564	66.5458	66.8398
3565	66.5458	66.5458
3566	66.5458	66.5458
3567	66.5458	66.5458
3568	66.5458	66.5646
3569	66.5458	66.6204
3570	66.5458	66.557
3571	66.5458	66.5458
3572	66.5458	66.5458
3573	66.5458	66.6157
3574	66.5458	66.5458
3575	66.5458	66.6659
3576	66.5458	66.8249
3577	66.5458	66.6329
3578	66.5458	66.5918
3579	66.5458	66.6525
3580	66.5458	66.7162
3581	66.5458	66.5674
3582	66.5458	66.5458
3583	66.5458	66.5458
3584	66.5458	66.5458
3585	66.5458	66.5483
3586	66.5458	66.7381
3587	66.5458	66.5458
3588	66.5458	66.5458
3589	66.5458	66.5458
3590	66.5458	66.5458
3591	66.5458	66.5825
3592	66.5458	66.5587
3593	66.5458	66.5813
3594	66.5458	66.5458
3595	66.5458	66.6559
3596	66.5458	66.5468
3597	66.5458	66.5458
3598	66.5458	66.5556
3599	66.5458	66.5909
3600	66.5458	66.5458
3601	66.5458	66.5986
3602	66.5458	66.5652
3603	66.5458	66.8188
3604	66.5458	66.6231
3605	66.5458	66.6007
3606	66.5458	66.5936
3607	66.5458	66.5458
3608	66.5458	66.5458
3609	66.5458	66.5956
3610	66.5458	66.5821
3611	66.5458	66.5458
3612	66.5458	66.55
3613	66.5458	66.5467
3614	66.5458	66.6873
3615	66.5458	66.5711
3616	66.5458	66.5458
3617	66.5458	66.5506
3618	66.5458	66.569
3619	66.5458	66.5458
3620	66.5458	66.5543
3621	66.5458	66.5698
3622	66.5458	66.5458
3623	66.5458	66.5823
3624	66.5458	66.6444
3625	66.5458	66.629
3626	66.5458	66.5458
3627	66.5458	66.5458
3628	66.5458	66.5458
3629	66.5458	66.5458
3630	66.5458	66.5458
3631	66.5458	66.5458
3632	66.5458	66.5458
3633	66.5458	66.5469
3634	66.5458	66.5942
3635	66.5458	66.5971
3636	66.5458	66.6492
3637	66.5458	66.6734
3638	66.5458	66.6322
3639	66.5458	66.5458
3640	66.5458	66.5565
3641	66.5458	66.7809
3642	66.5458	66.6914
3643	66.5458	66.5838
3644	66.5458	66.7766
3645	66.5458	66.5923
3646	66.5458	66.5593
3647	66.5458	66.5972
3648	66.5458	66.6494
3649	66.5458	66.7114
3650	66.5458	66.5812
3651	66.5458	66.5458
3652	66.5458	66.6181
3653	66.5458	66.7022
3654	66.5458	66.6211
3655	66.5458	66.5469
3656	66.5458	66.632
3657	66.5458	66.6525
3658	66.5458	66.7497
3659	66.5458	66.5558
3660	66.5458	66.5623
3661	66.5458	66.7143
3662	66.5458	66.5587
3663	66.5458	66.5483
3664	66.5458	66.5458
3665	66.5458	66.5814
3666	66.5458	66.5884
3667	66.5458	66.66
3668	66.5458	66.6183
3669	66.5458	66.6269
3670	66.5458	66.5458
3671	66.5458	66.5503
3672	66.5458	66.5609
3673	66.5458	66.567
3674	66.5458	66.5485
3675	66.5458	66.5458
3676	66.5458	66.5458
3677	66.5458	66.5581
3678	66.5458	66.5476
3679	66.5458	66.5618
3680	66.5458	66.5839
3681	66.5458	66.6536
3682	66.5458	66.6328
3683	66.5458	66.7598
3684	66.5458	66.6278
3685	66.5458	66.6505
3686	66.5458	66.5618
3687	66.5458	66.5458
3688	66.5458	66.6224
3689	66.5458	66.6544
3690	66.5458	66.5805
3691	66.5458	66.5883
3692	66.5458	66.5839
3693	66.5458	66.5518
3694	66.5458	66.5917
3695	66.5458	66.6808
3696	66.5458	66.9736
3697	66.5458	66.9492
3698	66.5458	66.5652
3699	66.5458	66.5608
3700	66.5458	66.5573
3701	66.5458	66.5463
3702	66.5458	66.5939
3703	66.5458	66.6937
3704	66.5458	66.707
3705	66.5458	66.5566
3706	66.5458	66.5458
3707	66.5458	66.5458
3708	66.5458	66.5458
3709	66.5458	66.5458
3710	66.5458	66.5458
3711	66.5458	66.568
3712	66.5458	66.6805
3713	66.5458	66.6311
3714	66.5458	66.5458
3715	66.5458	66.5703
3716	66.5458	66.7397
3717	66.5458	66.736
3718	66.5458	66.6241
3719	66.5458	66.7032
3720	66.5458	66.6264
3721	66.5458	66.5458
3722	66.5458	66.5494
3723	66.5458	66.5458
3724	66.5458	66.5458
3725	66.5458	66.5458
3726	66.5458	66.5725
3727	66.5458	66.7957
3728	66.5458	66.6564
3729	66.5458	66.5804
3730	66.5458	66.6626
3731	66.5458	66.7052
3732	66.5458	66.5699
3733	66.5458	66.5593
3734	66.5458	66.5458
3735	66.5458	66.5534
3736	66.5458	66.5458
3737	66.5458	66.5458
3738	66.5458	66.66
3739	66.5458	66.5458
3740	66.5458	66.5476
3741	66.5458	66.5458
3742	66.5458	66.5614
3743	66.5458	66.5892
3744	66.5458	66.5458
3745	66.5458	66.5458
3746	66.5458	66.5458
3747	66.5458	66.5527
3748	66.5458	66.6061
3749	66.5458	66.6752
3750	66.5458	66.5458
3751	66.5458	66.5458
3752	66.5458	66.5458
3753	66.5458	66.5863
3754	66.5458	66.5645
3755	66.5458	66.6042
3756	66.5458	66.6615
3757	66.5458	66.5816
3758	66.5458	66.5633
3759	66.5458	66.5873
3760	66.5458	66.5458
3761	66.5458	66.5459
3762	66.5458	66.5623
3763	66.5458	66.7255
3764	66.5458	66.5785
3765	66.5458	66.6953
3766	66.5458	66.6285
3767	66.5458	66.572
3768	66.5458	66.5458
3769	66.5458	66.5881
3770	66.5458	66.7008
3771	66.5458	66.6532
3772	66.5458	66.6863
3773	66.5458	66.6384
3774	66.5458	66.8461
3775	66.5458	66.6654
3776	66.5458	66.9622
3777	66.5458	66.7622
3778	66.5458	66.5579
3779	66.5458	66.5986
3780	66.5458	66.7324
3781	66.5458	66.7008
3782	66.5458	66.5862
3783	66.5458	66.6183
3784	66.5458	66.5911
3785	66.5458	66.5458
3786	66.5458	66.5458
3787	66.5458	66.5458
3788	66.5458	66.5458
3789	66.5458	66.5581
3790	66.5458	66.6676
3791	66.5458	66.8023
3792	66.5458	66.6809
3793	66.5458	66.6073
3794	66.5458	66.6731
3795	66.5458	66.6487
3796	66.5458	66.5578
3797	66.5458	66.5869
3798	66.5458	66.5508
3799	66.5458	66.6491
3800	66.5458	66.6649
3801	66.5458	66.7806
3802	66.5458	66.8035
3803	66.5458	66.7449
3804	66.5458	66.608
3805	66.5458	66.5458
3806	66.5458	66.663
3807	66.5458	66.6192
3808	66.5458	66.8588
3809	66.5458	66.6636
3810	66.5458	66.5806
3811	66.5458	66.668
3812	66.5458	66.698
3813	66.5458	66.5719
3814	66.5458	66.5651
3815	66.5458	66.5595
3816	66.5458	66.5458
3817	66.5458	66.5527
3818	66.5458	66.5586
3819	66.5458	66.5458
3820	66.5458	66.5458
3821	66.5458	66.5855
3822	66.5458	66.5586
3823	66.5458	66.6059
3824	66.5458	66.6471
3825	66.5458	66.5736
3826	66.5458	66.5586
3827	66.5458	66.5627
3828	66.5458	66.5978
3829	66.5458	66.5458
3830	66.5458	66.5602
3831	66.5458	66.5553
3832	66.5458	66.6074
3833	66.5458	66.6542
3834	66.5458	66.7987
3835	66.5458	66.5579
3836	66.5458	66.5458
3837	66.5458	66.5458
3838	66.5458	66.6627
3839	66.5458	66.5742
3840	66.5458	66.5606
3841	66.5458	66.7105
3842	66.5458	66.5458
3843	66.5458	66.5563
3844	66.5458	66.6444
3845	66.5458	66.8351
3846	66.5458	66.6341
3847	66.5458	66.7931
3848	66.5458	66.8207
3849	66.5458	66.6021
3850	66.5458	66.5458
3851	66.5458	66.556
3852	66.5458	66.6106
3853	66.5458	66.561
3854	66.5458	66.7393
3855	66.5458	66.6491
3856	66.5458	66.6127
3857	66.5458	66.5458
3858	66.5458	66.5618
3859	66.5458	66.6416
3860	66.5458	66.5911
3861	66.5458	66.6151
3862	66.5458	66.6828
3863	66.5458	66.6217
3864	66.5458	66.5524
3865	66.5458	66.681
3866	66.5458	66.6899
3867	66.5458	66.5897
3868	66.5458	66.5458
3869	66.5458	66.5458
3870	66.5458	66.5458
3871	66.5458	66.5458
3872	66.5458	66.5458
3873	66.5458	66.5458
3874	66.5458	66.5458
3875	66.5458	66.5458
3876	66.5458	66.621
3877	66.5458	66.7156
3878	66.5458	66.6269
3879	66.5458	66.6315
3880	66.5458	66.7673
3881	66.5458	66.5458
3882	66.5458	66.5458
3883	66.5458	66.6081
3884	66.5458	66.5458
3885	66.5458	66.5458
3886	66.5458	66.5458
3887	66.5458	66.5458
3888	66.5458	66.5875
3889	66.5458	66.5701
3890	66.5458	66.5495
3891	66.5458	66.555
3892	66.5458	66.5943
3893	66.5458	66.5458
3894	66.5458	66.5581
3895	66.5458	66.7539
3896	66.5458	66.6528
3897	66.5458	66.6205
3898	66.5458	66.5458
3899	66.5458	66.5458
3900	66.5458	66.5868
3901	66.5458	66.5699
3902	66.5458	66.5904
3903	66.5458	66.8876
3904	66.5458	66.8403
3905	66.5458	66.6575
3906	66.5458	66.5698
3907	66.5458	66.5458
3908	66.5458	66.5458
3909	66.5458	66.5746
3910	66.5458	66.5581
3911	66.5458	66.5465
3912	66.5458	66.5458
3913	66.5458	66.5526
3914	66.5458	66.5458
3915	66.5458	66.5834
3916	66.5458	66.5458
3917	66.5458	66.5524
3918	66.5458	66.6529
3919	66.5458	66.5458
3920	66.5458	66.7436
3921	66.5458	66.6612
3922	66.5458	66.8083
3923	66.5458	66.6077
3924	66.5458	66.5627
3925	66.5458	66.5458
3926	66.5458	66.5463
3927	66.5458	66.5458
3928	66.5458	66.6051
3929	66.5458	66.7681
3930	66.5458	66.6453
3931	66.5458	66.9248
3932	66.5458	66.618
3933	66.5458	66.5458
3934	66.5458	66.5562
3935	66.5458	66.5458
3936	66.5458	66.6285
3937	66.5458	66.5957
3938	66.5458	66.5458
3939	66.5458	66.5458
3940	66.5458	66.5461
3941	66.5458	66.5468
3942	66.5458	66.5628
3943	66.5458	66.6505
3944	66.5458	66.5814
3945	66.5458	66.5804
3946	66.5458	66.5458
3947	66.5458	66.59
3948	66.5458	66.5879
3949	66.5458	66.6699
3950	66.5458	66.9315
3951	66.5458	66.6276
3952	66.5458	66.5616
3953	66.5458	66.5687
3954	66.5458	66.5573
3955	66.5458	66.5458
3956	66.5458	66.5458
3957	66.5458	66.5458
3958	66.5458	66.5863
3959	66.5458	66.6466
3960	66.5458	66.5968
3961	66.5458	66.5675
3962	66.5458	66.6186
3963	66.5458	66.5477
3964	66.5458	66.5523
3965	66.5458	66.7293
3966	66.5458	66.6409
3967	66.5458	66.6233
3968	66.5458	66.6495
3969	66.5458	66.5833
3970	66.5458	66.5938
3971	66.5458	66.6033
3972	66.5458	66.5458
3973	66.5458	66.5458
3974	66.5458	66.5458
3975	66.5458	66.638
3976	66.5458	66.7253
3977	66.5458	66.6253
3978	66.5458	66.8361
3979	66.5458	66.5458
3980	66.5458	66.5458
3981	66.5458	66.5498
3982	66.5458	66.6543
3983	66.5458	66.6445
3984	66.5458	66.6368
3985	66.5458	66.567
3986	66.5458	66.5476
3987	66.5458	66.5458
3988	66.5458	66.5458
3989	66.5458	66.6859
3990	66.5458	66.5991
3991	66.5458	66.577
3992	66.5458	66.7315
3993	66.5458	66.6384
3994	66.5458	66.6036
3995	66.5458	66.7104
3996	66.5458	66.7007
3997	66.5458	66.7897
3998	66.5458	66.613
3999	66.5458	66.5458
