0	420.972	463.529
1	396.905	439.685
2	391.697	419.117
3	383.342	401.851
4	376.26	391.077
5	370.656	384.377
6	362.718	377.27
7	357.637	370.072
8	341.928	364.089
9	338.276	355.513
10	333.68	347.182
11	327.693	340.589
12	324.992	335.396
13	319.372	331.15
14	313.736	326.934
15	307.668	321.834
16	301.356	316.337
17	293.371	310.103
18	286.33	303.4
19	283.679	296.408
20	276.253	289.329
21	276.253	284.411
22	272.432	279.923
23	271.164	276.207
24	268.112	274.163
25	265.614	271.847
26	264.103	269.514
27	258.215	267.361
28	251.411	264.652
29	248.095	260.085
30	244.444	256.569
31	242.698	251.71
32	237.921	248.419
33	235.692	244.52
34	230.688	239.988
35	227.223	236.808
36	225.583	233.168
37	221.479	229.252
38	220.606	226.428
39	217.292	223.926
40	213.265	220.963
41	211.107	218.41
42	209.142	215.193
43	204.398	212.52
44	204.244	210.213
45	202.463	208.551
46	198.4	206.367
47	195.444	204.553
48	194.472	201.828
49	189.627	198.741
50	187.804	195.138
51	182.459	192.135
52	180.971	187.892
53	177.131	184.113
54	168.414	181.13
55	166.926	176.817
56	165.701	171.769
57	165.016	168.014
58	162.671	166.475
59	159.373	165.203
60	158.744	163.469
61	157.093	161.822
62	154.932	159.922
63	154.932	158.419
64	153.301	156.502
65	152.107	155.35
66	151.036	154.317
67	147.639	153.405
68	144.858	151.692
69	144.803	149.418
70	143.116	146.957
71	142.222	145.3
72	140.276	143.791
73	138.833	142.44
74	138.78	141.103
75	137.371	140.036
76	134.833	139.222
77	133.698	137.961
78	132.671	135.881
79	131.654	134.685
80	131.149	133.335
81	129.916	132.226
82	128.01	131.818
83	127.241	130.516
84	125.395	128.932
85	124.95	127.749
86	124.593	126.55
87	124	125.915
88	123.871	125.047
89	121.863	124.804
90	121.584	123.93
91	120.642	123.096
92	120.363	122.14
93	119.048	121.944
94	117.664	121.477
95	116.324	119.852
96	114.721	119.019
97	114.524	117.3
98	114.033	116.004
99	113.635	114.882
100	113.383	114.437
101	112.314	114.006
102	111.916	113.488
103	111.303	112.842
104	111.114	112.382
105	110.178	111.743
106	110.178	111.135
107	109.666	110.717
108	108.84	110.409
109	108.774	110.108
110	107.917	109.724
111	107.811	109.22
112	107.184	108.625
113	106.833	108.196
114	106.833	107.761
115	105.809	107.213
116	105.809	106.899
117	104.85	106.531
118	104.743	105.873
119	104.741	105.425
120	104.382	105.058
121	104.225	105.036
122	103.776	105.026
123	103.776	104.622
124	102.663	104.56
125	102.056	104.113
126	101.326	103.303
127	100.521	102.599
128	100.29	101.556
129	99.7224	101.109
130	97.4824	100.714
131	97.1633	99.8251
132	96.3475	98.7658
133	96.0283	97.9546
134	95.329	96.9986
135	94.925	96.4183
136	94.925	95.9743
137	94.3862	95.5797
138	94.3862	95.0571
139	93.8719	94.8127
140	93.4343	94.4879
141	93.4343	94.3062
142	93.4343	94.0723
143	93.4343	93.9056
144	93.3287	93.5254
145	92.7312	93.4564
146	92.2178	93.3266
147	92.1122	93.1635
148	92.1122	92.8767
149	91.8939	92.5626
150	91.5108	92.3932
151	91.5108	92.6286
152	91.0765	92.3399
153	91.0765	91.9762
154	90.5558	91.9425
155	90.3949	91.3004
156	89.9606	90.9231
157	89.9606	90.8547
158	89.9529	90.3925
159	89.9529	90.0987
160	89.5559	90.0071
161	89.5482	89.9111
162	89.31	89.7388
163	89.181	89.6257
164	88.9351	89.3911
165	88.9351	89.2547
166	88.9351	89.0725
167	88.9351	88.9889
168	88.9351	88.9668
169	88.2854	88.9395
170	88.2854	88.9046
171	88.2854	88.6442
172	88.2024	88.5801
173	87.8275	88.3988
174	87.7031	88.2992
175	87.7031	88.1959
176	87.6478	88.0067
177	87.6478	87.8897
178	87.2127	87.6821
179	87.2127	87.7242
180	86.9143	87.857
181	86.9143	87.9882
182	86.6221	87.9477
183	85.5626	87.293
184	85.5255	87.1281
185	85.5255	86.3529
186	83.6875	85.7789
187	83.6875	85.3472
188	83.6875	84.7325
189	83.3411	84.1186
190	83.283	83.809
191	83.283	83.6359
192	82.9366	83.5529
193	82.9366	83.4151
194	82.1642	83.1411
195	82.1642	82.9147
196	82.1642	82.7123
197	81.5584	82.3842
198	81.212	82.2943
199	81.212	81.8655
200	81.0703	81.5083
201	81.0703	81.3136
202	81.0703	81.1982
203	80.2989	81.1707
204	80.1573	80.9885
205	80.1573	80.6252
206	80.1573	80.3576
207	79.9566	80.2831
208	79.8847	80.2383
209	79.8847	80.0964
210	79.8847	80.0836
211	79.7794	80.1306
212	79.7794	79.9776
213	79.7691	80.0649
214	79.4993	80.109
215	79.4993	79.7846
216	79.489	79.6255
217	79.489	79.6584
218	79.489	79.5088
219	79.364	79.5308
220	79.364	79.6116
221	79.2618	79.6191
222	79.1368	79.4268
223	78.6823	79.3195
224	78.6823	79.413
225	78.6295	79.2749
226	78.1298	79.4229
227	78.1298	78.995
228	78.1298	79.1328
229	78.0433	78.7476
230	78.0433	78.534
231	78.0433	78.29
232	78.0433	78.4398
233	78.0433	78.665
234	78.0433	78.3261
235	78.0433	78.1069
236	78.0433	78.2841
237	78.0433	78.2098
238	78.0433	78.0992
239	78.0433	78.1738
240	78.0433	78.1114
241	78.0433	78.0433
242	78.0433	78.0802
243	78.0433	78.0763
244	78.0433	78.0476
245	78.0433	78.1249
246	78.0433	78.1231
247	78.0433	78.0921
248	78.0433	78.1446
249	78.0433	78.1168
250	78.0433	78.1795
251	78.0433	78.2746
252	78.0433	78.119
253	78.0433	78.0433
254	78.0433	78.0443
255	78.0433	78.0433
256	78.0433	78.1328
257	78.0433	78.0736
258	77.5426	78.0418
259	77.2029	78.0449
260	77.2029	77.9464
261	77.2029	77.6813
262	77.2029	77.4376
263	77.2029	77.2868
264	77.2029	77.2188
265	77.2029	77.3282
266	77.2029	77.2145
267	77.2029	77.2146
268	76.471	77.2087
269	76.471	77.0816
270	76.471	76.8904
271	76.471	76.7381
272	76.471	76.5173
273	75.7215	76.5105
274	75.7215	76.3808
275	75.7215	76.0873
276	75.7215	75.9622
277	75.7215	75.8511
278	75.7215	75.7563
279	75.7215	75.7672
280	75.7215	75.7215
281	75.7215	75.7251
282	75.7215	75.7223
283	75.6342	75.7213
284	75.6342	75.7595
285	75.6342	75.7438
286	75.5618	75.7231
287	75.5618	75.8403
288	75.5618	75.9419
289	75.5618	75.704
290	75.5618	75.819
291	75.5618	75.6773
292	75.5618	75.8095
293	75.218	75.8049
294	74.7349	75.6236
295	74.7349	75.2897
296	74.7349	75.0046
297	74.7349	74.8045
298	74.7349	74.8131
299	74.7349	74.7704
300	74.7349	74.8233
301	74.7349	74.7487
302	74.7349	74.7476
303	74.7349	74.7349
304	74.7349	74.7445
305	74.7349	74.7408
306	74.7344	74.778
307	74.7344	74.8212
308	74.7344	74.7346
309	74.7344	74.7399
310	74.7344	74.8512
311	74.7344	74.7485
312	74.7344	74.8379
313	74.0744	74.9022
314	74.0744	74.7873
315	73.4447	74.4956
316	73.4447	74.1122
317	73.4447	73.7845
318	73.4447	73.568
319	73.4447	73.4667
320	73.4447	73.464
321	73.4447	73.4447
322	72.8576	73.5589
323	72.8576	73.5404
324	72.8145	73.3276
325	72.8145	73.1326
326	72.8145	72.8603
327	72.8145	72.8222
328	72.8145	72.8463
329	72.8145	72.8482
330	72.8145	72.822
331	72.8145	72.8145
332	72.8145	72.8145
333	72.8145	72.8781
334	72.8145	72.8973
335	72.8145	72.8509
336	72.8145	72.8439
337	72.8145	72.9339
338	72.8145	72.8307
339	72.8145	72.8844
340	72.8145	72.8351
341	72.8145	72.83
342	72.8145	72.821
343	72.4991	72.948
344	72.4991	72.8231
345	72.4991	72.649
346	72.4991	72.6739
347	72.4991	72.5913
348	72.4991	72.593
349	72.4991	72.6211
350	72.4991	72.5939
351	72.4991	72.6867
352	72.4991	72.6457
353	72.4991	72.5262
354	72.4991	73.0569
355	72.4991	72.5633
356	72.4991	72.5815
357	72.4991	72.5032
358	72.4991	72.527
359	72.4991	72.4991
360	72.4991	72.6095
361	72.4991	72.5984
362	72.4991	72.7384
363	72.4991	72.5163
364	72.4991	72.5152
365	72.4991	72.4991
366	72.4991	72.4991
367	72.4991	72.4991
368	72.4991	72.5075
369	72.4991	72.5639
370	72.4991	72.5177
371	72.4977	72.51
372	72.4977	72.4989
373	72.4977	72.4984
374	72.4977	72.527
375	72.4977	72.5899
376	72.4977	72.5855
377	72.4977	72.5037
378	72.4977	72.507
379	72.4977	72.5367
380	72.4977	72.4977
381	72.4977	72.4977
382	72.4977	72.5025
383	72.4977	72.5061
384	72.4977	72.4977
385	72.4977	72.5015
386	72.4977	72.5043
387	72.4744	72.5061
388	72.4744	72.567
389	72.4744	72.7683
390	72.4744	72.8909
391	72.4744	72.6491
392	72.4744	72.5065
393	72.4744	72.5409
394	72.4744	72.4867
395	72.4744	72.5228
396	72.4744	72.4744
397	72.4744	72.4744
398	72.4744	72.4822
399	72.4744	72.4751
400	72.4744	72.5077
401	72.4744	72.4885
402	72.4744	72.4744
403	72.4744	72.4797
404	72.4744	72.4872
405	72.4744	72.6164
406	72.4744	72.5266
407	72.4744	72.4744
408	72.4744	72.4785
409	72.4744	72.5102
410	72.4744	72.4744
411	72.4744	72.4744
412	72.4744	72.4747
413	72.4744	72.4744
414	72.4744	72.4822
415	72.4744	72.4997
416	72.4744	72.4744
417	72.4577	72.4743
418	72.4577	72.4965
419	72.4577	72.5668
420	72.4577	72.6303
421	72.4577	72.7096
422	72.4577	72.5171
423	72.4577	72.5416
424	72.4577	72.5481
425	72.4577	72.4577
426	72.4577	72.4646
427	72.4577	72.4577
428	72.4577	72.4661
429	72.4577	72.5368
430	72.4577	72.5706
431	72.4577	72.4908
432	72.4577	72.4634
433	72.4577	72.4622
434	71.8447	72.4831
435	71.8447	72.3889
436	71.8447	72.1315
437	71.1831	71.9379
438	71.1831	71.8086
439	71.1831	71.6628
440	71.1831	71.3707
441	71.1831	71.3152
442	71.1831	71.1831
443	71.1831	71.1831
444	71.1831	71.1831
445	70.8565	71.1822
446	70.8565	71.1338
447	70.8565	71.0162
448	70.8565	71.0797
449	70.7976	70.9399
450	70.7976	70.8824
451	70.7976	70.8995
452	70.7976	70.8099
453	70.7976	70.812
454	70.7976	70.8141
455	70.7976	70.7976
456	70.7976	70.8269
457	70.7976	70.7976
458	70.7976	70.8597
459	70.7976	70.8284
460	70.7976	70.8382
461	70.7976	70.8874
462	70.7976	70.7985
463	70.7976	70.7976
464	70.7976	70.9414
465	70.7976	70.7976
466	70.7976	70.7987
467	70.7976	70.8071
468	70.7976	70.8175
469	70.7976	70.7976
470	70.7976	70.8046
471	70.7976	70.8361
472	70.7976	70.8502
473	70.7976	70.7976
474	70.7976	70.808
475	70.7976	70.7976
476	70.7976	70.8451
477	70.7976	70.8002
478	70.7976	70.801
479	70.7976	70.8134
480	70.7976	70.798
481	70.7976	70.7976
482	70.7976	70.7976
483	70.7976	70.7976
484	70.7976	70.7976
485	70.7976	70.7976
486	70.7976	70.7976
487	70.7976	70.7976
488	70.7976	70.7976
489	70.7976	70.8
490	70.7976	70.7976
491	70.7976	70.839
492	70.7976	70.832
493	70.7976	71.0031
494	70.7976	70.8666
495	70.7976	70.8022
496	70.7886	70.7976
497	70.7886	70.9081
498	70.7886	70.8709
499	70.7886	70.8251
500	70.7886	70.8316
501	70.7886	70.7886
502	70.7886	70.7994
503	70.7886	70.8141
504	70.7886	70.8008
505	70.7886	70.8155
506	70.7886	70.8348
507	70.7886	70.8419
508	70.7886	70.7886
509	70.7886	70.7886
510	70.7886	70.8205
511	70.7886	70.8123
512	70.7886	70.8755
513	70.7429	70.8012
514	70.7429	70.7904
515	70.7429	70.9608
516	70.7429	70.8579
517	70.7429	70.7681
518	70.7429	70.744
519	70.7429	70.7429
520	70.7429	70.7732
521	70.7429	70.7429
522	70.7429	70.8302
523	70.7429	70.7457
524	70.7429	70.8841
525	70.7429	70.7771
526	70.7429	70.754
527	70.7429	70.7429
528	70.7429	70.7429
529	70.7429	70.7651
530	70.7429	70.7689
531	70.7429	70.7927
532	70.7429	70.7935
533	70.7429	70.7503
534	70.7429	70.7429
535	70.7429	70.758
536	70.7429	70.7447
537	70.7429	70.7429
538	70.7429	70.7429
539	70.7429	70.8421
540	70.7429	70.7603
541	70.7429	70.7798
542	70.6381	70.7426
543	70.6381	70.7264
544	70.6381	70.7592
545	70.6381	70.7408
546	70.6381	70.6674
547	70.6381	70.7624
548	70.6381	70.6996
549	70.6381	70.6551
550	70.6381	70.6381
551	70.6381	70.6385
552	70.6381	70.6585
553	70.6381	70.6965
554	70.6381	70.7121
555	70.6381	70.6679
556	70.6381	70.6381
557	70.6381	70.7725
558	70.6381	70.9082
559	70.6381	70.7179
560	70.6381	70.6381
561	70.6381	70.6382
562	70.6381	70.6381
563	70.6381	70.6572
564	70.6381	70.8678
565	70.6381	70.6754
566	70.6381	70.6754
567	70.6381	70.6381
568	70.6381	70.6527
569	70.6381	70.6381
570	70.6381	70.6381
571	70.6381	70.6588
572	70.6381	70.6655
573	70.6381	70.722
574	70.6381	70.654
575	70.6381	70.6381
576	70.6381	70.6381
577	70.6381	70.64
578	70.6381	70.7065
579	70.6381	70.7117
580	70.6381	70.7554
581	70.6381	70.6476
582	70.6381	70.6444
583	70.6381	70.643
584	70.6381	70.6493
585	70.6381	70.6381
586	70.6381	70.6381
587	70.6381	70.6381
588	70.6381	70.6381
589	70.6381	70.6381
590	70.6381	70.7977
591	70.6381	70.7153
592	70.6381	70.6969
593	70.6381	70.6767
594	70.6381	70.6632
595	70.6381	70.6381
596	70.6381	70.663
597	70.6381	70.7129
598	70.6381	70.7096
599	70.3564	70.7117
600	70.3564	70.5995
601	70.2038	70.5364
602	70.2038	70.382
603	70.2038	70.295
604	70.2038	70.2564
605	70.2038	70.2156
606	70.2038	70.2475
607	70.2038	70.2816
608	70.2038	70.3533
609	70.2038	70.3316
610	70.2038	70.4071
611	70.2038	70.3662
612	70.2038	70.275
613	70.2038	70.2038
614	70.2038	70.3483
615	70.2038	70.2038
616	70.2038	70.2038
617	70.2038	70.2461
618	70.2038	70.2108
619	70.2038	70.2038
620	70.2038	70.2687
621	70.2038	70.2038
622	70.2038	70.2371
623	70.2038	70.2105
624	70.2038	70.2151
625	70.2038	70.2299
626	70.2038	70.4534
627	70.2038	70.2845
628	70.2038	70.3463
629	70.2038	70.3122
630	70.2038	70.4068
631	70.2038	70.2534
632	70.2038	70.2169
633	70.2038	70.2038
634	70.2038	70.2038
635	70.2038	70.2038
636	70.2038	70.2038
637	70.2038	70.8164
638	70.2038	73.1152
639	70.2038	74.1193
640	70.2038	72.7344
641	70.2038	71.7645
642	70.2038	70.8213
643	70.2038	70.5564
644	70.2038	70.4111
645	70.2038	70.212
646	70.2038	70.2376
647	70.2038	70.5152
648	70.2038	70.3737
649	70.2038	70.3211
650	70.2038	70.4446
651	69.7755	70.2395
652	69.7755	70.2316
653	69.7755	70.1308
654	69.7755	69.8514
655	69.7755	69.8116
656	69.7755	69.7755
657	69.7755	69.7995
658	69.7755	69.7827
659	69.7755	69.8439
660	69.7755	69.9008
661	69.7755	69.8121
662	69.7755	69.8519
663	69.7755	69.822
664	69.7755	69.8619
665	69.7755	69.7755
666	69.7755	69.7755
667	69.7755	69.7897
668	69.7755	69.8273
669	69.7755	69.8821
670	69.7755	69.8499
671	69.7755	69.7755
672	69.7755	69.7755
673	69.7755	69.7755
674	69.7755	69.8563
675	69.7755	69.8003
676	69.7755	69.7968
677	69.7755	69.7785
678	69.7755	69.7755
679	69.7755	69.7755
680	69.7755	69.7755
681	69.7755	69.9783
682	69.7755	69.8645
683	69.7755	69.778
684	69.7755	69.7755
685	69.7755	69.7755
686	69.7755	69.8019
687	69.7755	69.8008
688	69.7755	69.8331
689	69.7755	69.848
690	69.7755	69.8339
691	69.7755	69.7956
692	69.7755	69.8264
693	69.7755	69.9902
694	69.7755	69.9459
695	69.7755	69.8113
696	69.7755	69.7755
697	69.7755	69.788
698	69.7755	69.7755
699	69.7755	69.8503
700	69.7755	69.8069
701	69.7755	69.8389
702	69.7755	69.8163
703	69.7755	69.8128
704	69.7755	69.8182
705	69.7755	69.9465
706	69.7755	69.8972
707	69.7755	69.8344
708	69.7755	69.8095
709	69.7755	69.9132
710	69.7755	69.8242
711	69.7755	69.7809
712	69.7755	69.7755
713	69.7755	69.846
714	69.7755	69.813
715	69.7755	69.7764
716	69.7755	69.7755
717	69.7755	69.7876
718	69.7755	69.7978
719	69.7755	69.9016
720	69.7755	69.9724
721	69.7755	69.8506
722	69.7755	69.899
723	69.7755	69.8124
724	69.7755	69.7931
725	69.7755	69.8252
726	69.7755	69.7999
727	69.7755	70.1179
728	69.7755	70.0143
729	69.7755	69.8159
730	69.7755	69.9761
731	69.7755	69.8534
732	69.7755	69.804
733	69.7755	69.8177
734	69.7755	69.8274
735	69.7755	69.9603
736	69.7755	69.8794
737	69.7755	69.8621
738	69.7755	69.806
739	69.7755	69.7782
740	69.7755	69.7755
741	69.7755	69.7755
742	69.7755	69.8031
743	69.7755	69.8285
744	69.7755	69.8046
745	69.7755	69.8323
746	69.7755	69.806
747	69.7755	70.0275
748	69.7755	69.8289
749	69.7755	69.7932
750	69.7755	69.8681
751	69.7755	69.8217
752	69.7755	69.7828
753	69.7755	69.9025
754	69.7755	69.9062
755	69.7755	69.8933
756	69.7755	69.8118
757	69.7755	69.784
758	69.7755	69.8003
759	69.7755	69.9508
760	69.7755	70.0071
761	69.7755	69.8703
762	69.7755	69.7756
763	69.7755	69.8136
764	69.7755	69.9497
765	69.7755	69.9918
766	69.7755	69.7839
767	69.7755	69.7755
768	69.7755	69.7755
769	69.7755	69.7755
770	69.7755	69.9368
771	69.7755	69.8326
772	69.7755	69.7755
773	69.7755	69.7987
774	69.7755	69.8097
775	69.7755	69.8884
776	69.7755	69.9555
777	69.7755	70.0223
778	69.7755	70.1066
779	69.7755	69.9495
780	69.7755	69.8079
781	69.7755	69.8491
782	69.7755	69.8039
783	69.7755	69.8925
784	69.7755	69.9724
785	69.7755	69.8434
786	69.7755	69.7755
787	69.7755	69.7755
788	69.7755	69.7755
789	69.7755	69.7998
790	69.7755	69.7755
791	69.7755	69.7755
792	69.7755	69.7772
793	69.7755	69.9449
794	69.7755	69.9428
795	69.7455	69.7754
796	69.7455	69.7795
797	69.7455	69.7576
798	69.7455	69.7491
799	69.7455	69.7776
800	69.7455	69.8536
801	69.7455	69.8121
802	69.7455	69.7456
803	69.7455	69.749
804	69.7455	69.7949
805	69.7455	69.8211
806	69.7455	69.7499
807	69.7455	69.7455
808	69.7455	69.7455
809	69.7455	69.7542
810	69.7455	69.7455
811	69.7455	69.8315
812	69.7455	69.7776
813	69.7455	69.885
814	69.7455	69.8017
815	69.7455	69.8538
816	69.7455	69.7455
817	69.7455	69.7608
818	69.7455	69.774
819	69.7455	69.8417
820	69.7455	69.7996
821	69.7455	69.751
822	69.7455	69.7455
823	69.7455	69.9229
824	69.7455	69.7455
825	69.7455	69.7559
826	69.7455	69.7455
827	69.7455	69.7455
828	69.7455	69.8212
829	69.7455	69.8196
830	69.7455	69.7566
831	69.7455	69.7515
832	69.7455	69.9218
833	69.7455	69.7907
834	69.7455	69.8283
835	69.7455	69.752
836	69.7455	69.9544
837	69.7455	69.7495
838	69.7455	69.8596
839	69.7455	69.8319
840	69.7455	69.7801
841	69.7455	69.7455
842	69.7455	69.7858
843	69.7455	69.8449
844	69.7455	69.8088
845	69.7455	69.9519
846	69.7455	69.7885
847	69.7455	69.8285
848	69.7455	69.7701
849	69.7455	69.7801
850	69.7455	70.1078
851	69.7455	69.7518
852	69.7455	69.7972
853	69.7455	69.7782
854	69.7455	69.8353
855	69.7455	69.7455
856	69.7455	69.7558
857	69.7455	69.7638
858	69.7455	69.7455
859	69.7455	69.7455
860	69.7455	69.7455
861	69.7455	70.0273
862	69.7455	69.834
863	69.7455	69.8251
864	69.7455	69.7651
865	69.7455	69.7945
866	69.7455	69.8321
867	69.7455	69.8255
868	69.7455	69.7876
869	69.7455	69.807
870	69.7455	69.7455
871	69.7455	69.7455
872	69.7455	69.7647
873	69.7455	69.8492
874	69.7455	69.7772
875	69.7455	69.7682
876	69.7455	69.872
877	69.7455	69.7649
878	69.7455	69.8252
879	69.7455	69.8225
880	69.7455	69.9301
881	69.6767	69.9594
882	69.6586	69.8912
883	69.6586	69.7788
884	69.6586	69.7553
885	69.6586	69.6649
886	69.6586	69.6587
887	69.6586	69.6974
888	69.6586	69.6586
889	69.6586	69.6586
890	69.6586	69.661
891	69.6586	69.6586
892	69.6586	69.6586
893	69.6586	69.6922
894	69.6586	69.6586
895	69.6586	69.8301
896	69.6586	69.6641
897	69.6586	69.6877
898	69.6586	69.7233
899	69.6586	69.7241
900	69.6586	69.7016
901	69.6586	69.7191
902	69.6586	69.6586
903	69.6586	69.7087
904	69.6586	69.6619
905	69.6586	69.7433
906	69.6586	69.6709
907	69.6586	69.6668
908	69.6586	69.6994
909	69.6586	69.7457
910	69.6586	69.7166
911	69.6586	69.7226
912	69.6586	69.692
913	69.6586	69.6586
914	69.6586	69.7741
915	69.6586	69.6586
916	69.6586	69.68
917	69.6586	69.66
918	69.6586	69.6936
919	69.6586	69.6662
920	69.6586	69.6939
921	69.6586	69.6727
922	69.6586	69.6586
923	69.6586	69.6586
924	69.6586	69.6672
925	69.6586	69.6637
926	69.6586	69.6609
927	69.6586	69.6586
928	69.6586	69.6856
929	69.6586	69.6586
930	69.6586	69.6586
931	69.6586	69.6586
932	69.6586	69.692
933	69.6586	69.8901
934	69.6586	69.6871
935	69.6586	69.8219
936	69.6586	69.6658
937	69.6586	69.7355
938	69.6586	69.6923
939	69.6586	69.7643
940	69.6586	69.6751
941	69.6586	69.6735
942	69.6586	69.6659
943	69.6586	69.8182
944	69.6586	69.87
945	69.6586	69.7227
946	69.6586	69.6745
947	69.6586	69.7423
948	69.6586	69.6586
949	69.6586	69.8118
950	69.6586	69.7332
951	69.6586	69.6807
952	69.6586	69.7029
953	69.6586	69.6782
954	69.6586	69.843
955	69.6586	69.6926
956	69.6586	69.6699
957	69.6586	69.6991
958	69.6586	69.6586
959	69.6586	69.6586
960	69.6586	69.6598
961	69.6586	69.6586
962	69.6586	69.6596
963	69.6586	69.6586
964	69.6586	69.6586
965	69.6586	69.6616
966	69.6586	69.6586
967	69.6586	69.6586
968	69.6586	69.6975
969	69.6586	69.7975
970	69.6586	69.6821
971	69.6586	69.6586
972	69.6586	69.6586
973	69.6586	69.7169
974	69.6586	69.6586
975	69.6586	69.6586
976	69.6586	69.6586
977	69.6586	69.6586
978	69.6586	69.6657
979	69.6586	69.6795
980	69.6586	69.6801
981	69.6586	69.6642
982	69.6586	69.6586
983	69.6586	69.7131
984	69.6586	69.8491
985	69.6586	69.6953
986	69.6586	69.703
987	69.6586	69.6632
988	69.6586	69.7116
989	69.6586	69.7507
990	69.6586	69.994
991	69.6586	70.0593
992	69.6586	69.9357
993	69.6586	69.6782
994	69.6586	69.666
995	69.6586	69.7627
996	69.6586	69.6824
997	69.6586	69.6586
998	69.6586	69.6586
999	69.6586	69.7079
1000	69.6586	69.7052
1001	69.6586	70.1107
1002	69.6586	69.7386
1003	69.6586	69.6626
1004	69.6586	69.6774
1005	69.6586	69.6664
1006	69.6586	69.8191
1007	69.6586	69.6909
1008	69.6586	69.6774
1009	69.6586	69.6586
1010	69.6586	69.7021
1011	69.6586	69.7241
1012	69.6586	69.8596
1013	69.6586	69.6941
1014	69.6586	69.7304
1015	69.6586	69.6586
1016	69.6586	69.6586
1017	69.6586	69.6586
1018	69.6586	69.7405
1019	69.6586	69.6626
1020	69.6586	69.669
1021	69.6586	69.6586
1022	69.6586	69.6966
1023	69.6586	69.9053
1024	69.6586	69.7947
1025	69.6586	69.7669
1026	69.6586	69.7445
1027	69.6586	69.8412
1028	69.6586	69.6971
1029	69.6586	69.6586
1030	69.6586	69.6586
1031	69.6586	69.6586
1032	69.6586	69.6586
1033	69.6586	69.6586
1034	69.6586	69.669
1035	69.6586	69.6586
1036	69.6586	69.9825
1037	69.6586	69.8088
1038	69.6586	69.7795
1039	69.6586	69.6943
1040	69.6586	69.7034
1041	69.5129	69.6582
1042	69.5129	69.693
1043	69.5129	69.7834
1044	69.5129	69.6602
1045	69.5129	69.6477
1046	69.5129	69.5349
1047	69.5129	69.5133
1048	69.5129	69.5562
1049	69.5129	69.6963
1050	69.5129	69.697
1051	69.5129	69.5989
1052	69.5129	69.5269
1053	69.5129	69.5129
1054	69.5129	69.7595
1055	69.5129	69.6864
1056	69.5129	69.6994
1057	69.5129	69.5129
1058	69.5129	69.5543
1059	69.5129	69.5956
1060	69.5129	69.5776
1061	69.5129	69.5129
1062	69.5129	69.5205
1063	69.5129	69.5129
1064	69.5129	69.5129
1065	69.5129	69.6747
1066	69.5129	69.5168
1067	69.5129	69.6792
1068	69.5129	69.5129
1069	69.5129	69.5129
1070	69.5129	69.5747
1071	69.5129	69.5334
1072	69.5129	69.5801
1073	69.5129	69.5207
1074	69.5129	69.5557
1075	69.5129	69.5785
1076	69.5129	69.6585
1077	69.5129	69.666
1078	69.5129	69.5907
1079	69.5129	69.5171
1080	69.5129	69.545
1081	69.5129	69.5399
1082	69.5129	69.5129
1083	69.5129	69.5129
1084	69.5129	69.5334
1085	69.5129	69.5129
1086	69.5129	69.5453
1087	69.5129	69.5129
1088	69.5129	69.5345
1089	69.5129	69.5508
1090	69.5129	69.6532
1091	69.5129	69.5129
1092	69.5129	69.6135
1093	69.5129	69.5382
1094	69.5129	69.5129
1095	69.5129	69.5529
1096	69.5129	69.6754
1097	69.5129	69.5377
1098	69.5129	69.517
1099	69.5129	69.5265
1100	69.5129	69.5129
1101	69.5129	69.5835
1102	69.5129	69.5129
1103	69.5129	69.5129
1104	69.5129	69.5129
1105	69.5129	69.5212
1106	69.5129	69.6376
1107	69.5129	69.543
1108	69.5129	69.522
1109	69.5129	69.663
1110	69.5129	69.6287
1111	69.5129	69.5651
1112	69.5129	69.6731
1113	69.5129	69.7777
1114	69.5129	69.6625
1115	69.5129	69.5322
1116	69.5129	69.557
1117	69.5129	69.5639
1118	69.5129	69.573
1119	69.5129	69.5212
1120	69.5129	69.8646
1121	69.5129	69.5401
1122	69.5129	69.739
1123	69.5129	69.5232
1124	69.5129	69.5129
1125	69.5129	69.5172
1126	69.5129	69.5991
1127	69.5129	69.5235
1128	69.5129	69.5715
1129	69.5129	69.6872
1130	69.5129	69.6023
1131	69.5129	69.5332
1132	69.5129	69.6977
1133	69.5129	69.5371
1134	69.5129	69.617
1135	69.5129	69.5129
1136	69.5129	69.5214
1137	69.5129	69.5212
1138	69.5129	69.6197
1139	69.5129	69.5686
1140	69.5129	69.5636
1141	69.5129	69.5129
1142	69.5129	69.5129
1143	69.5129	69.5748
1144	69.5129	69.6991
1145	69.5129	69.8824
1146	69.5129	69.5304
1147	69.5129	69.627
1148	69.5129	69.6214
1149	69.5129	69.7237
1150	69.5129	69.7086
1151	69.5129	69.7133
1152	69.5129	69.5462
1153	69.5129	69.5284
1154	69.5129	69.5835
1155	69.5129	69.7446
1156	69.5129	69.771
1157	69.5129	69.5573
1158	69.5129	69.5774
1159	69.5129	69.6063
1160	69.5129	69.542
1161	69.5129	69.5133
1162	69.5129	69.5129
1163	69.5129	69.5748
1164	69.5129	69.5129
1165	69.5129	69.531
1166	69.5129	69.5534
1167	69.5129	69.5296
1168	69.5129	69.5129
1169	69.5129	69.5129
1170	69.5129	69.5144
1171	69.5129	69.5503
1172	69.5129	69.5129
1173	69.5129	69.5457
1174	69.5129	69.5559
1175	69.5129	69.5728
1176	69.5129	69.687
1177	69.5129	69.79
1178	69.5129	69.7868
1179	69.5129	69.5316
1180	69.5129	69.5393
1181	69.5129	69.5341
1182	69.5129	69.576
1183	69.5129	69.6582
1184	69.5129	69.6012
1185	69.5129	69.5237
1186	69.5129	69.5162
1187	69.5129	69.5129
1188	69.5129	69.5129
1189	69.5129	69.5182
1190	69.5129	69.5319
1191	69.5129	69.5369
1192	69.5129	69.5145
1193	69.5129	69.5238
1194	69.5129	69.5129
1195	69.5129	69.5129
1196	69.5129	69.5129
1197	69.5129	69.5129
1198	69.5129	69.5129
1199	69.5129	69.5129
1200	69.5129	69.5905
1201	69.5129	69.6061
1202	69.5129	69.594
1203	69.5129	69.5129
1204	69.5129	69.5129
1205	69.5129	69.5129
1206	69.5129	69.5372
1207	69.5129	69.56
1208	69.5129	69.6085
1209	69.5129	69.5442
1210	69.5129	69.5129
1211	69.5129	69.5952
1212	69.5129	69.5469
1213	69.5129	69.5241
1214	69.5129	69.5129
1215	69.5129	69.6079
1216	69.5129	69.6889
1217	69.5129	69.6135
1218	69.5129	69.5129
1219	69.5129	69.5691
1220	69.5129	69.5204
1221	69.5129	69.6518
1222	69.5129	69.5129
1223	69.5129	69.5129
1224	69.5129	69.5279
1225	69.5129	69.5467
1226	69.5129	69.6366
1227	69.5129	69.8279
1228	69.5129	69.8024
1229	68.9047	69.5765
1230	68.9047	69.4862
1231	68.9047	69.5045
1232	68.9047	69.1898
1233	68.9047	69.0038
1234	68.9047	68.9148
1235	68.9047	68.9143
1236	68.9047	68.9914
1237	68.9047	68.9924
1238	68.9047	68.9047
1239	68.9047	68.9247
1240	68.9047	68.9798
1241	68.9047	68.9094
1242	68.9047	68.9047
1243	68.9047	68.9047
1244	68.9047	68.9523
1245	68.9047	68.9881
1246	68.9047	69.1549
1247	68.9047	69.1192
1248	68.9047	69.0107
1249	68.9047	68.9988
1250	68.9047	68.9795
1251	68.9047	68.9047
1252	68.9047	68.966
1253	68.9047	68.984
1254	68.9047	68.9532
1255	68.9047	68.9589
1256	68.9047	68.9063
1257	68.9047	69.0919
1258	68.9047	69.0513
1259	68.9047	68.9047
1260	68.9047	68.907
1261	68.9047	68.9047
1262	68.9047	69.0057
1263	68.9047	69.1957
1264	68.9047	69.0646
1265	68.9047	68.9444
1266	68.9047	68.9047
1267	68.9047	68.928
1268	68.9047	68.9908
1269	68.9047	68.9895
1270	68.9047	68.9047
1271	68.9047	69.1007
1272	68.9047	69.0148
1273	68.9047	68.95
1274	68.9047	68.9061
1275	68.9047	68.9145
1276	68.9047	68.9047
1277	68.9047	68.9047
1278	68.9047	69.0031
1279	68.9047	68.9353
1280	68.9047	68.907
1281	68.9047	68.9668
1282	68.9047	68.9047
1283	68.9047	68.9047
1284	68.9047	68.9233
1285	68.9047	68.9224
1286	68.9047	68.9247
1287	68.9047	68.9047
1288	68.4873	68.9035
1289	68.4873	68.8479
1290	68.4873	68.8426
1291	68.4873	68.852
1292	68.4873	68.7995
1293	68.4834	68.6449
1294	68.4834	68.7908
1295	68.4834	68.8038
1296	68.3767	68.7798
1297	68.3767	68.5201
1298	68.3767	68.4969
1299	68.3767	68.3972
1300	68.3767	68.3881
1301	68.2526	68.3821
1302	68.2526	68.4
1303	68.2526	68.3534
1304	68.2526	68.3794
1305	68.2526	68.2694
1306	68.2526	68.2849
1307	68.2526	68.2796
1308	68.2526	68.2706
1309	68.2526	68.3141
1310	68.2526	68.2762
1311	68.2526	68.2526
1312	68.2526	68.2586
1313	68.2526	68.445
1314	68.2526	68.3723
1315	68.2526	68.2526
1316	68.2526	68.2557
1317	68.2526	68.2526
1318	68.2526	68.2526
1319	68.2526	68.2759
1320	68.2526	68.2587
1321	68.2526	68.3472
1322	68.2526	68.3438
1323	68.2526	68.2526
1324	68.2526	68.2574
1325	68.2526	68.2704
1326	68.2526	68.2744
1327	68.2526	68.2526
1328	68.2526	68.2526
1329	68.2526	68.361
1330	68.2526	68.2526
1331	68.2526	68.3659
1332	68.2526	68.3636
1333	68.2526	68.392
1334	68.2526	68.3176
1335	68.2526	68.2526
1336	68.2526	68.2526
1337	68.2526	68.2968
1338	68.2526	68.2526
1339	68.2526	68.2741
1340	68.2526	68.3253
1341	68.2526	68.2715
1342	68.2526	68.2526
1343	68.2526	68.3126
1344	68.2526	68.3115
1345	68.2526	68.3506
1346	68.2526	68.4693
1347	68.2526	68.2611
1348	68.2526	68.3109
1349	68.2526	68.2874
1350	68.2526	68.2802
1351	68.2526	68.288
1352	68.2526	68.2526
1353	68.2526	68.2542
1354	68.2526	68.2526
1355	68.2526	68.2526
1356	68.2526	68.2526
1357	68.2526	68.2553
1358	68.2526	68.357
1359	68.2526	68.3527
1360	68.2526	68.5258
1361	68.2526	68.4156
1362	68.2526	68.2741
1363	68.2526	68.2544
1364	68.2526	68.5107
1365	68.2526	68.4054
1366	68.2526	68.2893
1367	68.2526	68.3503
1368	68.2526	68.381
1369	68.2526	68.277
1370	68.2526	68.3435
1371	68.2526	68.368
1372	68.2526	68.2668
1373	68.2526	68.2627
1374	68.2526	68.2526
1375	68.2526	68.3139
1376	68.2526	68.2526
1377	68.2526	68.329
1378	68.2526	68.2609
1379	68.2526	68.2639
1380	68.2526	68.2593
1381	68.2526	68.4271
1382	68.2526	68.2928
1383	68.2526	68.4126
1384	68.2526	68.3136
1385	68.2526	68.3394
1386	68.2526	68.2892
1387	68.2526	68.2526
1388	68.2526	68.2526
1389	68.2526	68.2727
1390	68.2526	68.2985
1391	68.2526	68.3635
1392	68.2526	68.2614
1393	68.2526	68.2962
1394	68.2526	68.6569
1395	68.2526	68.3218
1396	68.2526	68.2823
1397	68.2526	68.2526
1398	68.2526	68.3119
1399	68.2526	68.4397
1400	68.2526	68.3646
1401	68.2526	68.2928
1402	68.2526	68.2874
1403	68.2526	68.3168
1404	68.2526	68.3982
1405	68.2526	68.373
1406	68.2526	68.4092
1407	68.2526	68.2728
1408	68.2526	68.3172
1409	68.2526	68.3066
1410	68.2526	68.2526
1411	68.2526	68.2905
1412	68.2526	68.2624
1413	68.2526	68.2915
1414	68.2526	68.2572
1415	68.2526	68.2526
1416	68.2526	68.2526
1417	68.2526	68.2526
1418	68.2526	68.2526
1419	68.2526	68.2991
1420	68.2526	68.3032
1421	68.2526	68.5593
1422	68.2526	68.3182
1423	68.2526	68.2764
1424	68.2526	68.2526
1425	68.2526	68.2526
1426	68.2526	68.2533
1427	68.2526	68.3675
1428	68.2526	68.4088
1429	68.2526	68.2526
1430	68.2526	68.4313
1431	68.2526	68.4935
1432	68.2526	68.338
1433	68.2526	68.2635
1434	68.2526	68.2933
1435	68.2526	68.2566
1436	68.2526	68.3173
1437	68.2526	68.2913
1438	68.2526	68.2728
1439	68.2526	68.3191
1440	68.2526	68.4916
1441	68.2526	68.2526
1442	68.2526	68.2896
1443	68.2526	68.6792
1444	68.2526	68.3776
1445	68.2526	68.2526
1446	68.2526	68.3134
1447	68.2526	68.2573
1448	68.2526	68.2813
1449	68.2526	68.3633
1450	68.2526	68.2707
1451	68.2526	68.3082
1452	68.2526	68.2673
1453	68.2526	68.2526
1454	68.2526	68.2799
1455	68.2526	68.2526
1456	68.2526	68.2735
1457	68.2526	68.2526
1458	68.2526	68.277
1459	68.2526	68.3075
1460	68.2526	68.3086
1461	68.2526	68.3343
1462	68.2526	68.2548
1463	68.2526	68.2526
1464	68.2526	68.2526
1465	68.2526	68.2758
1466	68.2526	68.316
1467	68.2526	68.301
1468	68.2526	68.2526
1469	68.2526	68.2793
1470	68.2526	68.3201
1471	68.2526	68.373
1472	68.2526	68.2592
1473	68.2526	68.3117
1474	68.2526	68.2526
1475	68.2526	68.2825
1476	68.2526	68.2526
1477	68.2526	68.2526
1478	68.2526	68.2858
1479	68.2526	68.2526
1480	68.2526	68.5376
1481	68.2526	68.3174
1482	68.2526	68.3058
1483	68.2526	68.4788
1484	68.2526	68.429
1485	68.2526	68.5213
1486	68.2526	68.2935
1487	68.2526	68.4324
1488	68.2526	68.5362
1489	68.2526	68.3539
1490	68.2526	68.3103
1491	68.2526	68.3118
1492	68.2526	68.4219
1493	68.2526	68.3385
1494	68.2526	68.3061
1495	68.2526	68.2722
1496	68.2526	68.2594
1497	68.2526	68.2526
1498	68.2526	68.2526
1499	68.2526	68.2526
1500	68.2526	68.2575
1501	68.2526	68.3204
1502	68.2526	68.4073
1503	68.2526	68.2526
1504	68.2526	68.2526
1505	68.2526	68.2533
1506	68.2526	68.2526
1507	68.2526	68.3126
1508	68.2526	68.2846
1509	68.2526	68.2526
1510	68.2526	68.2526
1511	68.2526	68.3817
1512	68.2526	68.471
1513	68.2526	68.3275
1514	68.2526	68.2978
1515	68.2526	68.2526
1516	68.2526	68.2556
1517	68.2526	68.2661
1518	68.2526	68.3168
1519	68.2526	68.2526
1520	68.2526	68.2526
1521	68.2526	68.2526
1522	68.2526	69.3521
1523	68.2526	70.7551
1524	68.2526	71.2894
1525	68.2526	69.8855
1526	68.2526	68.5986
1527	68.2526	68.2658
1528	68.2526	68.3819
1529	68.2526	68.3643
1530	68.2526	68.279
1531	68.2526	68.6928
1532	68.2526	68.4038
1533	68.2526	68.448
1534	68.2526	68.4981
1535	68.2526	68.3479
1536	68.2526	68.284
1537	68.2526	68.2724
1538	68.2526	68.2526
1539	68.2526	68.2526
1540	68.2526	68.2825
1541	68.2526	68.5012
1542	68.2526	68.3374
1543	68.2526	68.2733
1544	68.2526	68.2922
1545	68.2526	68.2526
1546	68.2526	68.2526
1547	68.2526	68.2625
1548	68.2526	68.2857
1549	68.2526	68.2805
1550	68.2526	68.264
1551	68.2526	68.3229
1552	68.2526	68.3583
1553	68.2526	68.4803
1554	68.2526	68.5478
1555	68.2526	68.2762
1556	68.2526	68.2526
1557	68.2526	68.2526
1558	68.2526	68.2526
1559	68.2526	68.2526
1560	68.2526	68.2526
1561	68.2526	68.263
1562	68.2526	68.2526
1563	68.2526	68.2526
1564	68.2526	68.2594
1565	68.2526	68.3172
1566	68.2526	68.3979
1567	68.2526	68.3524
1568	68.2526	68.2806
1569	68.2526	68.334
1570	68.2526	68.3723
1571	68.2526	68.2886
1572	68.2526	68.465
1573	68.2526	68.2894
1574	68.2526	68.2576
1575	68.2526	68.2775
1576	68.2526	68.3022
1577	68.2526	68.2547
1578	68.2526	68.2526
1579	68.2526	68.2526
1580	68.2526	68.2526
1581	68.2526	68.2526
1582	68.2526	68.2526
1583	68.2526	68.2526
1584	68.2526	68.2526
1585	68.2526	68.2526
1586	68.2526	68.2593
1587	68.2526	68.2526
1588	68.2526	68.3558
1589	68.2526	68.3331
1590	68.2526	68.2823
1591	68.2526	68.2526
1592	68.2526	68.2526
1593	68.2526	68.2581
1594	68.2526	68.2526
1595	68.2526	68.2526
1596	68.2526	68.3449
1597	68.2526	68.2561
1598	68.2526	68.2803
1599	68.2526	68.292
1600	68.2526	68.5083
1601	68.2526	68.3232
1602	68.2526	68.2668
1603	68.2526	68.2526
1604	68.2526	68.2733
1605	68.2526	68.2573
1606	68.2526	68.2963
1607	68.2526	68.2526
1608	68.2526	68.2526
1609	68.2526	68.2526
1610	68.2526	68.4046
1611	68.2526	68.2708
1612	68.2526	68.3048
1613	68.2526	68.3003
1614	68.2526	68.2526
1615	68.2526	68.2526
1616	68.2526	68.2526
1617	68.2526	68.2526
1618	68.2526	68.2526
1619	68.2526	68.2526
1620	68.2526	68.2526
1621	68.2526	68.2526
1622	68.2526	68.2526
1623	68.2526	68.2845
1624	68.2526	68.2529
1625	68.2526	68.3389
1626	68.2526	68.2526
1627	68.2526	68.2526
1628	68.2526	68.3985
1629	68.2526	68.3839
1630	68.2526	68.2675
1631	68.2526	68.2773
1632	68.2526	68.3059
1633	68.2526	68.2724
1634	68.2526	68.2784
1635	68.2526	68.568
1636	68.2526	68.3091
1637	68.2526	68.2526
1638	68.2526	68.2526
1639	68.2526	68.2526
1640	68.2526	68.2526
1641	68.2526	68.2526
1642	68.2526	68.2526
1643	68.2526	68.2526
1644	68.2526	68.2526
1645	68.2526	68.2604
1646	68.2526	68.2691
1647	68.2526	68.263
1648	68.2526	68.2526
1649	68.2526	68.2526
1650	68.2526	68.2588
1651	68.2526	68.432
1652	68.2526	68.2642
1653	68.2526	68.3019
1654	68.2526	68.2526
1655	68.2526	68.2532
1656	68.2526	68.2603
1657	68.2526	68.2526
1658	68.2526	68.3003
1659	68.2526	68.3335
1660	68.2526	68.2526
1661	68.2526	68.3362
1662	68.2526	68.2526
1663	68.2526	68.2526
1664	68.2526	68.2538
1665	68.2526	68.2722
1666	68.2526	68.3076
1667	68.2526	68.4391
1668	68.2526	68.3127
1669	68.2526	68.2526
1670	68.2526	68.2641
1671	68.2526	68.2598
1672	68.2526	68.2526
1673	68.2526	68.2526
1674	68.2526	68.2526
1675	68.2526	68.2526
1676	68.2526	68.328
1677	68.2526	68.3161
1678	68.2526	68.2819
1679	68.2526	68.3634
1680	68.2526	68.2679
1681	68.2526	68.3248
1682	68.2526	68.3201
1683	68.2526	68.3672
1684	68.2526	68.4242
1685	68.2526	68.4719
1686	68.2526	68.2619
1687	68.2526	68.2526
1688	68.2526	68.3241
1689	68.2526	68.3585
1690	68.2526	68.3491
1691	68.2526	68.3445
1692	68.2526	68.3753
1693	68.2526	68.4207
1694	68.2526	68.2526
1695	68.2526	68.3531
1696	68.2526	68.2824
1697	68.2526	68.3274
1698	68.2526	68.4372
1699	68.2526	68.3039
1700	68.2526	68.2526
1701	68.2526	68.2946
1702	68.2526	68.3858
1703	68.2526	68.2526
1704	68.2526	68.3353
1705	68.2526	68.3255
1706	68.2526	68.4562
1707	68.2526	68.2976
1708	68.2526	68.2526
1709	68.2526	68.284
1710	68.2526	68.3015
1711	68.2526	68.3317
1712	68.2526	68.3853
1713	68.2526	68.2526
1714	68.2526	68.2526
1715	68.2526	68.2526
1716	68.2526	68.2526
1717	68.2526	68.2526
1718	68.2526	68.2526
1719	68.2526	68.2526
1720	68.2526	68.2567
1721	68.2526	68.2581
1722	68.2526	68.2526
1723	68.2526	68.2642
1724	68.2526	68.2544
1725	68.2526	68.2526
1726	68.2526	68.2526
1727	68.2526	68.2526
1728	68.2526	68.2526
1729	68.2526	68.2526
1730	68.2526	68.2526
1731	68.2526	68.2699
1732	68.2526	68.2808
1733	68.2526	68.2611
1734	68.2526	68.4566
1735	68.2526	68.2954
1736	68.2526	68.4774
1737	68.2526	68.3165
1738	68.2526	68.6448
1739	68.2526	68.3273
1740	68.2526	68.2526
1741	68.2526	68.2574
1742	68.2526	68.2582
1743	68.2526	68.2692
1744	68.2526	68.3149
1745	68.2526	68.318
1746	68.2526	68.3383
1747	68.2526	68.2908
1748	68.2526	68.299
1749	68.2526	68.2526
1750	68.2526	68.2735
1751	68.2526	68.3267
1752	68.2526	68.3305
1753	68.2526	68.2595
1754	68.2526	68.2703
1755	68.2526	68.2778
1756	68.2526	68.2526
1757	68.2526	68.2667
1758	68.2526	68.2617
1759	68.2526	68.3291
1760	68.2526	68.2656
1761	68.2526	68.2526
1762	68.2526	68.2526
1763	68.2526	68.2551
1764	68.2526	68.3796
1765	68.2526	68.2726
1766	68.2526	68.2608
1767	68.2526	68.275
1768	68.2526	68.2592
1769	68.2526	68.2526
1770	68.2526	68.2784
1771	68.2526	68.2526
1772	68.2526	68.2655
1773	68.2526	68.3327
1774	68.2526	68.3555
1775	68.2526	68.3835
1776	68.2526	68.2586
1777	68.2526	68.2662
1778	68.2526	68.266
1779	68.2526	68.2526
1780	68.2526	68.2701
1781	68.2526	68.2779
1782	68.2526	68.2609
1783	68.2526	68.3546
1784	68.2526	68.3573
1785	68.2526	68.2896
1786	68.2526	68.2526
1787	68.2526	68.261
1788	68.2526	68.309
1789	68.2526	68.4833
1790	68.2526	68.3749
1791	68.2526	68.2977
1792	68.2526	68.3898
1793	68.2526	68.2526
1794	68.2526	68.2526
1795	68.2526	68.3404
1796	68.2526	68.3049
1797	68.2526	68.4393
1798	68.2526	68.2912
1799	68.2526	68.3548
1800	68.2526	68.27
1801	68.2526	68.4389
1802	68.2526	68.2731
1803	68.2526	68.2526
1804	68.2526	68.3499
1805	68.2526	68.2807
1806	68.2526	68.3697
1807	68.2526	68.2526
1808	68.2526	68.2574
1809	68.2526	68.2572
1810	68.2526	68.2526
1811	68.2526	68.2526
1812	68.2526	68.2526
1813	68.2526	68.267
1814	68.2526	68.2581
1815	68.2526	68.2526
1816	68.2526	68.3787
1817	68.2526	68.2619
1818	68.2526	68.2526
1819	68.2526	68.2526
1820	68.2526	68.2526
1821	68.2526	68.2526
1822	68.2526	68.2889
1823	68.2526	68.2526
1824	68.2526	68.258
1825	68.2526	68.3458
1826	68.2526	68.4936
1827	68.2526	68.3991
1828	68.2526	68.3774
1829	68.2526	68.2721
1830	68.2526	68.2535
1831	68.2526	68.3139
1832	68.2526	68.2687
1833	68.2526	68.2526
1834	68.2526	68.2526
1835	68.2526	68.2526
1836	68.2526	68.2526
1837	68.2526	68.2526
1838	68.2526	68.2526
1839	68.2526	68.3377
1840	68.2526	68.2646
1841	68.2526	68.2804
1842	68.2526	68.2553
1843	68.2526	68.2526
1844	68.2526	68.2526
1845	68.2526	68.2526
1846	68.2526	68.2541
1847	68.2526	68.2979
1848	68.2526	68.3239
1849	68.2526	68.3006
1850	68.2526	68.3314
1851	68.2526	68.2526
1852	68.2526	68.2526
1853	68.2526	68.2672
1854	68.2526	68.4212
1855	68.2526	68.2526
1856	68.2526	68.254
1857	68.2526	68.2689
1858	68.2526	68.2526
1859	68.2526	68.2526
1860	68.2526	68.2526
1861	68.2526	68.2533
1862	68.2526	68.2526
1863	68.2526	68.2557
1864	68.2526	68.2934
1865	68.2526	68.3386
1866	68.2526	68.2526
1867	68.2526	68.2526
1868	68.2526	68.3744
1869	68.2526	68.5003
1870	68.2526	68.3599
1871	68.2526	68.3435
1872	68.2526	68.3765
1873	68.2526	68.386
1874	68.2526	68.4732
1875	68.2526	68.4114
1876	68.2526	68.45
1877	68.2526	68.2548
1878	68.2526	68.2526
1879	68.2526	68.2526
1880	68.2526	68.2526
1881	68.2526	68.2634
1882	68.2526	68.3416
1883	68.2526	68.2782
1884	68.2526	68.3665
1885	68.2526	68.3622
1886	68.2526	68.2526
1887	68.2526	68.3127
1888	68.2526	68.5754
1889	68.2526	68.3545
1890	68.2526	68.2526
1891	68.2526	68.2542
1892	68.2526	68.285
1893	68.2526	68.2526
1894	68.2526	68.2526
1895	68.2526	68.2526
1896	68.2526	68.2575
1897	68.2526	68.2732
1898	68.2526	68.39
1899	68.2526	68.3864
1900	68.2526	68.2943
1901	68.2526	68.3843
1902	68.2526	68.4972
1903	68.2526	68.3629
1904	68.2526	68.5253
1905	68.2526	68.3435
1906	68.2526	68.258
1907	68.2526	68.256
1908	68.2526	68.2529
1909	68.2526	68.3603
1910	68.2526	68.3182
1911	68.2526	68.4068
1912	68.2526	68.4228
1913	68.2526	68.2698
1914	68.2526	68.3056
1915	68.2526	68.2916
1916	68.2526	68.3762
1917	68.2526	68.285
1918	68.2526	68.3299
1919	68.2526	68.4442
1920	68.2526	68.2526
1921	68.2526	68.2626
1922	68.2526	68.2722
1923	68.2526	68.6576
1924	68.2526	68.3552
1925	68.2526	68.2534
1926	68.2526	68.344
1927	68.2526	68.4159
1928	68.2526	68.3962
1929	68.2526	68.2678
1930	68.2526	68.2526
1931	68.2526	68.2526
1932	68.2526	68.2717
1933	68.2526	68.2526
1934	68.2526	68.2526
1935	68.2526	68.3034
1936	68.2526	68.2526
1937	68.2526	68.2644
1938	68.2526	68.2547
1939	68.2526	68.2526
1940	68.2526	68.2603
1941	68.2526	68.2535
1942	68.2526	68.4217
1943	68.2526	68.2754
1944	68.2526	68.2656
1945	68.2526	68.2557
1946	68.2526	68.2526
1947	68.2526	68.3574
1948	68.2526	68.3393
1949	68.2526	68.2556
1950	68.2526	68.2559
1951	68.2526	68.2825
1952	68.2526	68.2597
1953	68.2526	68.5016
1954	68.2526	68.4551
1955	68.2526	68.4811
1956	68.2526	68.3333
1957	68.2526	68.3357
1958	68.2526	68.2573
1959	68.2526	68.4003
1960	68.2526	68.253
1961	68.2526	68.2575
1962	68.2526	68.2707
1963	68.2526	68.2634
1964	68.2526	68.2997
1965	68.2526	68.3273
1966	68.2526	68.2526
1967	68.2526	68.2526
1968	68.2526	68.256
1969	68.2526	68.2833
1970	68.2526	68.2526
1971	68.2526	68.2526
1972	68.2526	68.2704
1973	68.2526	68.2549
1974	68.2526	68.2526
1975	68.2526	68.2526
1976	68.2526	68.2526
1977	68.2526	68.2526
1978	68.2526	68.2526
1979	68.2526	68.2526
1980	68.2526	68.2526
1981	68.2526	68.3228
1982	68.2526	68.4034
1983	68.2526	68.2963
1984	68.2526	68.2785
1985	68.2526	68.2719
1986	68.2526	68.2547
1987	68.2526	68.2898
1988	68.2526	68.2847
1989	68.2526	68.2526
1990	68.2526	68.2683
1991	68.2526	68.2543
1992	68.2526	68.2526
1993	68.2526	68.2526
1994	68.2526	68.2526
1995	68.2526	68.2573
1996	68.2526	68.3154
1997	68.2526	68.2995
1998	68.2526	68.2526
1999	68.2526	68.2526
2000	68.2526	68.2526
2001	68.2526	68.2526
2002	68.2526	68.3165
2003	68.2526	68.2526
2004	68.2526	68.2691
2005	68.2526	68.279
2006	68.2526	68.2647
2007	68.2526	68.2526
2008	68.2526	68.2577
2009	68.2526	68.2526
2010	68.2526	68.3716
2011	68.2526	68.2998
2012	68.2526	68.254
2013	68.2526	68.2572
2014	68.2526	68.2843
2015	68.2526	68.2845
2016	68.2526	68.3665
2017	68.2526	68.3032
2018	68.2526	68.3629
2019	68.2526	68.2562
2020	68.2526	68.2526
2021	68.2526	68.2645
2022	68.2526	68.2526
2023	68.2526	68.2707
2024	68.2526	68.2526
2025	68.2526	68.3086
2026	68.2526	68.2526
2027	68.2526	68.2526
2028	68.2526	68.3436
2029	68.2526	68.3164
2030	68.2526	68.2876
2031	68.2526	68.3516
2032	68.2526	68.492
2033	68.2526	68.3941
2034	68.2526	68.3731
2035	68.2526	68.5071
2036	68.2526	68.3638
2037	68.2526	68.2872
2038	68.2526	68.3964
2039	68.2526	68.3188
2040	68.2526	68.3822
2041	68.2526	68.3302
2042	68.2526	68.4419
2043	68.2526	68.3164
2044	68.2526	68.3512
2045	68.2526	68.327
2046	68.2526	68.2526
2047	68.2526	68.2594
2048	68.2526	68.2969
2049	68.2526	68.2681
2050	68.2526	68.3043
2051	68.2526	68.3129
2052	68.2526	68.332
2053	68.2526	68.2854
2054	68.2526	68.3643
2055	68.2526	68.3216
2056	68.2526	68.3271
2057	68.2526	68.2621
2058	68.2526	68.2526
2059	68.2526	68.2542
2060	68.2526	68.3013
2061	68.2526	68.3614
2062	68.2526	68.296
2063	68.2526	68.3385
2064	68.2526	68.3852
2065	68.2526	68.2824
2066	68.2526	68.3781
2067	68.2526	68.3856
2068	68.2526	68.2968
2069	68.2526	68.2576
2070	68.2526	68.2526
2071	68.2526	68.3424
2072	68.2526	68.2679
2073	68.2526	68.3835
2074	68.2526	68.3698
2075	68.2526	68.311
2076	68.2526	68.3301
2077	68.2526	68.4818
2078	68.2526	68.2546
2079	68.2526	68.2884
2080	68.2526	68.2809
2081	68.2526	68.2673
2082	68.2526	68.2551
2083	68.2526	68.3534
2084	68.2526	68.2789
2085	68.2526	68.2526
2086	68.2526	68.2526
2087	68.2526	68.2526
2088	68.2526	68.2552
2089	68.2526	68.2717
2090	68.2526	68.2526
2091	68.2526	68.2567
2092	68.2526	68.2545
2093	68.2526	68.2526
2094	68.2526	68.2526
2095	68.2526	68.2526
2096	68.2526	68.305
2097	68.2526	68.2887
2098	68.2526	68.291
2099	68.2526	68.2526
2100	68.2526	68.2526
2101	68.2526	68.3455
2102	68.2526	68.2784
2103	68.2526	68.3079
2104	68.2526	68.2526
2105	68.2526	68.2631
2106	68.2526	68.2565
2107	68.2526	68.2698
2108	68.2526	68.4977
2109	68.2526	68.2625
2110	68.2526	68.2832
2111	68.2526	68.2526
2112	68.2526	68.2526
2113	68.2526	68.2836
2114	68.2526	68.254
2115	68.2526	68.3196
2116	68.2526	68.2727
2117	68.2526	68.2526
2118	68.2526	68.2526
2119	68.2526	68.2542
2120	68.2526	68.2574
2121	68.2526	68.3102
2122	68.2526	68.254
2123	68.2526	68.2911
2124	68.2526	68.2919
2125	68.2526	68.2526
2126	68.2526	68.5184
2127	68.2526	68.4132
2128	68.2526	68.2867
2129	68.2526	68.2556
2130	68.2526	68.2603
2131	68.2526	68.2626
2132	68.2526	68.2639
2133	68.2526	68.2808
2134	68.2526	68.2962
2135	68.2526	68.4207
2136	68.2526	68.3157
2137	68.2526	68.2526
2138	68.2526	68.2737
2139	68.2526	68.3105
2140	68.2526	68.2526
2141	68.2526	68.2526
2142	68.2526	68.2713
2143	68.2526	68.3052
2144	68.2526	68.2758
2145	68.2526	68.3066
2146	68.2526	68.283
2147	68.2526	68.2526
2148	68.2526	68.2526
2149	68.2526	68.2526
2150	68.2526	68.2526
2151	68.2526	68.2526
2152	68.2526	68.3578
2153	68.2526	68.2526
2154	68.2526	68.3858
2155	68.2526	68.3133
2156	68.2526	68.3875
2157	68.2526	68.3018
2158	68.2526	68.303
2159	68.2526	68.2965
2160	68.2526	68.3629
2161	68.2526	68.3344
2162	68.2526	68.2646
2163	68.2526	68.2773
2164	68.2526	68.2556
2165	68.2526	68.3027
2166	68.2526	68.2671
2167	68.2526	68.3169
2168	68.2526	68.3826
2169	68.2526	68.2527
2170	68.2526	68.2529
2171	68.2526	68.2621
2172	68.2526	68.2526
2173	68.2526	68.296
2174	68.2526	68.2526
2175	68.2526	68.2566
2176	68.2526	68.2526
2177	68.2526	68.2568
2178	68.2526	68.2917
2179	68.2526	68.2791
2180	68.2526	68.29
2181	68.2526	68.2526
2182	68.2526	68.2855
2183	68.2526	68.5404
2184	68.2526	68.2526
2185	68.2526	68.2526
2186	68.2526	68.2709
2187	68.2526	68.2579
2188	68.2526	68.2526
2189	68.2526	68.3971
2190	68.2526	68.2947
2191	68.2526	68.3279
2192	68.2526	68.2855
2193	68.2526	68.2583
2194	68.2526	68.2526
2195	68.2526	68.2682
2196	68.2526	68.2608
2197	68.2526	68.284
2198	68.2526	68.268
2199	68.2526	68.2674
2200	68.2526	68.2634
2201	68.2526	68.2526
2202	68.2526	68.254
2203	68.2526	68.2623
2204	68.2526	68.3482
2205	68.2526	68.2526
2206	68.2526	68.2606
2207	68.2526	68.3005
2208	68.2526	68.255
2209	68.2526	68.2673
2210	68.2526	68.2938
2211	68.2526	68.2615
2212	68.2526	68.2622
2213	68.2526	68.2526
2214	68.2526	68.2526
2215	68.2526	68.2526
2216	68.2526	68.2526
2217	68.2526	68.2526
2218	68.2526	68.2526
2219	68.2526	68.2823
2220	68.2526	68.2673
2221	68.2526	68.2701
2222	68.2526	68.267
2223	68.2526	68.2526
2224	68.2526	68.2526
2225	68.2526	68.3725
2226	68.2526	68.2639
2227	68.2526	68.2823
2228	68.2526	68.328
2229	68.2526	68.4376
2230	68.2526	68.3873
2231	68.2526	68.3014
2232	68.2526	68.2702
2233	68.2526	68.2526
2234	68.2526	68.2526
2235	68.2526	68.2526
2236	68.2526	68.291
2237	68.2526	68.2618
2238	68.2526	68.2526
2239	68.2526	68.2526
2240	68.2526	68.2862
2241	68.2526	68.4312
2242	68.2526	68.5817
2243	68.2526	68.7961
2244	68.2526	68.4343
2245	68.2526	68.3403
2246	68.2526	68.267
2247	68.2526	68.2526
2248	68.2526	68.2526
2249	68.2526	68.2999
2250	68.2526	68.2565
2251	68.2526	68.4182
2252	68.2526	68.2526
2253	68.2526	68.2526
2254	68.2526	68.3952
2255	68.2526	68.439
2256	68.2526	68.5269
2257	68.2526	68.2893
2258	68.2526	68.327
2259	68.2526	68.253
2260	68.2526	68.3642
2261	68.2526	68.3248
2262	68.2526	68.2704
2263	68.2526	68.2526
2264	68.2526	68.2593
2265	68.2526	68.2526
2266	68.2526	68.2526
2267	68.2526	68.2754
2268	68.2526	68.2526
2269	68.2526	68.2572
2270	68.2526	68.2526
2271	68.2526	68.2699
2272	68.2526	68.2526
2273	68.2526	68.2526
2274	68.2526	68.2526
2275	68.2526	68.2526
2276	68.2526	68.2526
2277	68.2526	68.2526
2278	68.2526	68.2653
2279	68.2526	68.3656
2280	68.2526	68.3786
2281	68.2526	68.3179
2282	68.2526	68.5983
2283	68.2526	68.4077
2284	68.2526	68.3597
2285	68.2526	68.2714
2286	68.2526	68.397
2287	68.2526	68.2932
2288	68.2526	68.2695
2289	68.2526	68.2581
2290	68.2526	68.3048
2291	68.2526	68.2526
2292	68.2526	68.2526
2293	68.2526	68.2844
2294	68.2526	68.291
2295	68.2526	68.2549
2296	68.2526	68.3361
2297	68.2526	68.3087
2298	68.2526	68.2701
2299	68.2526	68.2595
2300	68.2526	68.2966
2301	68.2526	68.267
2302	68.2526	68.2588
2303	68.2526	68.2526
2304	68.2526	68.2526
2305	68.2526	68.3319
2306	68.2526	68.2856
2307	68.2526	68.3694
2308	68.2526	68.2526
2309	68.2526	68.2561
2310	68.2526	68.3368
2311	68.2526	68.2693
2312	68.2526	68.2576
2313	68.2526	68.2929
2314	68.2526	68.3226
2315	68.2526	68.2527
2316	68.2526	68.2932
2317	68.2526	68.2526
2318	68.2526	68.2526
2319	68.2526	68.2854
2320	68.2526	68.2631
2321	68.2526	68.2642
2322	68.2526	68.412
2323	68.2526	68.4151
2324	68.2526	68.4075
2325	68.2526	68.2596
2326	68.2526	68.2614
2327	68.2526	68.3319
2328	68.2526	68.413
2329	68.2526	68.3069
2330	68.2526	68.274
2331	68.2526	68.2526
2332	68.2526	68.2526
2333	68.2526	68.2526
2334	68.2526	68.2599
2335	68.2526	68.5016
2336	68.2526	68.4155
2337	68.2526	68.257
2338	68.2526	68.3045
2339	68.2526	68.2526
2340	68.2526	68.3184
2341	68.2526	68.2573
2342	68.2526	68.3332
2343	68.2526	68.2697
2344	68.2526	68.3506
2345	68.2526	68.3714
2346	68.2526	68.2824
2347	68.2526	68.4484
2348	68.2526	68.5317
2349	68.2526	68.2688
2350	68.2526	68.4178
2351	68.2526	68.3353
2352	68.2526	68.3914
2353	68.2526	68.4093
2354	68.2526	68.335
2355	68.2526	68.2995
2356	68.2526	68.2526
2357	68.2526	68.2886
2358	68.2526	68.3524
2359	68.2526	68.2906
2360	68.2526	68.3003
2361	68.2526	68.3237
2362	68.2526	68.4067
2363	68.2526	68.2567
2364	68.2526	68.2526
2365	68.2526	68.285
2366	68.2526	68.2924
2367	68.2526	68.2899
2368	68.2526	68.3054
2369	68.2526	68.3444
2370	68.2526	68.2772
2371	68.2526	68.309
2372	68.2526	68.2719
2373	68.2526	68.5037
2374	68.2526	68.4467
2375	68.2526	68.4214
2376	68.2526	68.2526
2377	68.2526	68.2526
2378	68.2526	68.2526
2379	68.2526	68.2526
2380	68.2526	68.2565
2381	68.2526	68.303
2382	68.2526	68.2526
2383	68.2526	68.3107
2384	68.2526	68.5675
2385	68.2526	68.323
2386	68.2526	68.2547
2387	68.2526	68.2651
2388	68.2526	68.4897
2389	68.2526	68.3251
2390	68.2526	68.6214
2391	68.2526	68.4958
2392	68.2526	68.3295
2393	68.2526	68.2526
2394	68.2526	68.2526
2395	68.2526	68.2539
2396	68.2526	68.2885
2397	68.2526	68.2802
2398	68.2526	68.3099
2399	68.2526	68.3171
2400	68.2526	68.3223
2401	68.2526	68.2737
2402	68.2526	68.3321
2403	68.2526	68.2646
2404	68.2526	68.3132
2405	68.2526	68.395
2406	68.2526	68.2526
2407	68.2526	68.2585
2408	68.2526	68.2526
2409	68.2526	68.3072
2410	68.2526	68.2798
2411	68.2526	68.4334
2412	68.2526	68.3456
2413	68.2526	68.264
2414	68.2526	68.2621
2415	68.2526	68.2526
2416	68.2526	68.2526
2417	68.2526	68.2526
2418	68.2526	68.2526
2419	68.2526	68.2649
2420	68.2526	68.4454
2421	68.2526	68.3312
2422	68.2526	68.2967
2423	68.2526	68.2557
2424	68.2526	68.2546
2425	68.2526	68.2526
2426	68.2526	68.2526
2427	68.2526	68.3261
2428	68.2526	68.2972
2429	68.2526	68.2526
2430	68.2526	68.3302
2431	68.2526	68.3197
2432	68.2526	68.2526
2433	68.2526	68.2915
2434	68.2526	68.2526
2435	68.2526	68.2908
2436	68.2526	68.2823
2437	68.2526	68.3039
2438	68.2526	68.3642
2439	68.2526	68.2702
2440	68.2526	68.2526
2441	68.2526	68.3107
2442	68.2526	68.2679
2443	68.2526	68.3427
2444	68.2526	68.2897
2445	68.2526	68.2634
2446	68.2526	68.6226
2447	68.2526	68.2613
2448	68.2526	68.2955
2449	68.2526	68.3496
2450	68.2526	68.2732
2451	68.2526	68.2588
2452	68.2526	68.2614
2453	68.2526	68.2769
2454	68.2526	68.2526
2455	68.2526	68.2526
2456	68.2526	68.255
2457	68.2526	68.5219
2458	68.2526	68.2549
2459	68.2526	68.2526
2460	68.2526	68.2818
2461	68.2526	68.4291
2462	68.2526	68.3171
2463	68.2526	68.2835
2464	68.2526	68.2526
2465	68.2526	68.2526
2466	68.2526	68.2526
2467	68.2526	68.2592
2468	68.2526	68.5167
2469	68.2526	68.2754
2470	68.2526	68.2786
2471	68.2526	68.2707
2472	67.9247	68.3673
2473	67.9247	68.286
2474	67.9247	68.1476
2475	67.9247	68.0511
2476	67.9247	67.9767
2477	67.9247	67.9947
2478	67.9247	67.958
2479	67.9247	67.9928
2480	67.9247	67.9812
2481	67.9247	67.9517
2482	67.9247	67.9684
2483	67.9247	68.002
2484	67.9247	67.9809
2485	67.9247	67.9265
2486	67.9247	67.9247
2487	67.9247	67.9247
2488	67.9247	67.9295
2489	67.9247	67.9247
2490	67.9247	67.9837
2491	67.9247	67.9247
2492	67.9247	68.0736
2493	67.9247	67.9247
2494	67.9247	67.9482
2495	67.9247	67.9686
2496	67.9247	67.9453
2497	67.9247	67.96
2498	67.9247	67.9569
2499	67.9247	67.9247
2500	67.9247	67.9247
2501	67.9247	67.9247
2502	67.9247	67.9247
2503	67.9247	67.9247
2504	67.9247	67.9247
2505	67.9247	67.9247
2506	67.9247	67.956
2507	67.9247	68.0128
2508	67.9247	68.0091
2509	67.9247	68.0001
2510	67.9247	67.9547
2511	67.9247	67.9247
2512	67.9247	67.9247
2513	67.9247	67.9247
2514	67.9247	67.9247
2515	67.9247	67.977
2516	67.9247	68.2864
2517	67.9247	68.1183
2518	67.9247	67.9783
2519	67.9247	67.9609
2520	67.9247	67.9345
2521	67.9247	67.9619
2522	67.9247	67.9247
2523	67.9247	67.9321
2524	67.9247	67.9359
2525	67.9247	67.9324
2526	67.9247	67.9671
2527	67.9247	67.9434
2528	67.9247	67.9251
2529	67.9247	67.9247
2530	67.9247	67.9433
2531	67.9247	68.0721
2532	67.9247	67.9664
2533	67.9247	68.1062
2534	67.9247	68.009
2535	67.9247	68.0366
2536	67.9247	67.9454
2537	67.9247	67.9247
2538	67.9247	67.9294
2539	67.9247	67.9689
2540	67.9247	68.0731
2541	67.9247	68.1212
2542	67.9247	68.3543
2543	67.9247	68.2487
2544	67.9247	67.9931
2545	67.9247	67.9254
2546	67.9247	67.9247
2547	67.9247	67.9718
2548	67.9247	67.9641
2549	67.9247	67.9247
2550	67.9247	67.9247
2551	67.9247	67.9815
2552	67.9247	67.9348
2553	67.9247	67.9701
2554	67.9247	67.9717
2555	67.9247	67.961
2556	67.9247	67.9347
2557	67.9247	68.0943
2558	67.9247	68.0393
2559	67.9247	67.9423
2560	67.9247	67.9751
2561	67.9247	67.9702
2562	67.9247	67.9375
2563	67.9247	67.9255
2564	67.9247	67.9295
2565	67.9247	67.9247
2566	67.9247	67.9247
2567	67.9247	67.9382
2568	67.9247	67.942
2569	67.9247	67.9907
2570	67.9247	67.9267
2571	67.9247	67.9843
2572	67.9247	67.9247
2573	67.9247	67.9869
2574	67.9247	67.9909
2575	67.9247	67.9971
2576	67.9247	67.9812
2577	67.9247	68.0224
2578	67.9247	67.9295
2579	67.9247	67.9247
2580	67.9247	67.9247
2581	67.9247	68.1381
2582	67.9247	67.9247
2583	67.9247	67.9334
2584	67.9247	67.9378
2585	67.9247	67.9247
2586	67.9247	67.9247
2587	67.9247	67.948
2588	67.9247	67.9455
2589	67.9247	67.9247
2590	67.9247	67.9247
2591	67.9247	67.985
2592	67.9247	68.0178
2593	67.9247	67.9278
2594	67.9247	67.9258
2595	67.9247	67.9539
2596	67.9247	67.9247
2597	67.9247	67.9362
2598	67.9247	67.9437
2599	67.9247	67.9247
2600	67.9247	67.9247
2601	67.9247	67.9546
2602	67.9247	67.9908
2603	67.9247	67.9798
2604	67.9247	67.9792
2605	67.9247	68.0582
2606	67.9247	68.0541
2607	67.9247	67.9752
2608	67.9247	67.9678
2609	67.9247	67.9662
2610	67.9247	68.122
2611	67.9247	68.0965
2612	67.9247	68.0021
2613	67.9247	67.9857
2614	67.9247	68.0386
2615	67.9247	67.9749
2616	67.9247	67.9332
2617	67.9247	67.9325
2618	67.9247	67.9247
2619	67.9247	67.9247
2620	67.9247	67.9391
2621	67.9247	67.9247
2622	67.9247	67.9247
2623	67.9247	67.9247
2624	67.9247	67.9259
2625	67.9247	67.9284
2626	67.9247	67.9873
2627	67.9247	68.1074
2628	67.9247	67.9488
2629	67.9247	67.9248
2630	67.9247	67.9359
2631	67.9247	67.9247
2632	67.9247	67.9247
2633	67.9247	67.9247
2634	67.9247	67.9714
2635	67.9247	67.9584
2636	67.9247	68.1607
2637	67.9247	67.9794
2638	67.9247	67.9764
2639	67.9247	68.2036
2640	67.9247	67.9247
2641	67.9247	67.9786
2642	67.9247	67.9813
2643	67.9247	68.0824
2644	67.9247	68.2815
2645	67.9247	68.1293
2646	67.9247	68.0123
2647	67.9247	67.9325
2648	67.9247	67.9394
2649	67.9247	67.9247
2650	67.9247	67.9247
2651	67.9247	67.9247
2652	67.9247	68.0557
2653	67.9247	67.9294
2654	67.9247	67.9276
2655	67.9247	67.9307
2656	67.9247	67.9257
2657	67.9247	67.9664
2658	67.9247	68.1533
2659	67.9247	68.2827
2660	67.9247	68.2283
2661	67.9247	68.3442
2662	67.9247	68.0119
2663	67.9247	67.9247
2664	67.9247	67.99
2665	67.9247	68.0194
2666	67.9247	67.9498
2667	67.9247	68.1223
2668	67.9247	67.9709
2669	67.9247	67.929
2670	67.9247	67.9247
2671	67.9247	67.9578
2672	67.9247	67.9247
2673	67.9247	67.9247
2674	67.9247	67.9247
2675	67.9247	67.9247
2676	67.9247	67.9924
2677	67.9247	67.9616
2678	67.9247	68.0705
2679	67.9247	67.9871
2680	67.9247	67.9256
2681	67.9247	67.9319
2682	67.9247	67.9247
2683	67.9247	67.9431
2684	67.9247	68.0736
2685	67.9247	68.1411
2686	67.9247	67.9247
2687	67.9247	67.9247
2688	67.9247	67.9247
2689	67.9247	68.1058
2690	67.9247	67.9668
2691	67.9247	67.9838
2692	67.9247	67.9247
2693	67.9247	67.9854
2694	67.9247	67.9526
2695	67.9247	67.9247
2696	67.9247	67.9247
2697	67.9247	67.9247
2698	67.9247	67.9259
2699	67.9247	67.9247
2700	67.9247	67.9247
2701	67.9247	67.9247
2702	67.9247	67.9348
2703	67.9247	67.9586
2704	67.9247	67.9247
2705	67.9247	67.9258
2706	67.9247	67.9247
2707	67.9247	67.9247
2708	67.9247	67.9257
2709	67.9247	67.9491
2710	67.9247	67.9247
2711	67.9247	68.097
2712	67.9247	67.9523
2713	67.9247	67.9375
2714	67.9247	67.9247
2715	67.9247	67.9574
2716	67.9247	68.0212
2717	67.9247	67.9265
2718	67.9247	67.9247
2719	67.9247	67.9247
2720	67.9247	67.9291
2721	67.9247	67.9247
2722	67.9247	67.9819
2723	67.9247	67.9759
2724	67.9247	67.9837
2725	67.9247	68.0688
2726	67.9247	68.0446
2727	67.9247	67.9569
2728	67.9247	67.9378
2729	67.9247	68.0704
2730	67.9247	68.0512
2731	67.9247	68.1308
2732	67.9247	68.109
2733	67.9247	68.0966
2734	67.9247	68.1359
2735	67.9247	67.9529
2736	67.9247	68.0146
2737	67.9247	67.9247
2738	67.9247	67.9247
2739	67.9247	68.0301
2740	67.9247	67.9749
2741	67.9247	67.9389
2742	67.9247	67.9247
2743	67.9247	67.9587
2744	67.9247	67.9666
2745	67.9247	67.942
2746	67.9247	67.9296
2747	67.9247	68.0927
2748	67.9247	68.0074
2749	67.9247	67.9354
2750	67.9247	67.9247
2751	67.9247	67.9649
2752	67.9247	67.9261
2753	67.9247	67.9247
2754	67.9247	67.9247
2755	67.9247	67.9515
2756	67.9247	67.9247
2757	67.9247	68.0817
2758	67.9247	67.9773
2759	67.9247	67.9982
2760	67.9247	67.9609
2761	67.9247	67.9333
2762	67.9247	68.0738
2763	67.9247	67.9616
2764	67.9247	67.9258
2765	67.9247	67.949
2766	67.9247	67.9444
2767	67.9247	67.9316
2768	67.9247	67.9296
2769	67.9247	67.9643
2770	67.9247	67.9247
2771	67.9247	67.9247
2772	67.9247	68.1787
2773	67.9247	68.057
2774	67.9247	68.0252
2775	67.9247	67.9741
2776	67.9247	67.9889
2777	67.9247	67.9247
2778	67.9247	67.9247
2779	67.9247	67.9865
2780	67.9247	67.9569
2781	67.9247	67.9345
2782	67.9247	68.0297
2783	67.9247	67.936
2784	67.9247	67.9247
2785	67.9247	67.9247
2786	67.9247	67.9247
2787	67.9247	67.9247
2788	67.9247	68.0107
2789	67.9247	68.039
2790	67.9247	67.931
2791	67.9247	67.9247
2792	67.9247	67.9247
2793	67.9247	67.964
2794	67.9247	67.969
2795	67.9247	68.0578
2796	67.9247	68.1382
2797	67.9247	68.0152
2798	67.9247	67.9566
2799	67.9247	67.9506
2800	67.9247	67.9247
2801	67.9247	67.9247
2802	67.9247	67.9247
2803	67.9247	67.9316
2804	67.9247	67.9439
2805	67.9247	67.9247
2806	67.9247	67.9293
2807	67.9247	68.0364
2808	67.9247	67.9527
2809	67.9247	68.0349
2810	67.9247	67.9247
2811	67.9247	67.9822
2812	67.9247	68.1185
2813	67.9247	68.0119
2814	67.9247	67.9448
2815	67.9247	68.0266
2816	67.9247	67.95
2817	67.9247	68.0348
2818	67.9247	68.3224
2819	67.9247	68.0072
2820	67.9247	67.98
2821	67.9247	67.9629
2822	67.9247	67.9264
2823	67.9247	67.9731
2824	67.9247	67.9412
2825	67.9247	67.9247
2826	67.9247	68.1021
2827	67.9247	67.9866
2828	67.9247	67.933
2829	67.9247	68.0166
2830	67.9247	67.9687
2831	67.9247	67.959
2832	67.9247	68.0008
2833	67.9247	68.0281
2834	67.9247	68.0746
2835	67.9247	67.9674
2836	67.9247	67.9842
2837	67.9247	68.0292
2838	67.9247	68.0055
2839	67.9247	67.9315
2840	67.9247	67.9351
2841	67.9247	68.0071
2842	67.9247	67.9415
2843	67.9247	68.0205
2844	67.9247	67.9846
2845	67.9247	67.9771
2846	67.9247	67.9276
2847	67.9247	68.0175
2848	67.9247	68.0486
2849	67.9247	68.0192
2850	67.9247	67.9494
2851	67.9247	67.9498
2852	67.9247	67.9376
2853	67.9247	67.9247
2854	67.9247	67.9247
2855	67.9247	67.9311
2856	67.9247	67.9323
2857	67.9247	67.9247
2858	67.9247	67.9528
2859	67.9247	67.9355
2860	67.9247	67.9331
2861	67.9247	67.9456
2862	67.9247	67.987
2863	67.9247	67.9282
2864	67.9247	67.9247
2865	67.9247	67.9334
2866	67.9247	67.9247
2867	67.9247	67.9247
2868	67.9247	67.9688
2869	67.9247	67.9607
2870	67.9247	68.0254
2871	67.9247	67.9639
2872	67.9247	68.1106
2873	67.9247	67.9861
2874	67.9247	67.9275
2875	67.9247	67.9422
2876	67.9247	67.9484
2877	67.9247	68.2823
2878	67.9247	67.9613
2879	67.9247	67.9323
2880	67.9247	67.9247
2881	67.9247	67.9247
2882	67.9247	67.9247
2883	67.9247	67.9247
2884	67.9247	67.9573
2885	67.9247	67.9601
2886	67.9247	67.9978
2887	67.9247	68.0027
2888	67.9247	68.0126
2889	67.9247	67.9332
2890	67.9247	67.9907
2891	67.9247	68.2087
2892	67.9247	68.1529
2893	67.9247	67.9317
2894	67.9247	68.0786
2895	67.9247	67.9247
2896	67.9247	67.9247
2897	67.9247	67.9247
2898	67.9247	67.9247
2899	67.9247	68.0319
2900	67.9247	68.0512
2901	67.9247	68.0025
2902	67.9247	67.944
2903	67.9247	67.9595
2904	67.9247	68.0967
2905	67.9247	67.9247
2906	67.9247	67.9766
2907	67.9247	67.9359
2908	67.9247	67.9417
2909	67.9247	68.0663
2910	67.9247	67.9506
2911	67.9247	67.9247
2912	67.9247	67.9517
2913	67.9247	68.1285
2914	67.9247	68.0523
2915	67.9247	67.9747
2916	67.9247	67.9374
2917	67.9247	68.0148
2918	67.9247	67.9258
2919	67.9247	67.9247
2920	67.9247	67.9247
2921	67.9247	67.9247
2922	67.9247	67.9247
2923	67.9247	67.9247
2924	67.9247	67.9439
2925	67.9247	67.9247
2926	67.9247	67.9484
2927	67.9247	68.0041
2928	67.9247	67.9946
2929	67.9247	67.928
2930	67.9247	67.9282
2931	67.9247	67.928
2932	67.9247	67.9247
2933	67.9247	67.9605
2934	67.9247	68.0754
2935	67.9247	67.9247
2936	67.9247	67.9247
2937	67.9247	67.9247
2938	67.9247	67.9247
2939	67.9247	67.9247
2940	67.9247	67.9247
2941	67.9247	67.9436
2942	67.9247	68.1654
2943	67.9247	68.0525
2944	67.9247	68.2769
2945	67.9247	67.9367
2946	67.9247	67.9247
2947	67.9247	67.9247
2948	67.9247	67.9571
2949	67.9247	67.9439
2950	67.9247	67.9247
2951	67.9247	67.9247
2952	67.9247	67.953
2953	67.9247	68.03
2954	67.9247	68.006
2955	67.9247	68.0992
2956	67.9247	67.9848
2957	67.9247	67.9414
2958	67.9247	67.9508
2959	67.9247	67.9247
2960	67.9247	67.9247
2961	67.9247	67.9542
2962	67.9247	67.9253
2963	67.9247	68.0006
2964	67.9247	67.9487
2965	67.9247	68.0396
2966	67.9247	67.9328
2967	67.9247	67.9514
2968	67.9247	67.9637
2969	67.9247	68.1782
2970	67.9247	68.0343
2971	67.9247	67.9738
2972	67.9247	67.9591
2973	67.9247	67.9247
2974	67.9247	67.9726
2975	67.9247	67.9578
2976	67.9247	67.9312
2977	67.9247	67.9247
2978	67.9247	67.935
2979	67.9247	68.0984
2980	67.9247	68.0164
2981	67.9247	67.988
2982	67.9247	68.0286
2983	67.9247	68.0195
2984	67.9247	68.0478
2985	67.9247	67.9616
2986	67.9247	67.9337
2987	67.9247	67.954
2988	67.9247	67.9591
2989	67.9247	67.9532
2990	67.9247	67.9467
2991	67.9247	67.9323
2992	67.9247	67.9247
2993	67.9247	67.9247
2994	67.9247	67.9578
2995	67.9247	67.9989
2996	67.9247	67.9482
2997	67.9247	67.9247
2998	67.9247	67.9549
2999	67.9247	68.0175
3000	67.9247	67.9619
3001	67.9247	68.0186
3002	67.9247	67.9367
3003	67.9247	67.9863
3004	67.9247	68.0242
3005	67.9247	67.9734
3006	67.9247	67.9411
3007	67.9247	67.9283
3008	67.9247	67.9535
3009	67.9247	67.9586
3010	67.9247	68.0682
3011	67.9247	68.0248
3012	67.9247	68.0987
3013	67.9247	68.0018
3014	67.9247	67.9284
3015	67.9247	67.9254
3016	67.9247	67.9323
3017	67.9247	67.9247
3018	67.9247	67.9247
3019	67.9247	67.9373
3020	67.9247	67.9991
3021	67.9247	67.977
3022	67.9247	68.0115
3023	67.9247	68.2314
3024	67.9247	67.9247
3025	67.9247	67.9663
3026	67.9247	67.94
3027	67.9247	67.9409
3028	67.9247	67.9247
3029	67.9247	67.9384
3030	67.9247	67.9561
3031	67.9247	67.9247
3032	67.9247	67.9247
3033	67.9247	67.9255
3034	67.9247	67.9254
3035	67.9247	67.9247
3036	67.9247	68.0914
3037	67.9247	68.3027
3038	67.9247	67.9247
3039	67.9247	67.9668
3040	67.9247	67.9247
3041	67.9247	67.9247
3042	67.9247	68.0161
3043	67.9247	68.0396
3044	67.9247	67.9282
3045	67.9247	67.9247
3046	67.9247	67.9247
3047	67.9247	67.9247
3048	67.9247	67.9329
3049	67.9247	67.9864
3050	67.9247	67.94
3051	67.9247	67.9595
3052	67.9247	67.9779
3053	67.9247	67.9736
3054	67.9247	67.9569
3055	67.9247	67.9247
3056	67.9247	67.9247
3057	67.9247	67.9285
3058	67.9247	68.0341
3059	67.9247	68.0314
3060	67.9247	68.1277
3061	67.9247	68.0576
3062	67.9247	68.0123
3063	67.9247	67.9247
3064	67.9247	68.0644
3065	67.9247	68.0357
3066	67.9247	67.9968
3067	67.9247	67.9963
3068	67.9247	67.9445
3069	67.9247	67.9302
3070	67.9247	67.9247
3071	67.9247	67.9247
3072	67.9247	67.9247
3073	67.9247	67.9841
3074	67.9247	67.9247
3075	67.9247	67.9247
3076	67.9247	68.0154
3077	67.9247	68.0132
3078	67.9247	68.0097
3079	67.9247	68.0224
3080	67.9247	67.9924
3081	67.9247	68.0446
3082	67.9247	68.094
3083	67.9247	67.9863
3084	67.9247	68.1785
3085	67.9247	67.9926
3086	67.9247	67.9247
3087	67.9247	67.9398
3088	67.9247	67.9247
3089	67.9247	68.096
3090	67.9247	67.9273
3091	67.9247	68.0374
3092	67.9247	68.173
3093	67.9247	68.1313
3094	67.9247	68.0723
3095	67.9247	67.9497
3096	67.9247	68.0035
3097	67.9247	68.1802
3098	67.9247	67.9489
3099	67.9247	67.9436
3100	67.9247	67.9247
3101	67.9247	67.9247
3102	67.9247	67.9405
3103	67.9247	68.0277
3104	67.9247	68.034
3105	67.9247	67.9871
3106	67.9247	68.1092
3107	67.9247	68.1037
3108	67.9247	68.0597
3109	67.9247	68.0964
3110	67.9247	68.0685
3111	67.9247	68.0002
3112	67.9247	67.983
3113	67.9247	67.9247
3114	67.9247	67.9247
3115	67.9247	68.1582
3116	67.9247	68.2963
3117	67.9247	68.1711
3118	67.9247	67.9344
3119	67.9247	68.0074
3120	67.9247	67.9534
3121	67.9247	67.9424
3122	67.9247	67.9293
3123	67.9247	67.9283
3124	67.9247	67.9482
3125	67.9247	67.9247
3126	67.9247	67.9478
3127	67.9247	67.9247
3128	67.9247	68.0364
3129	67.9247	68.1366
3130	67.9247	67.9971
3131	67.9247	68.0887
3132	67.9247	67.9508
3133	67.9247	68.135
3134	67.9247	67.9247
3135	67.9247	67.9427
3136	67.9247	67.9364
3137	67.9247	67.9247
3138	67.9247	67.9661
3139	67.9247	67.9247
3140	67.9247	67.9247
3141	67.9247	67.9303
3142	67.9247	68.1107
3143	67.9247	68.0371
3144	67.9247	68.1169
3145	67.9247	68.0691
3146	67.9247	68.0012
3147	67.9247	68.3213
3148	67.9247	68.0821
3149	67.9247	67.9582
3150	67.9247	67.9726
3151	67.9247	67.9593
3152	67.9247	67.978
3153	67.9247	67.9322
3154	67.9247	67.9336
3155	67.9247	67.9262
3156	67.9247	67.9425
3157	67.9247	67.9247
3158	67.9247	67.9301
3159	67.9247	67.9574
3160	67.9247	67.9833
3161	67.9247	67.9559
3162	67.9247	68.109
3163	67.9247	67.9854
3164	67.9247	67.9729
3165	67.9247	68.0156
3166	67.9247	67.986
3167	67.9247	68.0486
3168	67.9247	67.9653
3169	67.9247	68.0963
3170	67.9247	68.2542
3171	67.9247	68.2029
3172	67.9247	68.2313
3173	67.9247	68.092
3174	67.9247	68.0334
3175	67.9247	67.9567
3176	67.9247	68.0253
3177	67.9247	67.926
3178	67.9247	67.9664
3179	67.9247	67.9279
3180	67.9247	67.9506
3181	67.9247	67.9268
3182	67.9247	68.0105
3183	67.9247	68.0406
3184	67.9247	68.1681
3185	67.9247	68.0438
3186	67.9247	67.9247
3187	67.9247	67.9498
3188	67.9247	67.94
3189	67.9247	67.9422
3190	67.9247	67.94
3191	67.9247	67.9344
3192	67.9247	68.0259
3193	67.9247	68.2019
3194	67.9247	67.9783
3195	67.9247	67.9653
3196	67.9247	67.928
3197	67.9247	67.9438
3198	67.9247	67.9247
3199	67.9247	68.0952
3200	67.9247	67.9247
3201	67.9247	68.0018
3202	67.9247	67.9247
3203	67.9247	68.0117
3204	67.9247	67.9247
3205	67.9247	68.0654
3206	67.9247	67.9252
3207	67.9247	67.9978
3208	67.9247	67.9247
3209	67.9247	67.9914
3210	67.9247	67.9443
3211	67.9247	68.0048
3212	67.9247	67.9247
3213	67.9247	67.9247
3214	67.9247	67.9255
3215	67.9247	67.9299
3216	67.9247	67.9327
3217	67.9247	67.9686
3218	67.9247	68.1273
3219	67.9247	68.0448
3220	67.9247	68.0401
3221	67.9247	67.9247
3222	67.9247	67.9247
3223	67.9247	67.9247
3224	67.9247	67.9247
3225	67.9247	67.9525
3226	67.9247	67.9714
3227	67.9247	68.0015
3228	67.9247	67.9247
3229	67.9247	67.9247
3230	67.9247	67.9299
3231	67.9247	67.9274
3232	67.9247	67.9332
3233	67.9247	67.9341
3234	67.9247	68.0572
3235	67.9247	68.0053
3236	67.9247	67.9332
3237	67.9247	67.9299
3238	67.9247	67.9351
3239	67.9247	67.9784
3240	67.9247	67.965
3241	67.9247	67.987
3242	67.9247	67.9665
3243	67.9247	67.9331
3244	67.9247	67.9984
3245	67.9247	68.018
3246	67.9247	67.9663
3247	67.9247	67.9777
3248	67.9247	68.0203
3249	67.9247	68.0507
3250	67.9247	68.0094
3251	67.9247	67.9941
3252	67.9247	67.932
3253	67.9247	67.9385
3254	67.9247	67.9247
3255	67.9247	67.9247
3256	67.9247	67.9544
3257	67.9247	68.0599
3258	67.9247	67.957
3259	67.9247	68.068
3260	67.9247	68.0706
3261	67.9247	67.9932
3262	67.9247	68.0209
3263	67.9247	67.9434
3264	67.9247	67.9844
3265	67.9247	67.9515
3266	67.9247	67.9684
3267	67.9247	67.946
3268	67.9247	67.9275
3269	67.9247	67.9523
3270	67.9247	67.9505
3271	67.9247	67.9293
3272	67.9247	68.1439
3273	67.9247	67.9394
3274	67.9247	68.045
3275	67.9247	67.9283
3276	67.9247	67.9247
3277	67.9247	67.9247
3278	67.9247	67.9247
3279	67.9247	67.9939
3280	67.9247	67.9978
3281	67.9247	67.9905
3282	67.9247	67.9247
3283	67.9247	67.9314
3284	67.9247	67.9247
3285	67.9247	67.9247
3286	67.9247	67.9496
3287	67.9247	67.9247
3288	67.9247	67.9247
3289	67.9247	67.9732
3290	67.9247	68.4541
3291	67.9247	68.1976
3292	67.9247	67.9257
3293	67.9247	67.9247
3294	67.9247	67.929
3295	67.9247	67.9247
3296	67.9247	67.9337
3297	67.9247	67.9289
3298	67.9247	67.9414
3299	67.9247	67.9557
3300	67.9247	67.9555
3301	67.9247	67.9716
3302	67.9247	67.9338
3303	67.9247	67.9247
3304	67.9247	68.0761
3305	67.9247	68.1707
3306	67.9247	67.9626
3307	67.9247	67.9775
3308	67.9247	68.0575
3309	67.9247	68.0365
3310	67.9247	67.955
3311	67.9247	67.9425
3312	67.9247	67.9247
3313	67.9247	67.9509
3314	67.9247	68.0166
3315	67.9247	67.9331
3316	67.9247	67.9247
3317	67.9247	67.9859
3318	67.9247	67.9843
3319	67.9247	67.9663
3320	67.9247	67.9247
3321	67.9247	67.9352
3322	67.9247	67.9849
3323	67.9247	67.969
3324	67.9247	67.9351
3325	67.9247	67.9948
3326	67.9247	67.9258
3327	67.9247	67.9526
3328	67.9247	67.9691
3329	67.9247	67.9247
3330	67.9247	68.0694
3331	67.9247	67.9656
3332	67.9247	67.9376
3333	67.9247	67.9247
3334	67.9247	67.9247
3335	67.9247	67.9247
3336	67.9247	68.0139
3337	67.9247	67.9247
3338	67.9247	67.9632
3339	67.9247	67.9483
3340	67.9247	67.9365
3341	67.9247	68.172
3342	67.9247	67.9682
3343	67.9247	68.0163
3344	67.9247	67.9265
3345	67.9247	67.9272
3346	67.9247	68.0638
3347	67.9247	68.1171
3348	67.9247	67.949
3349	67.9247	68.0925
3350	67.9247	68.2026
3351	67.9247	67.9996
3352	67.9247	67.9279
3353	67.9247	68.0673
3354	67.9247	67.9359
3355	67.9247	67.9256
3356	67.9247	68.0414
3357	67.9247	67.9694
3358	67.9247	68.132
3359	67.9247	68.0905
3360	67.9247	68.1989
3361	67.9247	68.046
3362	67.9247	67.9307
3363	67.9247	67.9247
3364	67.9247	67.9247
3365	67.9247	67.9247
3366	67.9247	67.9455
3367	67.9247	67.9297
3368	67.9247	67.94
3369	67.9247	68.056
3370	67.9247	68.0496
3371	67.9247	67.9359
3372	67.9247	67.9295
3373	67.9247	67.9271
3374	67.9247	67.9247
3375	67.9247	67.9263
3376	67.9247	68.0699
3377	67.9247	68.0554
3378	67.9247	67.9964
3379	67.9247	67.9781
3380	67.9247	67.9256
3381	67.9247	67.9247
3382	67.9247	67.9258
3383	67.9247	67.9247
3384	67.9247	67.9247
3385	67.9247	67.927
3386	67.9247	67.9286
3387	67.9247	67.9247
3388	67.9247	67.9507
3389	67.9247	68.0098
3390	67.9247	67.9251
3391	67.9247	67.9699
3392	67.9247	67.9445
3393	67.9247	67.986
3394	67.9247	68.1491
3395	67.9247	68.0171
3396	67.9247	67.9642
3397	67.9247	67.9351
3398	67.9247	67.9247
3399	67.9247	68.0104
3400	67.9247	67.9789
3401	67.9247	67.9703
3402	67.9247	67.9247
3403	67.9247	67.9279
3404	67.9247	67.9583
3405	67.9247	67.957
3406	67.9247	67.9256
3407	67.9247	67.9553
3408	67.9247	68.0623
3409	67.9247	67.9439
3410	67.9247	67.9367
3411	67.9247	68.0181
3412	67.9247	68.1833
3413	67.9247	67.9725
3414	67.9247	67.9247
3415	67.9247	67.9247
3416	67.9247	67.9247
3417	67.9247	68.0843
3418	67.9247	67.9247
3419	67.9247	67.9812
3420	67.9247	67.9247
3421	67.9247	67.9247
3422	67.9247	67.9247
3423	67.9247	67.9247
3424	67.9247	68.0985
3425	67.9247	68.1488
3426	67.9247	68.0333
3427	67.9247	68.0371
3428	67.9247	68.0091
3429	67.9247	67.9789
3430	67.9247	67.925
3431	67.9247	67.9247
3432	67.9247	67.9247
3433	67.9247	67.9247
3434	67.9247	67.9414
3435	67.9247	67.9846
3436	67.9247	68.03
3437	67.9247	68.0912
3438	67.9247	68.0496
3439	67.9247	67.9247
3440	67.9247	67.9247
3441	67.9247	67.9247
3442	67.9247	67.9879
3443	67.9247	67.9247
3444	67.9247	68.0361
3445	67.9247	67.9532
3446	67.9247	67.9247
3447	67.9247	67.9261
3448	67.9247	67.9247
3449	67.9247	67.9323
3450	67.9247	67.9714
3451	67.9247	67.9247
3452	67.9247	67.9905
3453	67.9247	68.1738
3454	67.9247	67.9943
3455	67.9247	68.0574
3456	67.9247	68.1068
3457	67.9247	67.9533
3458	67.9247	67.9768
3459	67.9247	67.9827
3460	67.9247	68.1136
3461	67.9247	67.9599
3462	67.9247	67.9319
3463	67.9247	68.0471
3464	67.9247	68.0465
3465	67.9247	67.9802
3466	67.9247	67.9876
3467	67.9247	67.9304
3468	67.9247	67.96
3469	67.9247	68.0394
3470	67.9247	67.9585
3471	67.9247	67.9395
3472	67.9247	68.0515
3473	67.9247	68.018
3474	67.9247	68.2639
3475	67.9247	68.0898
3476	67.9247	67.9998
3477	67.9247	68.0795
3478	67.9247	68.1273
3479	67.9247	68.0385
3480	67.9247	67.9711
3481	67.9247	67.9252
3482	67.9247	67.9247
3483	67.9247	67.9812
3484	67.9247	67.9247
3485	67.9247	67.9443
3486	67.9247	68.0128
3487	67.9247	67.9408
3488	67.9247	67.9328
3489	67.9247	67.9569
3490	67.9247	68.092
3491	67.9247	68.0174
3492	67.9247	68.0756
3493	67.9247	67.937
3494	67.9247	67.9585
3495	67.9247	68.0389
3496	67.9247	68.0509
3497	67.9247	68.0268
3498	67.9247	68.1364
3499	67.9247	68.0625
3500	67.9247	67.9733
3501	67.9247	67.9247
3502	67.9247	67.935
3503	67.9247	67.9247
3504	67.9247	68.0118
3505	67.9247	68.1583
3506	67.9247	68.1538
3507	67.9247	67.9247
3508	67.9247	67.9247
3509	67.9247	67.9247
3510	67.9247	68.0627
3511	67.9247	68.0088
3512	67.9247	68.0011
3513	67.9247	68.0277
3514	67.9247	67.9359
3515	67.9247	67.9247
3516	67.9247	67.9404
3517	67.9247	67.9262
3518	67.9247	67.9838
3519	67.9247	67.9247
3520	67.9247	67.9247
3521	67.9247	67.9247
3522	67.9247	67.9638
3523	67.9247	67.9247
3524	67.9247	67.9425
3525	67.9247	67.9247
3526	67.9247	67.9262
3527	67.9247	67.9247
3528	67.9247	67.9344
3529	67.9247	67.9666
3530	67.9247	68.0808
3531	67.9247	67.9358
3532	67.9247	67.9264
3533	67.9247	68.0917
3534	67.9247	67.9811
3535	67.9247	67.9247
3536	67.9247	67.9337
3537	67.9247	67.9668
3538	67.9247	68.0059
3539	67.9247	67.993
3540	67.9247	68.006
3541	67.9247	67.9247
3542	67.9247	67.9773
3543	67.9247	68.0174
3544	67.9247	68.0685
3545	67.9247	68.1218
3546	67.9247	67.9398
3547	67.9247	67.9288
3548	67.9247	67.9247
3549	67.9247	67.9507
3550	67.9247	67.9247
3551	67.9247	67.9858
3552	67.9247	67.9447
3553	67.9247	67.9247
3554	67.9247	67.9247
3555	67.9247	67.9247
3556	67.9247	67.9265
3557	67.9247	67.9917
3558	67.9247	67.9247
3559	67.9247	67.9432
3560	67.9247	67.9247
3561	67.9247	68.0111
3562	67.9247	68.0378
3563	67.9247	67.9353
3564	67.9247	68.0088
3565	67.9247	67.9315
3566	67.9247	67.939
3567	67.9247	68.136
3568	67.9247	68.2237
3569	67.9247	67.9972
3570	67.9247	68.2013
3571	67.9247	67.9962
3572	67.9247	67.979
3573	67.9247	67.9716
3574	67.9247	68.078
3575	67.9247	67.9253
3576	67.9247	67.9702
3577	67.9247	67.9256
3578	67.9247	67.9247
3579	67.9247	68.0246
3580	67.9247	68.0528
3581	67.9247	67.9394
3582	67.9247	67.9484
3583	67.9247	67.9247
3584	67.9247	67.9247
3585	67.9247	67.9346
3586	67.9247	67.9328
3587	67.9247	67.9533
3588	67.9247	67.9502
3589	67.9247	67.9557
3590	67.9247	67.9316
3591	67.9247	67.9771
3592	67.9247	68.0557
3593	67.9247	68.2381
3594	67.9247	68.0381
3595	67.9247	67.9677
3596	67.9247	67.9247
3597	67.9247	68.0712
3598	67.9247	68.0615
3599	67.9247	67.9556
3600	67.9247	67.9419
3601	67.9247	67.9247
3602	67.9247	68.051
3603	67.9247	67.9301
3604	67.9247	68.0059
3605	67.9247	67.9878
3606	67.9247	68.0234
3607	67.9247	67.9884
3608	67.9247	67.9588
3609	67.9247	67.9247
3610	67.9247	67.9359
3611	67.9247	68.063
3612	67.9247	68.0424
3613	67.9247	67.9479
3614	67.9247	67.9745
3615	67.9247	68.0101
3616	67.9247	67.9412
3617	67.9247	67.9903
3618	67.9247	67.9522
3619	67.9247	67.9506
3620	67.9247	67.9247
3621	67.9247	67.9435
3622	67.9247	68.0312
3623	67.9247	67.9247
3624	67.9247	67.9247
3625	67.9247	67.9247
3626	67.9247	67.9247
3627	67.9247	67.9247
3628	67.9247	67.9247
3629	67.9247	67.9247
3630	67.9247	67.9247
3631	67.9247	67.9422
3632	67.9247	67.9531
3633	67.9247	68.0416
3634	67.9247	67.9991
3635	67.9247	67.932
3636	67.9247	67.9337
3637	67.9247	67.9247
3638	67.9247	68.0016
3639	67.9247	68.0019
3640	67.9247	68.041
3641	67.9247	67.947
3642	67.9247	67.9247
3643	67.9247	67.9247
3644	67.9247	67.9821
3645	67.9247	68.2321
3646	67.9247	67.955
3647	67.9247	67.9247
3648	67.9247	67.9334
3649	67.9247	68.0049
3650	67.9247	67.9413
3651	67.9247	68.0641
3652	67.9247	68.0452
3653	67.9247	67.9749
3654	67.9247	67.9247
3655	67.9247	67.9418
3656	67.9247	67.9247
3657	67.9247	67.9391
3658	67.9247	67.9305
3659	67.9247	67.9857
3660	67.9247	67.9626
3661	67.9247	67.9475
3662	67.9247	68.0521
3663	67.9247	67.9644
3664	67.9247	67.9488
3665	67.9247	68.0159
3666	67.9247	67.9252
3667	67.9247	67.97
3668	67.9247	67.9334
3669	67.9247	67.9247
3670	67.9247	68.0616
3671	67.9247	67.9721
3672	67.9247	67.9453
3673	67.9247	68.1377
3674	67.9247	67.9676
3675	67.9247	67.9537
3676	67.9247	67.9247
3677	67.9247	67.9805
3678	67.9247	67.9414
3679	67.9247	68.0417
3680	67.9247	67.9325
3681	67.9247	67.9717
3682	67.9247	68.0772
3683	67.9247	68.0618
3684	67.9247	67.9826
3685	67.9247	67.9247
3686	67.9247	67.9358
3687	67.9247	67.9247
3688	67.9247	67.9321
3689	67.9247	67.9682
3690	67.9247	67.9924
3691	67.9247	67.9247
3692	67.9247	67.9273
3693	67.9247	67.9247
3694	67.9247	67.9247
3695	67.9247	67.9247
3696	67.9247	67.9521
3697	67.9247	67.9247
3698	67.9247	67.9247
3699	67.9247	67.9759
3700	67.9247	67.9265
3701	67.9247	67.934
3702	67.9247	67.9247
3703	67.9247	67.9865
3704	67.9247	67.9529
3705	67.9247	67.9789
3706	67.9247	67.9745
3707	67.9247	67.9327
3708	67.9247	67.9586
3709	67.9247	68.0567
3710	67.9247	68.3827
3711	67.9247	68.4279
3712	67.9247	68.0476
3713	67.9247	67.9347
3714	67.9247	67.9247
3715	67.9247	67.9247
3716	67.9247	67.9247
3717	67.9247	67.9256
3718	67.9247	67.9247
3719	67.9247	67.9659
3720	67.9247	68.1016
3721	67.9247	67.9247
3722	67.9247	67.9792
3723	67.9247	68.008
3724	67.9247	67.9907
3725	67.9247	67.9547
3726	67.9247	68.1151
3727	67.9247	68.0652
3728	67.9247	67.9247
3729	67.9247	67.9639
3730	67.9247	67.9247
3731	67.9247	67.9247
3732	67.9247	67.9399
3733	67.9247	67.9247
3734	67.9247	67.9247
3735	67.9247	67.9247
3736	67.9247	67.9474
3737	67.9247	67.9247
3738	67.9247	67.9247
3739	67.9247	67.9262
3740	67.9247	67.9247
3741	67.9247	67.967
3742	67.9247	68.1256
3743	67.9247	68.3073
3744	67.9247	68.3445
3745	67.9247	68.0806
3746	67.9247	67.9247
3747	67.9247	67.9283
3748	67.9247	67.9247
3749	67.9247	68.0043
3750	67.9247	67.9409
3751	67.9247	67.9247
3752	67.9247	68.0172
3753	67.9247	68.0907
3754	67.9247	67.9419
3755	67.9247	67.9903
3756	67.9247	67.9829
3757	67.9247	67.9793
3758	67.9247	68.0667
3759	67.9247	67.9295
3760	67.9247	68.001
3761	67.9247	67.9283
3762	67.9247	67.9699
3763	67.9247	67.9247
3764	67.9247	67.9247
3765	67.9247	67.946
3766	67.9247	68.0154
3767	67.9247	67.9591
3768	67.9247	67.9387
3769	67.9247	67.9361
3770	67.9247	67.9439
3771	67.9247	67.9247
3772	67.9247	68.0197
3773	67.9247	67.9247
3774	67.9247	68.0568
3775	67.9247	67.9247
3776	67.9247	67.9247
3777	67.9247	67.9387
3778	67.9247	67.9744
3779	67.9247	67.9351
3780	67.9247	68.0093
3781	67.9247	67.9383
3782	67.9247	67.9247
3783	67.9247	68.0104
3784	67.9247	67.9247
3785	67.9247	67.9289
3786	67.9247	67.9482
3787	67.9247	68.1037
3788	67.9247	67.9247
3789	67.9247	68.2419
3790	67.9247	68.0073
3791	67.9247	67.9914
3792	67.9247	68.2142
3793	67.9247	68.0724
3794	67.9247	67.9553
3795	67.9247	67.9415
3796	67.9247	67.9322
3797	67.9247	67.9499
3798	67.9247	67.9445
3799	67.9247	67.9461
3800	67.9247	67.9469
3801	67.9247	67.9247
3802	67.9247	67.9552
3803	67.9247	68.3804
3804	67.9247	68.3968
3805	67.9247	67.9883
3806	67.9247	68.0675
3807	67.9247	68.024
3808	67.9247	67.9579
3809	67.9247	67.9247
3810	67.9247	67.9843
3811	67.9247	68.0247
3812	67.9247	67.9247
3813	67.9247	67.9746
3814	67.9247	67.9536
3815	67.9247	67.9825
3816	67.9247	67.9463
3817	67.9247	67.9505
3818	67.9247	68.048
3819	67.9247	67.9265
3820	67.9247	68.0046
3821	67.9247	67.9429
3822	67.9247	67.9247
3823	67.9247	67.9247
3824	67.9247	68.031
3825	67.9247	68.0206
3826	67.9247	67.9402
3827	67.9247	67.9509
3828	67.9247	67.9277
3829	67.9247	67.9484
3830	67.9247	68.0043
3831	67.9247	68.0025
3832	67.9247	67.9333
3833	67.9247	67.9247
3834	67.9247	67.9247
3835	67.9247	67.9879
3836	67.9247	68.0316
3837	67.9247	67.969
3838	67.9247	68.0231
3839	67.9247	67.9247
3840	67.9247	67.9247
3841	67.9247	68.0599
3842	67.9247	67.9552
3843	67.9247	67.9961
3844	67.9247	67.9648
3845	67.9247	68.0758
3846	67.9247	67.9382
3847	67.9247	68.0904
3848	67.9247	67.9941
3849	67.9247	68.0251
3850	67.9247	67.9247
3851	67.9247	67.9247
3852	67.9247	67.9247
3853	67.9247	67.9247
3854	67.9247	67.9396
3855	67.9247	68.0909
3856	67.9247	67.943
3857	67.9247	67.9247
3858	67.9247	67.9247
3859	67.9247	67.9247
3860	67.9247	67.9247
3861	67.9247	67.9247
3862	67.9247	67.9247
3863	67.9247	67.9807
3864	67.9247	68.1235
3865	67.9247	67.9302
3866	67.9247	67.9389
3867	67.9247	67.9495
3868	67.9247	68.077
3869	67.9247	68.0777
3870	67.9247	68.0114
3871	67.9247	68.0555
3872	67.9247	67.9659
3873	67.9247	67.9247
3874	67.9247	67.9326
3875	67.9247	68.0333
3876	67.9247	67.9962
3877	67.9247	67.9944
3878	67.9247	67.942
3879	67.9247	68.0297
3880	67.9247	68.3145
3881	67.9247	68.0621
3882	67.9247	67.9746
3883	67.9247	67.9995
3884	67.9247	67.9612
3885	67.9247	68.0538
3886	67.9247	67.9335
3887	67.9247	67.9386
3888	67.9247	67.9556
3889	67.9247	67.9247
3890	67.9247	68.0966
3891	67.9247	68.1462
3892	67.9247	68.0044
3893	67.9247	67.9498
3894	67.9247	67.9247
3895	67.9247	67.9288
3896	67.9247	67.9555
3897	67.9247	67.9247
3898	67.9247	67.9247
3899	67.9247	67.9247
3900	67.9247	67.934
3901	67.9247	67.988
3902	67.9247	67.9965
3903	67.9247	68.1898
3904	67.9247	67.9275
3905	67.9247	67.9278
3906	67.9247	67.9247
3907	67.9247	67.934
3908	67.9247	67.9404
3909	67.9247	67.9363
3910	67.9247	67.9807
3911	67.9247	67.9336
3912	67.9247	67.9453
3913	67.9247	68.007
3914	67.9247	67.9247
3915	67.9247	67.9508
3916	67.9247	68.038
3917	67.9247	67.9247
3918	67.9247	67.9247
3919	67.9247	67.9525
3920	67.9247	68.0577
3921	67.9247	67.9858
3922	67.9247	68.009
3923	67.9247	68.042
3924	67.9247	67.9978
3925	67.9247	67.9584
3926	67.9247	67.9959
3927	67.9247	67.9247
3928	67.9247	67.9333
3929	67.9247	67.9247
3930	67.9247	67.9419
3931	67.9247	67.9584
3932	67.9247	67.9774
3933	67.9247	67.9369
3934	67.9247	67.9771
3935	67.9247	67.9416
3936	67.9247	68.013
3937	67.9247	67.936
3938	67.9247	67.9797
3939	67.9247	67.9247
3940	67.9247	67.9677
3941	67.9247	68.0302
3942	67.9247	67.9247
3943	67.9247	67.9397
3944	67.9247	67.936
3945	67.9247	67.9247
3946	67.9247	67.9254
3947	67.9247	67.9919
3948	67.9247	67.9735
3949	67.9247	67.975
3950	67.9247	67.9391
3951	67.9247	68.0742
3952	67.9247	67.9883
3953	67.9247	67.9373
3954	67.9247	68.0395
3955	67.9247	68.0053
3956	67.9247	67.999
3957	67.9247	67.9358
3958	67.9247	67.9377
3959	67.9247	67.9247
3960	67.9247	67.988
3961	67.9247	67.9247
3962	67.9247	67.9392
3963	67.9247	67.9749
3964	67.9247	67.9284
3965	67.9247	67.9348
3966	67.9247	68.0901
3967	67.9247	68.0345
3968	67.9247	68.0164
3969	67.9247	67.9514
3970	67.9247	67.9247
3971	67.9247	67.9247
3972	67.9247	67.9764
3973	67.9247	68.2614
3974	67.9247	67.9271
3975	67.9247	68.1134
3976	67.9247	68.0327
3977	67.9247	68.0211
3978	67.9247	68.0421
3979	67.9247	68.0574
3980	67.9247	67.9386
3981	67.9247	67.967
3982	67.9247	67.9279
3983	67.9247	67.9578
3984	67.9247	67.9277
3985	67.9247	67.9665
3986	67.9247	67.9337
3987	67.9247	67.9458
3988	67.9247	67.9514
3989	67.9247	67.9482
3990	67.9247	67.969
3991	67.9247	67.9338
3992	67.9247	68.0426
3993	67.9247	67.9643
3994	67.9247	67.934
3995	67.9247	68.0409
3996	67.9247	68.0441
3997	67.9247	68.0611
3998	67.9247	68.0266
3999	67.9247	67.9345
