0	425.858	466.584
1	417.179	445.822
2	402.183	431.122
3	380.397	416.308
4	372.246	399.93
5	363.051	383.135
6	357.959	372.924
7	348.325	365.168
8	340.301	357.177
9	332.021	349.304
10	328.152	340.562
11	320.688	333.379
12	311.084	326.707
13	308.387	319.451
14	300.475	314.036
15	294.508	308.251
16	272.17	301.021
17	269.289	292.003
18	265.604	279.591
19	259.577	270.778
20	253.463	265.606
21	244.891	260.378
22	236.991	254.071
23	231.372	246.498
24	227.268	238.275
25	225.537	233.161
26	224.1	229.278
27	219.815	226.827
28	218.414	224.897
29	214.727	223.238
30	212.299	220.126
31	207.454	216.74
32	202.848	212.967
33	201.301	209.065
34	200.506	205.387
35	193.541	202.77
36	191.678	199.537
37	190.459	195.97
38	186.57	193.722
39	185.15	191.863
40	183.197	189.131
41	182.256	186.674
42	179.82	184.416
43	176.362	182.842
44	174.429	181.053
45	173.196	178.32
46	170.583	175.847
47	170.138	174.01
48	167.978	172.27
49	165.715	170.797
50	165.715	168.827
51	164.975	167.2
52	162.328	166.103
53	160.709	165.088
54	159.968	163.281
55	158.429	161.894
56	156.549	160.964
57	153.421	160.596
58	151.125	158.708
59	149.545	155.989
60	149.404	152.779
61	146.917	150.938
62	146.777	149.943
63	144.405	148.54
64	143.459	147.126
65	141.96	146.291
66	140.844	145.221
67	140.508	143.847
68	139.392	142.248
69	139.173	141.485
70	138.494	140.894
71	137.378	141.111
72	136.53	140.177
73	135.699	139.183
74	135.146	137.743
75	134.454	136.986
76	133.931	135.676
77	133.087	135.087
78	131.976	134.216
79	131.963	133.448
80	131.963	132.533
81	131.368	132.083
82	130.306	131.966
83	130.121	131.584
84	128.011	131.311
85	128.011	131.311
86	128.011	130.153
87	127.579	128.852
88	127.377	128.307
89	126.339	128.332
90	125.355	127.887
91	124.827	127.951
92	123.902	126.839
93	122.486	125.951
94	121.957	124.734
95	121.5	123.704
96	121.162	122.711
97	120.54	122.257
98	120.056	121.975
99	119.733	121.797
100	119.051	121.085
101	117.617	120.468
102	117.028	119.767
103	116.557	118.971
104	116.057	118.077
105	115.787	117.312
106	114.704	116.796
107	113.758	116.425
108	113.212	116.139
109	111.947	115.147
110	111.677	113.982
111	110.803	112.96
112	110.74	112.254
113	109.817	112.086
114	108.764	112.077
115	108.216	111.331
116	108.023	110.061
117	107.617	108.698
118	107.209	108.305
119	106.648	108.025
120	104.947	107.545
121	104.563	106.856
122	104.563	105.928
123	104.09	105.288
124	103.882	104.717
125	102.655	104.422
126	102.182	104.129
127	101.357	103.595
128	100.241	102.855
129	100.083	101.993
130	99.237	101.152
131	99.237	100.558
132	98.588	100.077
133	98.3943	99.7921
134	98.3943	99.1662
135	97.4505	98.8789
136	97.1281	98.5889
137	96.9565	98.5006
138	96.5429	97.9568
139	95.9915	97.321
140	95.7938	96.6681
141	95.6528	96.3571
142	95.5954	96.3624
143	94.7037	96.1318
144	94.1536	95.5912
145	94.1536	95.5394
146	93.5366	95.0679
147	92.8335	94.4903
148	92.2739	94.0492
149	92.1849	93.3566
150	91.6252	92.8098
151	91.5679	92.2059
152	90.7859	91.8985
153	90.5051	91.6319
154	90.1746	91.359
155	90.1173	90.9077
156	90.1173	90.5517
157	89.2286	90.2697
158	89.2286	90.2125
159	89.2268	89.9198
160	89.0453	89.7519
161	89.0435	89.761
162	88.2502	89.6445
163	88.1699	89.5811
164	87.9711	88.9939
165	87.8879	88.806
166	87.7046	88.3136
167	87.6683	88.1614
168	87.0654	88.1369
169	86.878	87.8142
170	86.878	87.3377
171	86.8151	87.0454
172	86.6276	86.9454
173	86.53	87.0534
174	85.471	87.0092
175	85.2835	86.7178
176	85.1482	86.3391
177	85.1482	85.8307
178	84.7794	85.3177
179	84.7416	85.278
180	84.6231	85.2811
181	84.6231	85.0527
182	84.6231	84.7679
183	84.4952	84.7329
184	84.355	84.7387
185	84.355	84.7391
186	84.355	84.6162
187	84.355	84.7763
188	84.355	84.3809
189	83.5013	84.3552
190	83.4407	84.2604
191	82.8177	83.9679
192	82.757	83.6044
193	82.757	83.2525
194	82.083	82.9665
195	82.083	82.7218
196	82.083	82.4215
197	82.083	82.234
198	82.0262	82.1317
199	82.0262	82.0749
200	81.8607	82.051
201	81.8607	82.0085
202	81.8607	81.932
203	81.8607	81.893
204	80.9421	81.928
205	80.9421	81.7917
206	80.8957	81.4419
207	80.071	81.1893
208	80.0246	81.0023
209	80.0246	80.5612
210	80.0246	80.7291
211	80.0246	80.137
212	79.7762	80.0247
213	79.7762	79.9845
214	79.7762	79.8848
215	79.572	79.8154
216	79.3235	79.7638
217	78.4743	79.6416
218	78.4743	79.4195
219	78.4141	79.0874
220	78.4141	78.9422
221	78.1512	78.5901
222	78.1512	78.4274
223	78.1512	78.3844
224	78.1512	78.3117
225	78.1512	78.2793
226	78.1512	78.2369
227	78.1512	78.4153
228	78.1512	78.1723
229	78.0643	78.2006
230	78.0643	78.1378
231	78.0643	78.1065
232	78.0643	78.2067
233	77.8395	78.1006
234	77.7526	78.1092
235	77.7526	78.0711
236	77.5838	77.8306
237	77.5838	77.7348
238	77.5838	77.6811
239	77.2566	77.6586
240	77.1542	77.7292
241	77.1542	77.4243
242	77.0567	77.272
243	77.0434	77.2453
244	76.9025	77.1223
245	76.862	77.0914
246	76.862	77.0654
247	76.862	76.9266
248	76.6459	76.8977
249	75.9743	76.8442
250	75.9743	76.704
251	75.9743	76.3531
252	75.9743	76.213
253	75.8326	76.0491
254	75.8326	76.0914
255	75.8326	76.1035
256	75.8326	75.9245
257	75.8326	75.8468
258	75.8326	75.8342
259	75.8326	75.8431
260	75.8326	75.8784
261	75.8326	75.8442
262	75.8285	75.9199
263	75.8285	75.832
264	75.1816	75.8284
265	75.1816	75.8266
266	74.738	75.5287
267	74.738	75.2462
268	74.738	75.0211
269	74.5174	74.9547
270	74.5174	74.8206
271	74.5174	74.6778
272	74.5044	74.5864
273	74.4983	74.5633
274	74.2043	74.5097
275	74.2043	74.4724
276	74.2043	74.3752
277	74.2043	74.3313
278	74.2043	74.2414
279	74.2043	74.2185
280	74.2043	74.2091
281	74.2043	74.2263
282	74.195	74.2049
283	74.195	74.2032
284	74.195	74.2002
285	74.0357	74.1965
286	74.0264	74.1762
287	74.0264	74.1148
288	74.0264	74.0652
289	73.4815	74.0375
290	73.4815	73.9388
291	73.4815	73.7369
292	73.4815	73.5848
293	73.4815	73.4971
294	73.4815	73.4915
295	73.2121	73.4821
296	73.2121	73.486
297	73.2121	73.3788
298	73.2121	73.3044
299	73.2121	73.5903
300	73.2121	73.3878
301	73.2121	73.2121
302	73.2121	73.2121
303	73.2121	73.2189
304	73.2121	73.2172
305	73.0457	73.2297
306	73.0457	73.1951
307	73.0457	73.1691
308	73.0457	73.0831
309	73.0457	73.1408
310	73.0457	73.0685
311	73.0457	73.0796
312	73.0457	73.0985
313	72.9174	73.1044
314	72.9174	73.0874
315	72.9174	72.9957
316	72.9174	72.9368
317	72.8913	72.918
318	72.8913	72.9139
319	72.8913	72.9042
320	72.8913	72.8963
321	72.6997	72.8915
322	72.6997	72.8569
323	72.4188	72.7738
324	72.4188	72.689
325	72.4188	72.5501
326	72.4188	72.471
327	72.4188	72.426
328	71.9875	72.5582
329	71.9875	72.4075
330	71.9875	72.2118
331	71.9875	72.1358
332	71.9875	72.1031
333	71.9875	71.9875
334	71.9875	71.9875
335	71.9875	72.0412
336	71.9875	71.9961
337	71.9875	71.9964
338	71.9875	72.0433
339	71.9875	72.1832
340	71.9875	71.9875
341	71.9875	72.0064
342	71.9875	72.0731
343	71.9875	72.0309
344	71.9875	72.0234
345	71.9875	71.9875
346	71.9875	71.9875
347	71.9875	72.0141
348	71.9875	72.0811
349	71.9875	72.2888
350	71.9875	72.0515
351	71.9875	72.1212
352	71.9875	72.3207
353	71.9694	72.0995
354	71.326	72.0733
355	71.326	71.957
356	71.3079	71.8288
357	71.3079	71.4647
358	71.3079	71.4355
359	71.3079	71.367
360	71.3079	71.3087
361	71.3079	71.3234
362	71.3079	71.3788
363	71.3079	71.399
364	71.3079	71.4662
365	71.3079	71.4378
366	71.3079	71.4324
367	71.3079	71.3212
368	71.3079	71.4085
369	71.3036	71.4367
370	71.3036	71.3073
371	71.3036	71.3197
372	71.3036	71.3045
373	71.3036	71.3039
374	71.3036	71.3091
375	71.3036	71.3036
376	71.3036	71.3036
377	71.3036	71.3065
378	71.3036	71.3515
379	71.3036	71.339
380	71.3036	71.3498
381	71.3036	71.3831
382	71.3036	71.3036
383	71.3036	71.312
384	71.2511	71.3035
385	71.2511	71.2969
386	71.2511	71.2777
387	71.2511	71.2813
388	71.2511	71.2838
389	71.2511	71.3174
390	71.2511	71.3205
391	71.2511	71.3347
392	71.2511	71.3966
393	71.2511	71.2768
394	71.2511	71.3168
395	71.1263	71.2507
396	71.1263	71.2275
397	70.7172	71.1847
398	70.7172	71.1122
399	70.7172	70.9518
400	70.7172	70.8258
401	70.7172	70.9585
402	70.7172	70.7508
403	70.7172	70.7344
404	70.7172	70.7172
405	70.7172	70.7172
406	70.7172	70.7172
407	70.7172	70.7941
408	70.7172	70.7389
409	70.7172	70.7193
410	70.7172	70.7172
411	70.7172	70.7172
412	70.7172	70.7172
413	70.7172	70.7172
414	70.7172	70.7172
415	70.7172	70.7562
416	70.7172	70.7411
417	70.7172	70.7587
418	70.7172	70.739
419	70.7172	70.7172
420	70.7172	70.7209
421	70.7172	70.7172
422	70.7172	70.7572
423	70.7172	70.723
424	70.7172	70.9612
425	70.7172	70.7401
426	70.7172	70.7865
427	70.7172	70.8211
428	70.7172	70.7373
429	70.7172	70.7172
430	70.7172	70.8399
431	70.7172	70.7647
432	70.7172	70.8161
433	70.7172	70.9341
434	70.7172	70.8391
435	70.7172	70.7396
436	70.7172	70.7172
437	70.7172	70.7468
438	70.7172	70.8754
439	70.7172	70.7656
440	70.7172	70.7172
441	70.7172	70.7183
442	70.7172	70.7294
443	70.7172	70.7172
444	70.7172	70.7255
445	70.7172	70.7224
446	70.7172	70.7172
447	70.7172	70.7172
448	70.7172	70.7172
449	70.7172	70.7172
450	70.7172	70.7172
451	70.7172	70.7242
452	70.7172	70.7218
453	70.7172	70.8066
454	70.7172	70.7407
455	70.7172	70.7677
456	70.7172	70.8172
457	70.7172	70.8038
458	70.7172	70.7615
459	70.7172	70.7419
460	70.7172	70.8388
461	70.7172	70.7504
462	69.8627	70.7149
463	69.8627	71.405
464	69.8627	71.9207
465	69.8627	72.4354
466	69.8627	70.9982
467	69.8627	70.4778
468	69.8627	70.0522
469	69.8627	70.0769
470	69.8627	69.9525
471	69.8627	69.8886
472	69.8627	69.8627
473	69.8627	69.8627
474	69.8627	69.8627
475	69.8627	69.8669
476	69.8627	69.8627
477	69.8627	69.8627
478	69.8627	69.8627
479	69.8627	69.8627
480	69.8627	69.9528
481	69.8627	70.237
482	69.8627	70.2693
483	69.8627	70.0317
484	69.8627	69.9384
485	69.8627	69.9873
486	69.8627	69.9151
487	69.8627	69.9978
488	69.8627	69.9527
489	69.8627	69.8664
490	69.8627	69.9019
491	69.8627	69.9335
492	69.8627	69.989
493	69.8627	70.0393
494	69.8627	69.9394
495	69.8627	69.8818
496	69.8627	69.9089
497	69.8627	69.8656
498	69.8627	69.8924
499	69.8627	69.9613
500	69.8627	70.1145
501	69.8627	70.1186
502	69.8627	69.9201
503	69.8627	69.8741
504	69.8627	69.91
505	69.8627	69.8951
506	69.8627	69.8958
507	69.8627	69.8627
508	69.8627	69.8647
509	69.8627	69.8627
510	69.8627	69.8627
511	69.8627	70.0123
512	69.8627	69.9127
513	69.8627	69.8862
514	69.8627	69.9363
515	69.8627	69.8627
516	69.8627	69.8634
517	69.8627	69.8627
518	69.8627	69.8627
519	69.8627	69.8627
520	69.8627	69.8627
521	69.8627	69.8927
522	69.8627	69.8627
523	69.8627	69.949
524	69.8627	69.8978
525	69.8627	69.8627
526	69.8627	69.8627
527	69.8627	69.8627
528	69.8627	69.8664
529	69.8627	69.8645
530	69.8627	69.9114
531	69.8627	69.8906
532	69.8627	69.9636
533	69.8627	69.9477
534	69.8627	69.9349
535	69.8627	69.9059
536	69.8627	69.9144
537	69.8627	69.9033
538	69.8627	69.8627
539	69.8627	69.8627
540	69.7997	69.8918
541	69.7997	69.9132
542	69.7997	69.9029
543	69.7997	69.9854
544	69.7997	69.9563
545	69.7997	69.8858
546	69.7997	69.8081
547	69.7997	70.0025
548	69.7997	69.8295
549	69.7997	69.9847
550	69.7997	70.2965
551	69.7997	69.8947
552	69.7997	69.8904
553	69.7997	69.8694
554	69.7997	69.8157
555	69.7997	69.8044
556	69.7997	69.8196
557	69.7997	69.8116
558	69.7997	69.8216
559	69.7997	69.8103
560	69.7997	69.8443
561	69.7997	70.0355
562	69.7997	70.0068
563	69.7997	69.8283
564	69.7997	69.7998
565	69.7997	69.7997
566	69.7997	69.8153
567	69.7997	69.8101
568	69.7997	69.7997
569	69.7997	69.8129
570	69.7997	69.8764
571	69.7997	69.8438
572	69.7997	69.822
573	69.7997	69.8541
574	69.7997	69.8005
575	69.7997	69.8167
576	69.7997	69.801
577	69.7997	69.8205
578	69.7997	69.8091
579	69.7997	69.9332
580	69.7997	69.8623
581	69.7997	69.8792
582	69.7997	69.8811
583	69.7997	70.0071
584	69.7997	69.8254
585	69.7997	69.7997
586	69.7997	69.8009
587	69.7997	69.7997
588	69.7997	69.8359
589	69.7997	69.8073
590	69.7997	70.0714
591	69.7997	69.9286
592	69.7997	69.8032
593	69.7997	69.8597
594	69.7997	69.9229
595	69.7997	69.8675
596	69.7997	69.8342
597	69.7997	69.8387
598	69.7997	69.8604
599	69.7997	69.8561
600	69.7997	69.9008
601	69.7997	69.8659
602	69.7997	70.0351
603	69.7997	69.8236
604	69.7997	69.9181
605	69.7997	69.7997
606	69.7997	69.8165
607	69.7997	69.8005
608	69.7997	69.9784
609	69.7997	69.8847
610	69.7997	69.8526
611	69.7997	69.7997
612	69.7997	69.8841
613	69.7997	69.8089
614	69.7997	69.8643
615	69.7997	69.7997
616	69.7997	69.8
617	69.7997	69.8426
618	69.7997	69.7997
619	69.7997	69.7997
620	69.7997	69.8949
621	69.7997	69.8223
622	69.7997	69.7997
623	69.7997	69.7997
624	69.7997	69.8602
625	69.7997	69.8685
626	69.7997	69.8001
627	69.7997	69.7997
628	69.7997	69.8134
629	69.7997	69.8681
630	69.7997	69.8426
631	69.7997	69.9737
632	69.7997	69.9799
633	69.7997	69.8094
634	69.7997	69.7997
635	69.7997	69.8166
636	69.7997	69.8899
637	69.7997	69.7997
638	69.7997	69.7997
639	69.7997	69.8405
640	69.7997	69.9309
641	69.7997	69.8515
642	69.7997	69.7997
643	69.7997	69.809
644	69.7997	69.8328
645	69.7997	69.8089
646	69.7997	69.883
647	69.7997	69.9428
648	69.7997	69.8998
649	69.7997	70.0459
650	69.7997	70.0959
651	69.7997	69.8445
652	69.7997	69.8069
653	69.7997	69.84
654	69.7997	69.7997
655	69.7997	69.7997
656	69.7997	69.7997
657	69.7997	69.7997
658	69.7997	69.8002
659	69.7997	69.8988
660	69.7997	69.8153
661	69.7997	69.8486
662	69.7997	69.8087
663	69.7997	69.7997
664	69.7997	69.7997
665	69.7997	69.7997
666	69.7997	69.7997
667	69.7997	69.7997
668	69.7997	69.7997
669	69.7997	69.822
670	69.7997	69.8057
671	69.7997	69.9817
672	69.7997	69.8756
673	69.7997	69.9389
674	69.7997	69.829
675	69.7997	69.858
676	69.7997	69.916
677	69.7997	69.8281
678	69.6539	69.8054
679	69.6539	69.7772
680	69.6539	69.8446
681	69.6539	69.919
682	69.6539	69.7838
683	69.6539	69.6539
684	69.6539	69.6539
685	69.6539	69.6673
686	69.6539	69.7003
687	69.6539	69.6539
688	69.6539	69.7555
689	69.6539	69.6539
690	69.6539	69.6539
691	69.6539	69.6539
692	69.6539	69.6539
693	69.6539	69.7079
694	69.6539	69.6852
695	69.6539	69.6776
696	69.6539	69.8394
697	69.6539	69.7603
698	69.6539	69.6539
699	69.6539	69.6712
700	69.6539	69.6601
701	69.6539	69.6566
702	69.6539	69.658
703	69.6539	69.7011
704	69.6539	69.6683
705	69.6539	69.6613
706	69.6539	69.6539
707	69.6539	69.6539
708	69.6539	69.6566
709	69.6539	69.706
710	69.6539	69.7938
711	69.6539	69.6667
712	69.6539	69.6539
713	69.6539	69.6539
714	69.6539	69.6641
715	69.6539	69.6782
716	69.6539	69.6539
717	69.6539	69.7446
718	69.6539	69.6647
719	69.6539	69.7033
720	69.6539	69.7294
721	69.6539	69.746
722	69.6539	69.6616
723	69.6539	69.7314
724	69.6539	69.6728
725	69.6539	69.785
726	69.6539	69.6615
727	69.6539	69.6539
728	69.6539	69.6539
729	69.6539	69.6587
730	69.6539	69.6617
731	69.6539	69.6953
732	69.6539	69.8366
733	69.6539	69.7063
734	69.6539	69.7363
735	69.6539	69.9195
736	69.6539	69.7467
737	69.6539	69.6808
738	69.6539	69.8161
739	69.6539	69.8163
740	69.6539	69.6995
741	69.6539	69.7579
742	69.6539	69.667
743	69.6539	69.7548
744	69.6539	69.6735
745	69.6539	69.6939
746	69.6539	69.6539
747	69.6539	69.6539
748	69.6539	69.6539
749	69.6539	69.7148
750	69.6539	69.6539
751	69.6539	69.6765
752	69.6539	69.6707
753	69.6539	69.6943
754	69.6539	69.806
755	69.6539	69.6578
756	69.6539	69.658
757	69.6539	69.6539
758	69.6539	69.6676
759	69.6539	69.7144
760	69.6539	69.6539
761	69.6539	69.7246
762	69.6539	69.6699
763	69.6539	69.754
764	69.6539	69.9224
765	69.6539	69.7967
766	69.6539	69.7382
767	69.6539	69.6824
768	69.6539	69.7891
769	69.6539	69.6701
770	69.6539	69.6559
771	69.6539	69.6539
772	69.6539	69.6539
773	69.6539	69.6539
774	69.6539	69.7607
775	69.6539	69.7442
776	69.6539	69.6539
777	69.6539	69.6707
778	69.6539	69.7612
779	69.6539	69.6539
780	69.6539	69.6539
781	69.6539	69.6539
782	69.6539	69.6539
783	69.6539	69.6555
784	69.6539	69.699
785	69.6539	69.6552
786	69.6539	69.6539
787	69.6539	69.6616
788	69.6539	69.7213
789	69.6539	69.726
790	69.6539	69.7172
791	69.6539	69.7596
792	69.6539	69.6712
793	69.6539	69.7657
794	69.6539	69.6596
795	69.6539	69.6915
796	69.6539	69.6616
797	69.6539	69.6639
798	69.6539	69.6539
799	69.6539	69.6539
800	69.6539	69.6539
801	69.6539	69.6539
802	69.6539	69.675
803	69.6539	69.7069
804	69.6539	69.6545
805	69.6539	69.6605
806	69.6539	69.6973
807	69.6539	69.6539
808	69.6539	69.7547
809	69.6539	69.6642
810	69.6539	69.7214
811	69.6539	69.6539
812	69.6539	69.6851
813	69.6539	69.7328
814	69.6539	69.7636
815	69.6539	69.7363
816	69.6539	69.7228
817	69.6539	69.7629
818	69.6539	69.6752
819	69.6539	69.7636
820	69.6539	69.6585
821	69.6539	69.6539
822	69.6539	69.6974
823	69.6539	69.6539
824	69.6539	69.6539
825	69.6539	69.6712
826	69.6539	69.8463
827	69.6539	69.7373
828	69.6539	69.9155
829	69.6539	69.6737
830	69.6539	69.6817
831	69.6539	69.7056
832	69.6539	69.6925
833	69.6539	69.6746
834	69.6539	69.8152
835	69.6539	69.725
836	69.6539	69.6811
837	69.6539	69.726
838	69.6539	69.6558
839	69.6539	69.6539
840	69.6539	69.6569
841	69.6539	69.6923
842	69.6539	69.7072
843	69.6539	69.6539
844	69.6539	69.6637
845	69.6539	69.6921
846	69.6539	69.7754
847	69.6539	69.6539
848	69.6539	69.6631
849	69.6539	69.6539
850	69.6539	69.6539
851	69.6539	69.6539
852	69.6539	69.8293
853	69.6539	70.0544
854	69.6539	69.8642
855	69.6539	69.7621
856	69.6539	69.6913
857	69.6539	69.6682
858	69.6539	69.6937
859	69.6539	69.6797
860	69.6539	69.658
861	69.6539	69.678
862	69.6539	69.7056
863	69.6539	69.6832
864	69.6539	69.6539
865	69.6539	69.6629
866	69.6539	69.6539
867	69.6539	69.661
868	69.6539	69.6643
869	69.6539	69.657
870	69.6539	69.6539
871	69.6539	69.6591
872	69.6539	69.6643
873	69.6539	69.6915
874	69.6539	69.7035
875	69.6539	69.747
876	69.6539	69.7521
877	69.6539	69.6788
878	69.6539	69.7834
879	69.6539	69.6539
880	69.6539	69.7075
881	69.6539	69.6539
882	69.6539	69.6539
883	69.6539	69.6539
884	69.6539	69.6902
885	69.6539	69.6539
886	69.6539	69.6539
887	69.6539	69.6539
888	69.6539	69.7762
889	69.6539	69.771
890	69.6539	69.6539
891	69.6539	69.6539
892	69.6539	69.7292
893	69.6539	69.6978
894	69.6539	69.6539
895	69.6539	69.6544
896	69.6539	69.6639
897	69.6539	69.7192
898	69.6539	69.7054
899	69.6539	69.9047
900	69.6539	69.8505
901	69.6539	69.715
902	69.6539	69.6891
903	69.6539	69.6683
904	69.6539	69.6539
905	69.6539	69.6843
906	69.6539	69.6637
907	69.6539	69.6595
908	69.6539	69.7671
909	69.6539	69.6723
910	69.6539	69.7712
911	69.6539	69.6857
912	69.6539	69.6539
913	69.6539	69.6539
914	69.6539	69.6539
915	69.6539	69.664
916	69.6539	69.6539
917	69.6539	69.6547
918	69.6539	69.8016
919	69.6539	69.6696
920	69.6539	69.6539
921	69.6539	69.672
922	69.6539	69.7087
923	69.6539	69.843
924	69.6539	69.7775
925	69.6539	69.658
926	69.6539	69.6539
927	69.6539	69.6539
928	69.6539	69.6539
929	69.6539	69.6539
930	69.6539	69.6539
931	69.6539	69.6827
932	69.6539	69.706
933	69.6539	69.6549
934	69.6539	69.6547
935	69.6539	69.6758
936	69.6539	69.6539
937	69.6539	69.7213
938	69.6539	69.6539
939	69.6539	69.6539
940	69.6539	69.6539
941	69.6539	69.6539
942	69.6539	69.6539
943	69.6539	69.7061
944	69.6539	69.685
945	69.6539	69.6539
946	69.6539	69.656
947	69.6539	69.7
948	69.6539	69.7972
949	69.6539	69.8096
950	69.6539	69.6663
951	69.6539	69.6719
952	69.6539	69.6539
953	69.6539	69.8294
954	69.6539	69.6568
955	69.6539	69.6555
956	69.6539	69.6558
957	69.6539	69.6539
958	69.6539	69.8131
959	69.6539	69.6672
960	69.6539	69.7289
961	69.6539	69.6795
962	69.6539	69.6539
963	69.6539	69.7073
964	69.6539	69.8285
965	69.6539	69.9204
966	69.6539	69.9273
967	69.6539	69.6668
968	69.6539	69.6539
969	69.6539	69.6781
970	69.6539	69.6539
971	69.6539	69.6539
972	69.6539	69.6764
973	69.6539	69.69
974	69.6539	69.6973
975	69.6539	69.6855
976	69.6539	69.6625
977	69.6539	69.7292
978	69.6539	69.6539
979	69.6539	69.7209
980	69.6539	69.6583
981	69.6539	69.6539
982	69.6539	69.7608
983	69.6539	69.6572
984	69.6539	69.6753
985	69.6539	69.6539
986	69.6539	69.6539
987	69.6539	69.6539
988	69.6539	69.6539
989	69.6539	69.6539
990	69.6539	69.6539
991	69.6539	69.6539
992	69.6539	69.6595
993	69.6539	69.6586
994	69.6539	69.6558
995	69.6539	69.6703
996	69.6539	69.7303
997	69.6539	69.6539
998	69.6539	69.6742
999	69.6539	69.654
1000	69.6539	69.6628
1001	69.6539	69.6579
1002	69.6539	69.7579
1003	69.6539	69.6539
1004	69.6539	69.6574
1005	69.6539	69.6539
1006	69.6539	69.9271
1007	69.6539	69.7937
1008	69.6539	69.7357
1009	69.6539	69.8591
1010	69.6539	69.79
1011	69.6539	69.7922
1012	69.6539	69.671
1013	69.6539	69.6888
1014	69.6539	69.6539
1015	69.6539	69.6539
1016	69.6539	69.6601
1017	69.6539	69.6539
1018	69.6539	69.7414
1019	69.6539	69.7341
1020	69.6539	69.7186
1021	69.6539	69.696
1022	69.6539	69.6695
1023	69.6539	69.6539
1024	69.6539	69.6539
1025	69.6539	69.6833
1026	69.6539	69.6922
1027	69.6539	69.7197
1028	69.6539	69.6539
1029	69.6539	69.6539
1030	69.6539	69.714
1031	69.6539	69.7397
1032	69.6539	69.6614
1033	69.5135	69.6966
1034	69.5135	69.826
1035	69.5135	69.7368
1036	69.5135	69.6399
1037	69.5135	69.5811
1038	69.5135	69.5406
1039	69.5135	69.5758
1040	69.5135	69.5852
1041	69.5135	69.5135
1042	69.5135	69.5146
1043	69.5135	69.5542
1044	69.5135	69.5135
1045	69.5135	69.5166
1046	69.5135	69.5365
1047	69.5135	69.6437
1048	69.5135	69.7144
1049	69.5135	69.5811
1050	69.5135	69.5593
1051	69.5135	69.5135
1052	69.5135	69.5135
1053	69.5135	69.5276
1054	69.5135	69.514
1055	69.5135	69.5135
1056	69.5135	69.5352
1057	69.5135	69.5135
1058	69.5135	69.5331
1059	69.5135	69.5309
1060	69.461	69.5206
1061	69.461	69.5904
1062	69.461	69.4847
1063	69.461	69.5107
1064	69.461	69.4955
1065	69.461	69.5673
1066	69.461	69.465
1067	69.461	69.461
1068	69.461	69.4867
1069	69.461	69.574
1070	69.461	69.6051
1071	69.461	69.4777
1072	69.461	69.461
1073	69.461	69.4871
1074	69.461	69.5472
1075	69.461	69.461
1076	69.461	69.4786
1077	69.461	69.461
1078	69.461	69.5496
1079	69.461	69.5068
1080	69.461	69.4675
1081	69.461	69.4758
1082	69.461	69.5021
1083	69.461	69.5427
1084	69.4263	69.4609
1085	69.4263	69.4557
1086	69.4263	69.4466
1087	69.4263	69.4331
1088	69.4263	69.4325
1089	69.4263	69.4274
1090	69.4263	69.4687
1091	69.4263	69.4636
1092	69.4263	69.5847
1093	69.4263	69.4578
1094	69.4263	69.4263
1095	69.4263	69.4263
1096	69.4263	69.534
1097	69.4263	69.5132
1098	69.4263	69.4384
1099	69.4263	69.4648
1100	69.4263	69.5479
1101	69.4263	69.6606
1102	69.4263	69.6494
1103	69.4263	69.5254
1104	69.4263	69.5558
1105	69.4263	69.4885
1106	69.4263	69.4503
1107	69.4263	69.4562
1108	69.4263	69.454
1109	69.4263	69.433
1110	69.4263	69.5386
1111	69.4263	69.4263
1112	69.4263	69.4266
1113	69.4263	69.4322
1114	69.4263	69.4319
1115	69.4263	69.4263
1116	69.4263	69.4605
1117	69.4263	69.4385
1118	69.4263	69.4263
1119	69.4263	69.5042
1120	69.4263	69.7708
1121	69.4263	69.4483
1122	69.4263	69.4561
1123	69.4263	69.595
1124	69.4263	69.5452
1125	69.4263	69.4267
1126	69.4263	69.4263
1127	69.4263	69.4263
1128	69.4263	69.435
1129	69.4263	69.429
1130	69.4263	69.483
1131	69.4263	69.4501
1132	69.4263	69.4337
1133	69.4263	69.57
1134	69.4263	69.4433
1135	69.4263	69.509
1136	69.4263	69.4542
1137	69.4263	69.4263
1138	69.4263	69.4925
1139	69.4263	69.8082
1140	69.4263	69.6152
1141	69.4263	69.8236
1142	69.4263	69.5268
1143	69.4263	69.4797
1144	69.4263	69.4308
1145	69.4263	69.5603
1146	69.4263	69.5041
1147	69.4263	69.4608
1148	69.4263	69.4263
1149	69.4263	69.4708
1150	69.4263	69.456
1151	69.4263	69.4717
1152	69.4263	69.4327
1153	69.4263	69.452
1154	69.4263	69.4263
1155	69.4263	69.4801
1156	69.4263	69.526
1157	69.4263	69.4348
1158	69.4263	69.4295
1159	69.4263	69.444
1160	69.4263	69.5209
1161	69.4263	69.5459
1162	69.4263	69.671
1163	69.4263	69.4263
1164	69.4263	69.667
1165	69.4263	69.4757
1166	69.4263	69.521
1167	69.4263	69.4263
1168	69.4263	69.4423
1169	69.4263	69.4263
1170	69.4263	69.437
1171	69.4263	69.4301
1172	69.4263	69.4899
1173	69.4263	69.5339
1174	69.4263	69.4325
1175	69.4263	69.4758
1176	69.4263	69.4787
1177	69.4263	69.4525
1178	69.4263	69.4508
1179	69.4263	69.5223
1180	69.4263	69.6115
1181	69.4263	69.4266
1182	69.4263	69.4325
1183	69.4263	69.4263
1184	69.4263	69.4482
1185	69.4263	69.4263
1186	69.4263	69.4845
1187	69.4263	69.5035
1188	69.4263	69.4263
1189	69.4263	69.4263
1190	69.4263	69.4263
1191	69.4263	69.4263
1192	69.4147	69.4262
1193	69.4147	69.4248
1194	69.4147	69.4272
1195	69.4147	69.4175
1196	69.4147	69.4405
1197	69.4147	69.5802
1198	69.4147	69.5222
1199	69.4147	69.4403
1200	69.4147	69.4147
1201	69.4147	69.4768
1202	69.4147	69.5756
1203	69.4147	69.4158
1204	69.4147	69.4167
1205	69.4147	69.4147
1206	69.4147	69.4881
1207	69.4147	69.4346
1208	69.4147	69.4373
1209	69.4147	69.4147
1210	69.4147	69.4505
1211	69.4147	69.4147
1212	69.4147	69.4147
1213	69.4147	69.4756
1214	69.4147	69.5127
1215	69.4147	69.4472
1216	69.4147	69.4147
1217	69.4147	69.4147
1218	69.4147	69.5102
1219	69.4147	69.4625
1220	69.4147	69.441
1221	69.4147	69.443
1222	69.4147	69.4292
1223	69.4147	69.4278
1224	69.4147	69.4667
1225	69.4147	69.4335
1226	69.4147	69.4367
1227	69.4147	69.685
1228	69.4147	69.4329
1229	69.4147	69.4454
1230	69.4147	69.4197
1231	69.4147	69.4147
1232	69.4147	69.4147
1233	69.4147	69.5198
1234	69.4147	69.4712
1235	69.4147	69.451
1236	69.4147	69.5105
1237	69.4147	69.4147
1238	69.4147	69.4254
1239	69.4147	69.6166
1240	69.4147	69.4584
1241	69.4147	69.5186
1242	69.4147	69.5612
1243	69.4147	69.6708
1244	69.4147	69.6004
1245	69.4147	69.4546
1246	69.4147	69.5734
1247	69.4147	69.4425
1248	69.4147	69.4147
1249	69.4147	69.4401
1250	69.4147	69.4207
1251	69.4147	69.4147
1252	69.4147	69.4147
1253	69.4147	69.5073
1254	69.4147	69.4503
1255	69.4147	69.5247
1256	69.4147	69.4667
1257	69.4147	69.4634
1258	69.4147	69.4317
1259	69.4147	69.4243
1260	69.4147	69.4516
1261	69.4147	69.4488
1262	69.4147	69.4885
1263	69.4147	69.5726
1264	69.4147	69.5734
1265	69.4147	69.6098
1266	69.4147	69.4364
1267	69.4147	69.4203
1268	69.4147	69.4874
1269	69.4147	69.4389
1270	69.4147	69.4837
1271	69.4147	69.715
1272	69.4147	69.4809
1273	69.4147	69.4601
1274	69.4147	69.649
1275	69.4147	69.6233
1276	69.4147	69.4147
1277	69.4147	69.4168
1278	69.4147	69.4151
1279	69.4147	69.4147
1280	69.4147	69.4147
1281	69.4147	69.4158
1282	69.4147	69.4147
1283	69.4147	69.4147
1284	69.4147	69.4147
1285	69.4147	69.4147
1286	69.4147	69.4505
1287	69.4147	69.4582
1288	69.4147	69.4195
1289	69.4147	69.4147
1290	69.4147	69.4147
1291	69.4147	69.4187
1292	69.4147	69.4147
1293	69.4147	69.4147
1294	69.4147	69.4605
1295	69.4147	69.4229
1296	69.4147	69.5606
1297	69.4147	69.4147
1298	69.4147	69.6977
1299	69.4147	71.926
1300	69.4147	72.7471
1301	69.4147	71.979
1302	69.4147	70.3824
1303	69.4147	70.0573
1304	69.4147	69.7652
1305	69.4147	69.6941
1306	69.4147	69.4288
1307	69.4147	69.4223
1308	69.4147	69.4163
1309	69.4147	69.4147
1310	69.4147	69.4394
1311	69.4147	69.4516
1312	69.4147	69.4236
1313	69.4147	69.466
1314	69.4147	69.4301
1315	69.4147	69.4169
1316	69.4147	69.4792
1317	69.4147	69.5514
1318	69.4147	69.5176
1319	69.4147	69.5395
1320	69.4147	69.5376
1321	69.4147	69.4459
1322	69.4147	69.4147
1323	69.4147	69.4154
1324	69.4147	69.4147
1325	69.4147	69.4147
1326	69.4147	69.4147
1327	69.4147	69.4881
1328	69.4147	69.4964
1329	69.4147	69.5114
1330	69.4147	69.4605
1331	69.4147	69.4894
1332	69.4147	69.5001
1333	69.4147	69.4633
1334	69.4147	69.451
1335	69.4147	69.4147
1336	69.4147	69.4269
1337	69.4147	69.4147
1338	69.4147	69.4164
1339	69.4147	69.555
1340	69.4147	69.4433
1341	69.4147	69.4147
1342	69.4147	69.4147
1343	69.4147	69.4147
1344	69.4147	69.4482
1345	69.4147	69.5797
1346	69.4147	69.5225
1347	69.4147	69.476
1348	69.4147	69.4613
1349	69.4147	69.6605
1350	69.4147	69.4572
1351	69.4147	69.4769
1352	69.4147	69.4489
1353	69.4147	69.4147
1354	69.4147	69.4147
1355	69.4147	69.4147
1356	69.4147	69.427
1357	69.4147	69.4806
1358	69.4147	69.5223
1359	69.4147	69.4147
1360	69.4147	69.434
1361	69.4147	69.4147
1362	69.4147	69.4147
1363	69.4147	69.4705
1364	69.4147	69.4222
1365	69.4147	69.4333
1366	69.4147	69.4219
1367	69.4147	69.4759
1368	69.4147	69.4653
1369	69.4147	69.4426
1370	69.4147	69.4147
1371	69.4147	69.4203
1372	69.4147	69.4147
1373	69.4147	69.4147
1374	69.4147	69.4622
1375	69.4147	69.4282
1376	69.4147	69.4165
1377	69.4147	69.4838
1378	69.4147	69.4147
1379	69.4147	69.5111
1380	69.4147	69.4837
1381	69.4147	69.4698
1382	69.4147	69.4174
1383	69.4147	69.6267
1384	69.4147	69.5997
1385	69.4147	69.6094
1386	69.4147	69.4253
1387	69.4147	69.4147
1388	69.4147	69.4448
1389	69.4147	69.4359
1390	69.4147	69.4356
1391	69.4147	69.4484
1392	69.4147	69.4801
1393	69.4147	69.4437
1394	69.4147	69.4361
1395	69.4147	69.4589
1396	69.4147	69.4174
1397	69.4147	69.4147
1398	69.4147	69.4739
1399	69.4147	69.5462
1400	69.4147	69.4952
1401	69.4147	69.4147
1402	69.4147	69.4723
1403	69.4147	69.4332
1404	69.4147	69.4321
1405	69.4147	69.6076
1406	69.4147	69.9089
1407	69.4147	69.5599
1408	69.4147	69.4147
1409	69.4147	69.4147
1410	69.4147	69.4147
1411	69.4147	69.4324
1412	69.4147	69.6601
1413	69.4147	69.6245
1414	69.4147	69.4206
1415	69.4147	69.4719
1416	69.4147	69.4147
1417	69.4147	69.4277
1418	69.4147	69.4638
1419	69.4147	69.8386
1420	69.4147	69.4528
1421	69.4147	69.4717
1422	69.4147	69.4395
1423	69.4147	69.4451
1424	69.4147	69.5043
1425	69.4147	69.4757
1426	69.4147	69.4745
1427	69.4147	69.6647
1428	69.4147	69.4498
1429	69.4147	69.4157
1430	69.4147	69.4942
1431	69.4147	69.495
1432	69.4147	69.4303
1433	69.4147	69.4421
1434	69.4147	69.435
1435	69.4147	69.4147
1436	69.4147	69.4147
1437	69.4147	69.4147
1438	69.4147	69.4227
1439	69.4147	69.4213
1440	69.4147	69.6416
1441	69.4147	69.6108
1442	69.4147	69.6358
1443	69.4147	69.5431
1444	69.4147	69.4147
1445	69.4147	69.4147
1446	69.4147	69.4147
1447	69.4147	69.49
1448	69.4147	69.4147
1449	69.4147	69.4343
1450	69.4147	69.4397
1451	69.4147	69.5105
1452	69.4147	69.4147
1453	69.4147	69.4702
1454	69.4147	69.5762
1455	69.4147	69.4555
1456	69.4147	69.5407
1457	69.4147	69.5655
1458	69.4147	69.4409
1459	69.4147	69.4463
1460	69.4147	69.4147
1461	69.4147	69.447
1462	69.4147	69.5692
1463	69.4147	69.709
1464	69.4147	69.5565
1465	69.4147	69.5122
1466	69.4147	69.4193
1467	69.4147	69.4249
1468	69.4147	69.4147
1469	69.4147	69.4147
1470	69.4147	69.4147
1471	69.4147	69.4375
1472	69.4147	69.4413
1473	69.4147	69.4838
1474	69.4147	69.4147
1475	69.4147	69.4147
1476	69.4147	69.4147
1477	69.4147	69.5039
1478	69.4147	69.4743
1479	69.4147	69.4147
1480	69.4147	69.4444
1481	69.4147	69.4147
1482	69.4147	69.4147
1483	69.4147	69.4147
1484	69.4147	69.4282
1485	69.4147	69.4214
1486	69.4147	69.4147
1487	69.4147	69.4153
1488	69.4147	69.4389
1489	69.4147	69.437
1490	69.4147	69.4445
1491	69.4147	69.4172
1492	69.4147	69.4236
1493	69.4147	69.506
1494	69.4147	69.4151
1495	69.4147	69.4147
1496	69.4147	69.4231
1497	69.4147	69.4147
1498	69.4147	69.4709
1499	69.4147	69.4147
1500	69.4147	69.4147
1501	69.4147	69.4457
1502	69.4147	69.4641
1503	69.4147	69.4941
1504	69.4147	69.4147
1505	69.4147	69.4147
1506	69.4147	69.454
1507	69.4147	69.5059
1508	69.4147	69.4528
1509	69.4147	69.4995
1510	69.4147	69.4897
1511	69.4147	69.4283
1512	69.4147	69.4457
1513	69.4147	69.4946
1514	69.4147	69.5899
1515	69.4147	69.4201
1516	69.4147	69.4472
1517	69.4147	69.4147
1518	69.4147	69.4147
1519	69.4147	69.4206
1520	69.4147	69.4913
1521	69.4147	69.434
1522	69.4147	69.4148
1523	69.4147	69.4147
1524	69.4147	69.4307
1525	69.4147	69.4147
1526	69.4147	69.4147
1527	69.4147	69.451
1528	69.4147	69.4147
1529	69.4147	69.4274
1530	69.4147	69.4479
1531	69.4147	69.4154
1532	69.4147	69.4821
1533	69.4147	69.4193
1534	69.4147	69.4147
1535	69.4147	69.4218
1536	69.4147	69.4147
1537	69.4147	69.4147
1538	69.4147	69.4147
1539	69.4147	69.4147
1540	69.4147	69.4147
1541	69.4147	69.4553
1542	69.4147	69.4308
1543	69.4147	69.4172
1544	69.4147	69.4407
1545	69.4147	69.4198
1546	69.4147	69.4277
1547	69.4147	69.4147
1548	69.4147	69.4147
1549	69.4147	69.4147
1550	69.4147	69.4295
1551	69.4147	69.4148
1552	69.4147	69.4147
1553	69.4147	69.4576
1554	69.4147	69.4672
1555	69.4147	69.5037
1556	69.4147	69.5454
1557	69.4147	69.52
1558	69.4147	69.4535
1559	69.4147	69.4971
1560	69.4147	69.4957
1561	69.4147	69.4147
1562	69.4147	69.4147
1563	69.4147	69.432
1564	69.4147	69.6392
1565	69.4147	69.7337
1566	69.4147	69.4247
1567	69.4147	69.4211
1568	69.4147	69.4147
1569	69.4147	69.4147
1570	69.4147	69.5383
1571	69.4147	69.5136
1572	69.4147	69.4886
1573	69.4147	69.4147
1574	69.4147	69.4147
1575	69.4147	69.4521
1576	69.4147	69.4151
1577	69.4147	69.4764
1578	69.4147	69.4147
1579	69.4147	69.4336
1580	69.4147	69.4159
1581	69.4147	69.4393
1582	69.4147	69.4227
1583	69.4147	69.4727
1584	69.4147	69.5697
1585	69.4147	69.4283
1586	69.4147	69.4775
1587	69.4147	69.4429
1588	69.4147	69.434
1589	69.4147	69.4472
1590	69.4147	69.422
1591	69.4147	69.4147
1592	69.4147	69.4403
1593	69.4147	69.4179
1594	69.4147	69.4147
1595	69.4147	69.4147
1596	69.4147	69.4147
1597	69.4147	69.4237
1598	69.4147	69.4164
1599	69.4147	69.4147
1600	69.4147	69.4425
1601	69.4147	69.4541
1602	69.4147	69.6343
1603	69.4147	69.5585
1604	69.4147	69.4684
1605	69.4147	69.4297
1606	69.4147	69.4147
1607	69.4147	69.4217
1608	69.4147	69.4147
1609	69.4147	69.4234
1610	69.4147	69.4147
1611	69.4147	69.4147
1612	69.4147	69.4207
1613	69.4147	69.432
1614	69.4147	69.428
1615	69.4147	69.4147
1616	69.4147	69.4152
1617	69.4147	69.4147
1618	69.4147	69.4743
1619	69.4147	69.5535
1620	69.4147	69.551
1621	69.4147	69.573
1622	69.4147	69.6849
1623	69.4147	69.5157
1624	69.4147	69.4159
1625	69.4147	69.4247
1626	69.4147	69.501
1627	69.4147	69.4147
1628	69.4147	69.4147
1629	69.4147	69.4147
1630	69.4147	69.5035
1631	69.4147	69.5644
1632	69.4147	69.6806
1633	69.4147	69.5206
1634	69.4147	69.5138
1635	69.4147	69.4221
1636	69.4147	69.5586
1637	69.4147	69.4147
1638	69.4147	69.6088
1639	69.4147	69.4147
1640	69.4147	69.4635
1641	69.4147	69.4414
1642	69.4147	69.595
1643	69.4147	69.4425
1644	69.4147	69.5549
1645	69.4147	69.4393
1646	69.4147	69.4147
1647	69.4147	69.475
1648	69.4147	69.5325
1649	69.4147	69.5432
1650	69.4147	69.429
1651	69.4147	69.597
1652	69.4147	69.4368
1653	69.4147	69.4837
1654	69.4147	69.6247
1655	69.4147	69.5749
1656	69.4147	69.4879
1657	69.4147	69.503
1658	69.4147	69.4147
1659	69.4147	69.427
1660	69.4147	69.4538
1661	69.4147	69.4394
1662	69.4147	69.5454
1663	69.4147	69.4456
1664	69.4147	69.4365
1665	69.4147	69.521
1666	69.4147	69.4147
1667	69.4147	69.4147
1668	69.4147	69.4147
1669	69.4147	69.4556
1670	69.4147	69.4147
1671	69.4147	69.4147
1672	69.4147	69.4147
1673	69.4147	69.4147
1674	69.4147	69.4147
1675	69.4147	69.4147
1676	69.4147	69.4214
1677	69.4147	69.4147
1678	69.4147	69.4147
1679	69.4147	69.4147
1680	69.4147	69.4147
1681	69.4147	69.4164
1682	69.4147	69.4714
1683	69.4147	69.4147
1684	69.4147	69.5385
1685	69.4147	69.5334
1686	69.4147	69.4651
1687	69.4147	69.6313
1688	69.4147	69.7204
1689	69.4147	69.5277
1690	69.4147	69.4562
1691	69.4147	69.5539
1692	69.4147	69.4397
1693	69.4147	69.461
1694	69.4147	69.6048
1695	69.4147	69.5937
1696	69.4147	69.4964
1697	69.4147	69.451
1698	69.4147	69.418
1699	69.4147	69.4147
1700	69.4147	69.4147
1701	69.4147	69.4147
1702	69.4147	69.4871
1703	69.4147	69.417
1704	69.4147	69.4214
1705	69.4147	69.4147
1706	69.4147	69.4395
1707	69.4147	69.5021
1708	69.4147	69.5281
1709	69.4147	69.4147
1710	69.4147	69.4147
1711	69.4147	69.4214
1712	69.4147	69.4184
1713	69.4147	69.468
1714	69.4147	69.4502
1715	69.4147	69.4303
1716	69.4147	69.4317
1717	69.4147	69.4468
1718	69.4147	69.4187
1719	69.4147	69.472
1720	69.4147	69.4492
1721	69.4147	69.4318
1722	69.4147	69.4167
1723	69.4147	69.4572
1724	69.4147	69.5318
1725	69.4147	69.4147
1726	69.4147	69.4365
1727	69.4147	69.4148
1728	69.4147	69.4147
1729	69.4147	69.4318
1730	69.4147	69.4147
1731	69.4147	69.5713
1732	69.4147	69.4147
1733	69.4147	69.5064
1734	69.4147	69.5026
1735	69.4147	69.4182
1736	69.4147	69.4147
1737	69.4147	69.4147
1738	69.4147	69.4147
1739	69.4147	69.4147
1740	69.4147	69.4344
1741	69.4147	69.5346
1742	69.4147	69.7823
1743	69.4147	69.5868
1744	69.4147	69.4676
1745	69.4147	69.4193
1746	69.4147	69.5045
1747	69.4147	69.5665
1748	69.4147	69.4147
1749	69.4147	69.4574
1750	69.4147	69.4198
1751	69.4147	69.4147
1752	69.4147	69.5067
1753	69.4147	69.4704
1754	69.4147	69.4147
1755	69.4147	69.4401
1756	69.4147	69.4147
1757	69.4147	69.4147
1758	69.4147	69.4762
1759	69.4147	69.4794
1760	69.4147	69.4714
1761	69.4147	69.5181
1762	69.4147	69.4731
1763	69.4147	69.4147
1764	69.4147	69.4147
1765	69.4147	69.4147
1766	69.4147	69.4147
1767	69.4147	69.4548
1768	69.4147	69.5835
1769	69.4147	69.4178
1770	69.4147	69.5166
1771	69.4147	69.4305
1772	69.4147	69.4147
1773	69.4147	69.4147
1774	69.4147	69.428
1775	69.4147	69.4189
1776	69.4147	69.5504
1777	69.4147	69.6145
1778	69.4147	69.5152
1779	69.4147	69.454
1780	69.4147	69.5636
1781	69.4147	69.4291
1782	69.4147	69.4154
1783	69.4147	69.5335
1784	69.4147	69.4549
1785	69.4147	69.5028
1786	69.4147	69.4977
1787	69.4147	69.5522
1788	69.4147	69.816
1789	69.4147	69.9284
1790	69.4147	69.4526
1791	69.4147	69.4147
1792	69.4147	69.4281
1793	69.4147	69.4808
1794	69.4147	69.4147
1795	69.4147	69.4147
1796	69.4147	69.4147
1797	69.4147	69.4147
1798	69.4147	69.4147
1799	69.4147	69.4147
1800	69.4147	69.429
1801	69.4147	69.4728
1802	69.4147	69.4268
1803	69.4147	69.4377
1804	69.4147	69.5443
1805	69.4147	69.6656
1806	69.4147	69.5492
1807	69.4147	69.4341
1808	69.4147	69.4147
1809	69.4147	69.4147
1810	69.4147	69.4147
1811	69.4147	69.4234
1812	69.4147	69.4238
1813	69.4147	69.514
1814	69.4147	69.4713
1815	69.4147	69.5133
1816	69.4147	69.4822
1817	69.4147	69.4607
1818	69.4147	69.6065
1819	69.4147	69.5522
1820	69.4147	69.5336
1821	69.4147	69.7506
1822	69.4147	69.4904
1823	69.4147	69.5669
1824	69.4147	69.4618
1825	69.4147	69.5064
1826	69.4147	69.4156
1827	69.4147	69.4602
1828	69.4147	69.4822
1829	69.4147	69.4234
1830	69.4147	69.498
1831	69.4147	69.4908
1832	69.4147	69.5618
1833	69.4147	69.4399
1834	69.4147	69.4337
1835	69.4147	69.5019
1836	69.4147	69.4348
1837	69.4147	69.4167
1838	69.4147	69.4581
1839	69.4147	69.4147
1840	69.4147	69.4147
1841	69.4147	69.4895
1842	69.4147	69.6077
1843	69.4147	69.472
1844	69.4147	69.4147
1845	69.4147	69.4147
1846	69.4147	69.4401
1847	69.4147	69.4746
1848	69.4147	69.4223
1849	69.4147	69.4168
1850	69.4147	69.4242
1851	69.4147	69.6065
1852	69.4147	69.7557
1853	69.4147	69.5105
1854	69.4147	69.5406
1855	69.4147	69.5888
1856	69.4147	69.5099
1857	69.4147	69.453
1858	69.4147	69.428
1859	69.4147	69.4147
1860	69.4147	69.518
1861	69.4147	69.6268
1862	69.4147	69.6051
1863	69.4147	69.555
1864	69.4147	69.4253
1865	69.4147	69.4197
1866	69.4147	69.4961
1867	69.4147	69.572
1868	69.4147	69.457
1869	69.4147	69.4147
1870	69.4147	69.4147
1871	69.4147	69.4319
1872	69.4147	69.4348
1873	69.4147	69.4147
1874	69.4147	69.4147
1875	69.4147	69.4226
1876	69.4147	69.4303
1877	69.4147	69.555
1878	69.4147	69.4639
1879	69.4147	69.4147
1880	69.4147	69.8498
1881	69.4147	69.4505
1882	69.4147	69.4147
1883	69.4147	69.4553
1884	69.4147	69.5731
1885	69.4147	69.4147
1886	69.4147	69.4853
1887	69.4147	69.5673
1888	69.4147	69.4212
1889	69.4147	69.4147
1890	69.4147	69.4147
1891	69.4147	69.456
1892	69.4147	69.4147
1893	69.4147	69.4471
1894	69.4147	69.4198
1895	69.4147	69.4237
1896	69.4147	69.471
1897	69.4147	69.4267
1898	69.4147	69.4147
1899	69.4147	69.4835
1900	69.4147	69.4147
1901	69.4147	69.4562
1902	69.4147	69.4945
1903	69.4147	69.4616
1904	69.4147	69.4364
1905	69.4147	69.5374
1906	69.4147	69.4446
1907	69.4147	69.4147
1908	69.4147	69.4644
1909	69.4147	69.6168
1910	69.4147	69.6511
1911	69.4147	69.5646
1912	69.4147	69.4147
1913	69.4147	69.4258
1914	69.4147	69.4209
1915	69.4147	69.4147
1916	69.4147	69.4147
1917	69.4147	69.4338
1918	69.4147	69.4486
1919	69.4147	69.4707
1920	69.4147	69.4491
1921	69.4147	69.5249
1922	69.4147	69.6136
1923	69.4147	69.452
1924	69.4147	69.4168
1925	69.4147	69.4848
1926	69.4147	69.641
1927	69.4147	69.4147
1928	69.4147	69.4592
1929	69.4147	69.4147
1930	69.4147	69.4561
1931	69.4147	69.4748
1932	69.4147	69.5173
1933	69.4147	69.5198
1934	69.4147	69.4147
1935	69.4147	69.416
1936	69.4147	69.4797
1937	69.4147	69.5867
1938	69.4147	69.4147
1939	69.4147	69.4149
1940	69.4147	69.4147
1941	69.4147	69.4147
1942	69.4147	69.446
1943	69.4147	69.4733
1944	69.4147	69.454
1945	69.4147	69.4426
1946	69.4147	69.4772
1947	69.4147	69.4147
1948	69.4147	69.4147
1949	69.4147	69.4349
1950	69.4147	69.455
1951	69.4147	69.4875
1952	69.4147	69.4226
1953	69.4147	69.4535
1954	69.4147	69.6431
1955	69.4147	69.7627
1956	69.4147	69.5655
1957	69.4147	69.4147
1958	69.4147	69.4176
1959	69.4147	69.4196
1960	69.4147	69.4147
1961	69.4147	69.447
1962	69.4147	69.6325
1963	69.4147	69.4591
1964	69.4147	69.5519
1965	69.4147	69.4772
1966	69.4147	69.4275
1967	69.4147	69.4444
1968	69.4147	69.6546
1969	69.4147	69.4494
1970	69.4147	69.4185
1971	69.4147	69.4394
1972	69.4147	69.4812
1973	69.4147	69.4147
1974	69.4147	69.4147
1975	69.4147	69.4147
1976	69.4147	69.4356
1977	69.4147	69.4472
1978	69.4147	69.4433
1979	69.4147	69.4147
1980	69.4147	69.4147
1981	69.4147	69.4409
1982	69.4147	69.4308
1983	69.4147	69.6149
1984	69.4147	69.734
1985	69.4147	69.4689
1986	69.4147	69.4932
1987	69.4147	69.5192
1988	69.4147	69.5301
1989	69.4147	69.62
1990	69.4147	69.4413
1991	69.4147	69.4147
1992	69.4147	69.4147
1993	69.4147	69.4147
1994	69.4147	69.4225
1995	69.4147	69.484
1996	69.4147	69.4322
1997	69.4147	69.4196
1998	69.4147	69.4147
1999	69.4147	69.4526
2000	69.4147	69.611
2001	69.4147	69.4442
2002	69.4147	69.5853
2003	69.4147	69.759
2004	69.4147	69.5137
2005	69.4147	69.4682
2006	69.4147	69.5361
2007	69.4147	69.7024
2008	69.4147	69.6358
2009	69.4147	69.4475
2010	69.4147	69.5006
2011	69.4147	69.5489
2012	69.4147	69.4632
2013	69.4147	69.4658
2014	69.4147	69.5221
2015	69.4147	69.49
2016	69.4147	69.439
2017	69.4147	69.5881
2018	69.4147	69.5236
2019	69.4147	69.4147
2020	69.4147	69.4147
2021	69.4147	69.4147
2022	69.4147	69.4336
2023	69.4147	69.4501
2024	69.4147	69.4437
2025	69.4147	69.5921
2026	69.4147	69.5469
2027	69.4147	69.6622
2028	69.4147	69.6063
2029	69.4147	69.4944
2030	69.4147	69.4605
2031	69.4147	69.5361
2032	69.4147	69.4798
2033	69.4147	69.4147
2034	69.4147	69.4458
2035	69.4147	69.4556
2036	69.4147	69.4355
2037	69.4147	69.4147
2038	69.4147	69.4147
2039	69.4147	69.4147
2040	69.4147	69.4564
2041	69.4147	69.4225
2042	69.4147	69.4147
2043	69.4147	69.4147
2044	69.4147	69.4223
2045	69.4147	69.4147
2046	69.4147	69.4147
2047	69.4147	69.4147
2048	69.4147	69.4147
2049	69.4147	69.5012
2050	69.4147	69.4219
2051	69.4147	69.4147
2052	69.4147	69.4229
2053	69.4147	69.4501
2054	69.4147	69.4147
2055	69.4147	69.4276
2056	69.4147	69.4601
2057	69.4147	69.4147
2058	69.4147	69.422
2059	69.4147	69.5466
2060	69.4147	69.5666
2061	69.4147	69.5769
2062	69.4147	69.5901
2063	69.4147	69.4895
2064	69.4147	69.4284
2065	69.4147	69.4292
2066	69.4147	69.494
2067	69.4147	69.4373
2068	69.4147	69.5248
2069	69.4147	69.6851
2070	69.4147	69.441
2071	69.4147	69.544
2072	69.4147	69.4468
2073	69.4147	69.4249
2074	69.4147	69.4147
2075	69.4147	69.4147
2076	69.4147	69.4201
2077	69.4147	69.4147
2078	69.4147	69.4147
2079	69.4147	69.4147
2080	69.4147	69.4147
2081	69.4147	69.4147
2082	69.4147	69.4358
2083	69.4147	69.4164
2084	69.4147	69.4147
2085	69.4147	69.4147
2086	69.4147	69.4147
2087	69.4147	69.4972
2088	69.4147	69.4558
2089	69.4147	69.4494
2090	69.4147	69.4499
2091	69.4147	69.4539
2092	69.4147	69.5343
2093	69.4147	69.5134
2094	69.4147	69.4358
2095	69.4147	69.5053
2096	69.4147	69.4147
2097	69.4147	69.4284
2098	69.4147	69.4147
2099	69.4147	69.4747
2100	69.4147	69.439
2101	69.4147	69.506
2102	69.4147	69.4214
2103	69.4147	69.4725
2104	69.4147	69.4268
2105	69.4147	69.4147
2106	69.4147	69.4147
2107	69.4147	69.4302
2108	69.4147	69.5137
2109	69.4147	69.4147
2110	69.4147	69.4147
2111	69.4147	69.4452
2112	69.4147	69.427
2113	69.4147	69.4207
2114	69.4147	69.4163
2115	69.4147	69.4147
2116	69.4147	69.4147
2117	69.4147	69.5783
2118	69.4147	69.429
2119	69.4147	69.5667
2120	69.4147	69.4662
2121	69.4147	69.5249
2122	69.4147	69.4171
2123	69.4147	69.4147
2124	69.4147	69.4839
2125	69.4147	69.4154
2126	69.4147	69.5363
2127	69.4147	69.606
2128	69.4147	69.7001
2129	69.4147	69.4402
2130	69.4147	69.4147
2131	69.4147	69.4147
2132	69.4147	69.4147
2133	69.4147	69.4147
2134	69.4147	69.5347
2135	69.4147	69.4528
2136	69.4147	69.4555
2137	69.4147	69.4147
2138	69.4147	69.4147
2139	69.4147	69.529
2140	69.4147	69.4257
2141	69.4147	69.4147
2142	69.4147	69.5429
2143	69.4147	69.4147
2144	69.4147	69.4147
2145	69.4147	69.4466
2146	69.4147	69.5481
2147	69.4147	69.4328
2148	69.4147	69.4447
2149	69.4147	69.4953
2150	69.4147	69.4711
2151	69.4147	69.4429
2152	69.4147	69.4284
2153	69.4147	69.4585
2154	69.4147	69.4705
2155	69.4147	69.4181
2156	69.4147	69.4147
2157	69.4147	69.4786
2158	69.4147	69.4547
2159	69.4147	69.4178
2160	69.4147	69.5149
2161	69.4147	69.5021
2162	69.4147	69.5082
2163	69.4147	69.4789
2164	69.4147	69.4278
2165	69.4147	69.4299
2166	69.4147	69.4265
2167	69.4147	69.4147
2168	69.4147	69.5057
2169	69.4147	69.4708
2170	69.4147	69.4147
2171	69.4147	69.4147
2172	69.4147	69.666
2173	69.4147	69.6883
2174	69.4147	69.5695
2175	69.4147	69.4431
2176	69.4147	69.4682
2177	69.4147	69.4147
2178	69.4147	69.5149
2179	69.4147	69.4467
2180	69.4147	69.4147
2181	69.4147	69.4384
2182	69.4147	69.4468
2183	69.4147	69.4147
2184	69.4147	69.4736
2185	69.4147	69.4147
2186	69.4147	69.4147
2187	69.4147	69.4147
2188	69.4147	69.417
2189	69.4147	69.459
2190	69.4147	69.4232
2191	69.4147	69.6436
2192	69.4147	69.4378
2193	69.4147	69.5853
2194	69.4147	69.6076
2195	69.4147	69.6701
2196	69.4147	69.59
2197	69.4147	69.7642
2198	69.4147	69.4356
2199	69.4147	69.4147
2200	69.4147	69.4147
2201	69.4147	69.4279
2202	69.4147	69.4686
2203	69.4147	69.4782
2204	69.4147	69.4147
2205	69.4147	69.4147
2206	69.4147	69.4974
2207	69.4147	69.5368
2208	69.4147	69.5276
2209	69.4147	69.5343
2210	69.4147	69.4903
2211	69.4147	69.4147
2212	69.4147	69.5398
2213	69.4147	69.432
2214	69.4147	69.4239
2215	69.4147	69.4227
2216	69.4147	69.6511
2217	69.4147	69.5407
2218	69.4147	69.4353
2219	69.4147	69.4492
2220	69.4147	69.4646
2221	69.4147	69.4386
2222	69.4147	69.4525
2223	69.4147	69.4761
2224	69.4147	69.4729
2225	69.4147	69.4264
2226	69.4147	69.4147
2227	69.4147	69.4149
2228	69.4147	69.5414
2229	69.4147	69.4841
2230	69.4147	69.4278
2231	69.4147	69.4576
2232	69.4147	69.4147
2233	69.4147	69.4147
2234	69.4147	69.4147
2235	69.4147	69.4418
2236	69.4147	69.4147
2237	69.4147	69.4765
2238	69.4147	69.4254
2239	69.4147	69.4147
2240	69.4147	69.4147
2241	69.4147	69.4147
2242	69.4147	69.5581
2243	69.4147	69.4449
2244	69.4147	69.4148
2245	69.4147	69.488
2246	69.4147	69.4147
2247	69.4147	69.4147
2248	69.4147	69.4545
2249	69.4147	69.4153
2250	69.4147	69.4243
2251	69.4147	69.4147
2252	69.4147	69.4147
2253	69.4147	69.4456
2254	69.4147	69.4147
2255	69.4147	69.417
2256	69.4147	69.424
2257	69.4147	69.4495
2258	69.4147	69.423
2259	69.4147	69.4147
2260	69.4147	69.444
2261	69.4147	69.4478
2262	69.4147	69.5703
2263	69.4147	69.43
2264	69.4147	69.4147
2265	69.4147	69.424
2266	69.4147	69.4147
2267	69.4147	69.4147
2268	69.4147	69.4147
2269	69.4147	69.4207
2270	69.4147	69.4491
2271	69.4147	69.5449
2272	69.4147	69.5324
2273	69.4147	69.4863
2274	69.4147	69.4147
2275	69.4147	69.4147
2276	69.4147	69.5216
2277	69.4147	69.4881
2278	69.4147	69.4154
2279	69.4147	69.4176
2280	69.4147	69.4597
2281	69.4147	69.423
2282	69.4147	69.4817
2283	69.4147	69.4592
2284	69.4147	69.4147
2285	69.4147	69.4234
2286	69.4147	69.42
2287	69.4147	69.4147
2288	69.4147	69.4436
2289	69.4147	69.4685
2290	69.4147	69.4147
2291	69.4147	69.4224
2292	69.4147	69.4147
2293	69.4147	69.4147
2294	69.4147	69.4967
2295	69.4147	69.4298
2296	69.4147	69.4957
2297	69.4147	69.4357
2298	69.4147	69.4394
2299	69.4147	69.464
2300	69.4147	69.4485
2301	69.4147	69.4386
2302	69.4147	69.4147
2303	69.4147	69.4147
2304	69.4147	69.4147
2305	69.4147	69.5023
2306	69.4147	69.5779
2307	69.4147	69.5418
2308	69.4147	69.5332
2309	69.4147	69.4147
2310	69.4147	69.4147
2311	69.4147	69.4185
2312	69.4147	69.4447
2313	69.4147	69.4147
2314	69.4147	69.4245
2315	69.4147	69.4341
2316	69.4147	69.4147
2317	69.4147	69.4192
2318	69.4147	69.4255
2319	69.4147	69.4147
2320	69.4147	69.5156
2321	69.4147	69.4953
2322	69.4147	69.4497
2323	69.4147	69.4429
2324	69.4147	69.4301
2325	69.4147	69.4683
2326	69.4147	69.4649
2327	69.4147	69.4418
2328	69.4147	69.424
2329	69.4147	69.5409
2330	69.4147	69.4979
2331	69.4147	69.4665
2332	69.4147	69.4654
2333	69.4147	69.4675
2334	69.4147	69.4149
2335	69.4147	69.4147
2336	69.4147	69.4147
2337	69.4147	69.4812
2338	69.4147	69.4147
2339	69.4147	69.4147
2340	69.4147	69.4189
2341	69.4147	69.4961
2342	69.4147	69.4765
2343	69.4147	69.4147
2344	69.4147	69.4195
2345	69.4147	69.4231
2346	69.4147	69.4355
2347	69.4147	69.4511
2348	69.4147	69.5916
2349	69.4147	69.6742
2350	69.4147	69.6074
2351	69.4147	69.4298
2352	69.4147	69.4165
2353	69.4147	69.4147
2354	69.4147	69.4766
2355	69.4147	69.5313
2356	69.4147	69.4573
2357	69.4147	69.4868
2358	69.4147	69.5144
2359	69.4147	69.4147
2360	69.4147	69.4377
2361	69.4147	69.4147
2362	69.4147	69.4147
2363	69.4147	69.4147
2364	69.4147	69.4256
2365	69.4147	69.4224
2366	69.4147	69.4147
2367	69.4147	69.4147
2368	69.4147	69.4401
2369	69.4147	69.4456
2370	69.4147	69.4916
2371	69.4147	69.4147
2372	69.4147	69.4182
2373	69.4147	69.4169
2374	69.4147	69.4455
2375	69.4147	69.4554
2376	69.4147	69.4516
2377	69.4147	69.4188
2378	69.4147	69.4147
2379	69.4147	69.4147
2380	69.4147	69.4158
2381	69.4147	69.4147
2382	69.4147	69.4147
2383	69.4147	69.4147
2384	69.4147	69.4148
2385	69.4147	69.4147
2386	69.4147	69.4208
2387	69.4147	69.5403
2388	69.4147	69.617
2389	69.4147	69.5186
2390	69.4147	69.4261
2391	69.4147	69.4147
2392	69.4147	69.4147
2393	69.4147	69.4793
2394	69.4147	69.4646
2395	69.4147	69.4186
2396	69.4147	69.4341
2397	69.4147	69.5103
2398	69.4147	69.5366
2399	69.4147	69.4881
2400	69.4147	69.4829
2401	69.4147	69.5438
2402	69.4147	69.5334
2403	69.4147	69.4801
2404	69.4147	69.5327
2405	69.4147	69.5535
2406	69.4147	69.6224
2407	69.4147	69.4972
2408	69.4147	69.4854
2409	69.4147	69.4487
2410	69.4147	69.5018
2411	69.4147	69.5403
2412	69.4147	69.5689
2413	69.4147	69.5588
2414	69.4147	69.5179
2415	69.4147	69.4224
2416	69.4147	69.4991
2417	69.4147	69.5122
2418	69.4147	69.6629
2419	69.4147	69.9219
2420	69.4147	69.4248
2421	69.4147	69.4825
2422	69.4147	69.4361
2423	69.4147	69.4147
2424	69.4147	69.4147
2425	69.4147	69.4147
2426	69.4147	69.4147
2427	69.4147	69.4147
2428	69.4147	69.4298
2429	69.4147	69.4147
2430	69.4147	69.4263
2431	69.4147	69.4899
2432	69.4147	69.5037
2433	69.4147	69.6241
2434	69.4147	69.4884
2435	69.4147	69.4247
2436	69.4147	69.4254
2437	69.4147	69.4574
2438	69.4147	69.4856
2439	69.4147	69.5568
2440	69.4147	69.4678
2441	69.4147	69.4357
2442	69.4147	69.4179
2443	69.4147	69.4147
2444	69.4147	69.4895
2445	69.4147	69.4199
2446	69.4147	69.4619
2447	69.4147	69.4934
2448	69.4147	69.4201
2449	69.4147	69.6368
2450	69.4147	69.4511
2451	69.4147	69.4147
2452	69.4147	69.42
2453	69.4147	69.4502
2454	69.4147	69.4909
2455	69.4147	69.5189
2456	69.4147	69.4482
2457	69.4147	69.5002
2458	69.4147	69.4147
2459	69.4147	69.4176
2460	69.4147	69.4294
2461	69.4147	69.4414
2462	69.4147	69.5189
2463	69.4147	69.629
2464	69.4147	69.6961
2465	69.4147	69.4312
2466	69.4147	69.4273
2467	69.4147	69.4157
2468	69.4147	69.4147
2469	69.4147	69.4379
2470	69.4147	69.4255
2471	69.4147	69.4223
2472	69.4147	69.4147
2473	69.4147	69.4147
2474	69.4147	69.4147
2475	69.4147	69.4185
2476	69.4147	69.4838
2477	69.4147	69.4188
2478	69.4147	69.4341
2479	69.4147	69.4327
2480	69.4147	69.4805
2481	69.4147	69.4357
2482	69.4147	69.4185
2483	69.4147	69.416
2484	69.4147	69.4147
2485	69.4147	69.4712
2486	69.4147	69.4561
2487	69.4147	69.507
2488	69.4147	69.4312
2489	69.4147	69.4382
2490	69.4147	69.4147
2491	69.4147	69.4147
2492	69.4147	69.4726
2493	69.4147	69.4797
2494	69.4147	69.4427
2495	69.4147	69.4156
2496	69.4147	69.5458
2497	69.4147	69.4267
2498	69.4147	69.4147
2499	69.4147	69.4593
2500	69.4147	69.4525
2501	69.4147	69.4147
2502	69.4147	69.4147
2503	69.4147	69.4147
2504	69.4147	69.4166
2505	69.4147	69.4546
2506	69.4147	69.4147
2507	69.4147	69.4147
2508	69.4147	69.4147
2509	69.4147	69.4147
2510	69.4147	69.5378
2511	69.4147	69.4217
2512	69.4147	69.4328
2513	69.4147	69.4507
2514	69.4147	69.525
2515	69.4147	69.5083
2516	69.4147	69.4396
2517	69.4147	69.6642
2518	69.4147	69.5058
2519	69.4147	69.451
2520	69.4147	69.4164
2521	69.4147	69.4147
2522	69.4147	69.4213
2523	69.4147	69.4147
2524	69.4147	69.4147
2525	69.4147	69.4604
2526	69.4147	69.6671
2527	69.4147	69.5027
2528	69.4147	69.566
2529	69.4147	69.5089
2530	69.4147	69.4812
2531	69.4147	69.5057
2532	69.4147	69.4285
2533	69.4147	69.4147
2534	69.4147	69.4358
2535	69.4147	69.561
2536	69.4147	69.5881
2537	69.4147	69.5693
2538	69.4147	69.4147
2539	69.4147	69.6093
2540	69.4147	69.5633
2541	69.4147	69.5064
2542	69.4147	69.492
2543	69.4147	69.4147
2544	69.4147	69.4147
2545	69.4147	69.4147
2546	69.4147	69.4147
2547	69.4147	69.4147
2548	69.4147	69.4147
2549	69.4147	69.4147
2550	69.4147	69.4184
2551	69.4147	69.4147
2552	69.4147	69.4155
2553	69.4147	69.4147
2554	69.4147	69.4147
2555	69.4147	69.4147
2556	69.4147	69.4147
2557	69.4147	69.4682
2558	69.4147	69.4933
2559	69.4147	69.4396
2560	69.4147	69.4416
2561	69.4147	69.4399
2562	69.4147	69.5756
2563	69.4147	69.5548
2564	69.4147	69.4209
2565	69.4147	69.4147
2566	69.4147	69.4147
2567	69.4147	69.4209
2568	69.4147	69.4357
2569	69.4147	69.4691
2570	69.4147	69.6865
2571	69.4147	69.7402
2572	69.4147	69.505
2573	69.4147	69.4183
2574	69.4147	69.4147
2575	69.4147	69.4654
2576	69.4147	69.4341
2577	69.4147	69.5399
2578	69.4147	69.4384
2579	69.4147	69.422
2580	69.4147	69.4445
2581	69.4147	69.5258
2582	69.4147	69.5205
2583	69.4147	69.4448
2584	69.4147	69.4612
2585	69.4072	69.4382
2586	69.4072	69.4559
2587	69.4072	69.4102
2588	69.4072	69.4085
2589	69.4072	69.458
2590	69.4072	69.5008
2591	69.4072	69.4081
2592	69.4072	69.4198
2593	69.4072	69.4878
2594	69.4072	69.4915
2595	69.4072	69.4247
2596	69.4072	69.4092
2597	69.4072	69.4072
2598	69.4072	69.4072
2599	69.4072	69.4072
2600	69.4072	69.4072
2601	69.4072	69.4449
2602	69.4072	69.5651
2603	69.4072	69.5026
2604	69.4072	69.5033
2605	69.4072	69.9037
2606	69.4072	69.6161
2607	69.4072	69.4072
2608	69.4072	69.4122
2609	69.4072	69.4072
2610	69.4072	69.4261
2611	69.4072	69.4337
2612	69.4072	69.4366
2613	69.4072	69.4072
2614	69.4072	69.416
2615	69.4072	69.4072
2616	69.3226	69.4135
2617	69.3226	69.3975
2618	69.3226	69.4263
2619	69.3226	69.3536
2620	69.3226	69.3349
2621	69.3226	69.3901
2622	69.3226	69.3352
2623	69.3226	69.3908
2624	69.3226	69.337
2625	69.3226	69.338
2626	69.3226	69.3592
2627	69.3226	69.3454
2628	69.3226	69.3226
2629	69.3226	69.3401
2630	69.3226	69.3241
2631	69.3226	69.3226
2632	69.3226	69.3388
2633	69.3226	69.3262
2634	69.3226	69.3353
2635	69.3226	69.3337
2636	69.3226	69.3697
2637	69.3226	69.4461
2638	69.3226	69.3291
2639	69.3226	69.3226
2640	69.3226	69.3226
2641	69.3226	69.3656
2642	69.3226	69.4041
2643	69.3226	69.3643
2644	69.3226	69.3946
2645	69.3226	69.4055
2646	69.3226	69.3226
2647	69.3226	69.3226
2648	69.3226	69.3226
2649	69.3226	69.37
2650	69.3226	69.4219
2651	69.3226	69.4547
2652	69.3226	69.5258
2653	69.3226	69.4263
2654	69.3226	69.4858
2655	69.3226	69.359
2656	69.3226	69.3477
2657	69.3226	69.3231
2658	69.3226	69.3226
2659	69.3226	69.3226
2660	69.3226	69.3886
2661	69.3226	69.4329
2662	69.3226	69.3547
2663	69.3226	69.3226
2664	69.3226	69.3341
2665	69.3226	69.4413
2666	69.3226	69.5662
2667	69.3226	69.3226
2668	69.3226	69.3226
2669	69.3226	69.4764
2670	69.3226	69.4586
2671	69.3226	69.3506
2672	69.3226	69.3226
2673	69.3226	69.5003
2674	69.3226	69.564
2675	69.3226	69.448
2676	69.3226	69.4085
2677	69.3226	69.3226
2678	69.3226	69.3226
2679	69.3226	69.3226
2680	69.3226	69.3226
2681	69.3226	69.355
2682	69.3226	69.3226
2683	69.3226	69.3226
2684	69.3226	69.4881
2685	69.3226	69.3373
2686	69.3226	69.3394
2687	69.3226	69.3738
2688	69.3226	69.3226
2689	69.3226	69.3226
2690	69.3226	69.3393
2691	69.3226	69.6353
2692	69.3226	69.4991
2693	69.3226	69.3937
2694	69.3226	69.3397
2695	69.3226	69.4611
2696	69.3226	69.3226
2697	69.3226	69.3226
2698	69.3226	69.3735
2699	69.3226	69.3457
2700	69.3226	69.3226
2701	69.3226	69.3226
2702	69.3226	69.3446
2703	69.3226	69.3226
2704	69.3226	69.3226
2705	69.3226	69.3287
2706	69.3226	69.3237
2707	69.3226	69.3259
2708	69.3226	69.3506
2709	69.3226	69.4053
2710	69.3226	69.341
2711	69.3226	69.455
2712	69.3226	69.3708
2713	69.3226	69.3941
2714	69.3226	69.3795
2715	69.3226	69.4831
2716	69.3226	69.3823
2717	69.3226	69.4202
2718	69.3226	69.3867
2719	69.3226	69.3512
2720	69.3226	69.3297
2721	69.3226	69.3365
2722	69.3226	69.3436
2723	69.3226	69.339
2724	69.3226	69.4419
2725	69.3226	69.3907
2726	69.3226	69.3617
2727	69.3226	69.3964
2728	69.3226	69.4645
2729	69.3226	69.3389
2730	69.3226	69.3378
2731	69.3226	69.3744
2732	69.3226	69.3708
2733	69.3226	69.4409
2734	69.3226	69.3952
2735	69.3226	69.4467
2736	69.3226	69.3329
2737	69.3226	69.3375
2738	69.3226	69.3292
2739	69.3226	69.4439
2740	69.3226	69.4174
2741	69.3226	69.562
2742	69.3226	69.4977
2743	69.3226	69.35
2744	69.3226	69.454
2745	69.3226	69.5159
2746	69.3226	69.3663
2747	69.3226	69.3838
2748	69.3226	69.3231
2749	69.3226	69.348
2750	69.3226	69.3679
2751	69.3226	69.3345
2752	69.3226	69.3654
2753	69.3226	69.3836
2754	69.3226	69.5093
2755	69.3226	69.3953
2756	69.3226	69.5411
2757	69.3226	69.3226
2758	69.3226	69.4215
2759	69.3226	69.4585
2760	69.3226	69.387
2761	69.3226	69.3819
2762	69.3226	69.3906
2763	69.3226	69.3813
2764	69.3226	69.3226
2765	69.3226	69.3226
2766	69.3226	69.3888
2767	69.3226	69.3956
2768	69.3226	69.3468
2769	69.3226	69.4096
2770	69.3226	69.4737
2771	69.3226	69.4085
2772	69.3226	69.4337
2773	69.3226	69.3806
2774	69.3226	69.521
2775	69.3226	69.3241
2776	69.3226	69.3226
2777	69.3226	69.3226
2778	69.3226	69.5432
2779	69.3226	69.4777
2780	69.3226	69.3795
2781	69.3226	69.3333
2782	69.3226	69.4751
2783	69.3226	69.3226
2784	69.3226	69.3268
2785	69.3226	69.3966
2786	69.3226	69.3656
2787	69.3226	69.3269
2788	69.3226	69.3325
2789	69.3226	69.3276
2790	69.3226	69.3391
2791	69.3226	69.324
2792	69.3226	69.4387
2793	69.3226	69.6361
2794	69.3226	69.5814
2795	69.3226	69.5391
2796	69.3226	69.3959
2797	69.3226	69.3429
2798	69.3226	69.3226
2799	69.3226	69.34
2800	69.3226	69.3286
2801	69.3226	69.4889
2802	69.3226	69.3875
2803	69.3226	69.3285
2804	69.3226	69.4479
2805	69.3226	69.3817
2806	69.3226	69.5285
2807	69.3226	69.5018
2808	69.3226	69.4235
2809	69.3226	69.5013
2810	69.3226	69.8434
2811	69.3226	69.6907
2812	69.3226	69.631
2813	69.3226	69.4725
2814	69.3226	69.4707
2815	69.3226	69.4801
2816	69.3226	69.3226
2817	69.3226	69.3226
2818	69.3226	69.3226
2819	69.3226	69.3293
2820	69.3226	69.3309
2821	69.3226	69.3226
2822	69.3226	69.3226
2823	69.3226	69.3226
2824	69.3226	69.3653
2825	69.3226	69.3226
2826	69.3226	69.3291
2827	69.3226	69.3804
2828	69.3226	69.3389
2829	69.3226	69.3477
2830	69.3226	69.3359
2831	69.3226	69.338
2832	69.3226	69.4294
2833	69.3226	69.3949
2834	69.3226	69.3441
2835	69.3226	69.4024
2836	69.3226	69.3743
2837	69.3226	69.3574
2838	69.3226	69.325
2839	69.3226	69.561
2840	69.3226	69.4179
2841	69.3226	69.3226
2842	69.3226	69.3334
2843	69.3226	69.4452
2844	69.3226	69.3478
2845	69.3226	69.3358
2846	69.3226	69.3226
2847	69.3226	69.3226
2848	69.3226	69.3734
2849	69.3226	69.3278
2850	69.3226	69.3789
2851	69.3226	69.3226
2852	69.3226	69.3318
2853	69.3226	69.3376
2854	69.3226	69.3771
2855	69.3226	69.3929
2856	69.3226	69.7161
2857	69.3226	69.4476
2858	69.3226	69.3784
2859	69.3226	69.3226
2860	69.3226	69.3226
2861	69.3226	69.3226
2862	69.3226	69.3911
2863	69.3226	69.356
2864	69.3226	69.4485
2865	69.3226	69.5853
2866	69.3226	69.373
2867	69.3226	69.3226
2868	69.3226	69.4178
2869	69.3226	69.3853
2870	69.3226	69.4793
2871	69.3226	69.3643
2872	69.3226	69.3673
2873	69.3226	69.6853
2874	69.3226	69.6863
2875	69.3226	69.4676
2876	69.3226	69.6152
2877	69.3226	69.4733
2878	69.3226	69.4417
2879	69.3226	69.665
2880	69.3226	69.4634
2881	69.3226	69.335
2882	69.3226	69.3226
2883	69.3226	69.4657
2884	69.3226	69.3697
2885	69.3226	69.3287
2886	69.3226	69.3226
2887	69.3226	69.3856
2888	69.3226	69.3995
2889	69.3226	69.3226
2890	69.3226	69.3304
2891	69.3226	69.3463
2892	69.3226	69.3402
2893	69.3226	69.4104
2894	69.3226	69.3537
2895	69.3226	69.3524
2896	69.3226	69.3413
2897	69.3226	69.3226
2898	69.3226	69.3639
2899	69.3226	69.3226
2900	69.3226	69.3226
2901	69.3226	69.3226
2902	69.3226	69.3418
2903	69.3226	69.4771
2904	69.3226	69.342
2905	69.3226	69.3236
2906	69.3226	69.3315
2907	69.3226	69.3391
2908	69.3226	69.4526
2909	69.3226	69.3831
2910	69.3226	69.5183
2911	69.3226	69.4041
2912	69.3226	69.3226
2913	69.3226	69.3226
2914	69.3226	69.438
2915	69.3226	69.3226
2916	69.3226	69.3507
2917	69.3226	69.3226
2918	69.3226	69.3226
2919	69.3226	69.388
2920	69.3226	69.3725
2921	69.3226	69.3226
2922	69.3226	69.3226
2923	69.3226	69.3536
2924	69.3226	69.3696
2925	69.3226	69.3267
2926	69.3226	69.3463
2927	69.3226	69.3226
2928	69.3226	69.3226
2929	69.3226	69.3226
2930	69.3226	69.3735
2931	69.3226	69.3797
2932	69.3226	69.3432
2933	69.3226	69.3965
2934	69.3226	69.5138
2935	69.3226	69.4451
2936	69.3226	69.33
2937	69.3226	69.3226
2938	69.3226	69.3226
2939	69.3226	69.3226
2940	69.3226	69.3226
2941	69.3226	69.3425
2942	69.3226	69.3226
2943	69.3226	69.4127
2944	69.3226	69.4099
2945	69.3226	69.3454
2946	69.3226	69.3556
2947	69.3226	69.3226
2948	69.3226	69.3226
2949	69.3226	69.3226
2950	69.3226	69.3351
2951	69.3226	69.4221
2952	69.3226	69.4002
2953	69.3226	69.3676
2954	69.3226	69.3741
2955	69.3226	69.3226
2956	69.3226	69.3226
2957	69.3226	69.3226
2958	69.3226	69.3269
2959	69.3226	69.4469
2960	69.3226	69.3894
2961	69.3226	69.4036
2962	69.3226	69.3226
2963	69.3226	69.3226
2964	69.3226	69.3592
2965	69.3226	69.3991
2966	69.3226	69.375
2967	69.3226	69.4003
2968	69.3226	69.3755
2969	69.3226	69.3948
2970	69.3226	69.3277
2971	69.3226	69.3578
2972	69.3226	69.3311
2973	69.3226	69.3226
2974	69.3226	69.3226
2975	69.3226	69.3397
2976	69.3226	69.424
2977	69.3226	69.3274
2978	69.3226	69.3226
2979	69.3226	69.3226
2980	69.3226	69.3722
2981	69.3226	69.3777
2982	69.3226	69.3475
2983	69.3226	69.3393
2984	69.3226	69.3226
2985	69.3226	69.3226
2986	69.3226	69.3226
2987	69.3226	69.3226
2988	69.3226	69.3226
2989	69.3226	69.3617
2990	69.3226	69.3226
2991	69.3226	69.3226
2992	69.3226	69.3347
2993	69.3226	69.3229
2994	69.3226	69.3226
2995	69.3226	69.3502
2996	69.3226	69.3283
2997	69.3226	69.3226
2998	69.3226	69.3525
2999	69.3226	69.3226
3000	69.3226	69.4323
3001	69.3226	69.3869
3002	69.3226	69.3974
3003	69.3226	69.3234
3004	69.3226	69.3629
3005	69.3226	69.4022
3006	69.3226	69.3226
3007	69.3226	69.3325
3008	69.3226	69.3312
3009	69.3226	69.3574
3010	69.3226	69.3661
3011	69.3226	69.3732
3012	69.3226	69.4651
3013	69.3226	69.3915
3014	69.3226	69.3251
3015	69.3226	69.5396
3016	69.3226	69.3226
3017	69.3226	69.3242
3018	69.3226	69.3257
3019	69.3226	69.3226
3020	69.3226	69.3246
3021	69.3226	69.4307
3022	69.3226	69.4792
3023	69.3226	69.3812
3024	69.3226	69.3403
3025	69.3226	69.3484
3026	69.3226	69.3947
3027	69.3226	69.3277
3028	69.3226	69.3226
3029	69.3226	69.3226
3030	69.3226	69.4851
3031	69.3226	69.37
3032	69.3226	69.3423
3033	69.3226	69.406
3034	69.3226	69.4021
3035	69.3226	69.5507
3036	69.3226	69.3226
3037	69.3226	69.3226
3038	69.3226	69.3436
3039	69.3226	69.3485
3040	69.3226	69.4583
3041	69.3226	69.3226
3042	69.3226	69.3457
3043	69.3226	69.3226
3044	69.3226	69.3825
3045	69.3226	69.3457
3046	69.3226	69.3226
3047	69.3226	69.3465
3048	69.3226	69.4229
3049	69.3226	69.3299
3050	69.3226	69.3633
3051	69.3226	69.3226
3052	69.3226	69.3503
3053	69.3226	69.3739
3054	69.3226	69.3915
3055	69.3226	69.3411
3056	69.3226	69.3226
3057	69.3226	69.3676
3058	69.3226	69.4194
3059	69.3226	69.442
3060	69.3226	69.4692
3061	69.3226	69.3353
3062	69.3226	69.3346
3063	69.3226	69.3701
3064	69.3226	69.3226
3065	69.3226	69.3245
3066	69.3226	69.3899
3067	69.3226	69.4159
3068	69.3226	69.3781
3069	69.3226	69.4155
3070	69.3226	69.6799
3071	69.3226	69.382
3072	69.3226	69.3477
3073	69.3226	69.3327
3074	69.3226	69.3421
3075	69.3226	69.3226
3076	69.3226	69.3226
3077	69.3226	69.3226
3078	69.3226	69.3405
3079	69.3226	69.34
3080	69.3226	69.4882
3081	69.3226	69.4117
3082	69.3226	69.3376
3083	69.3226	69.3226
3084	69.3226	69.3226
3085	69.3226	69.3226
3086	69.3226	69.3378
3087	69.3226	69.3248
3088	69.3226	69.3226
3089	69.3226	69.35
3090	69.3226	69.3613
3091	69.3226	69.3232
3092	69.3226	69.3226
3093	69.3226	69.3226
3094	69.3226	69.3649
3095	69.3226	69.3339
3096	69.3226	69.326
3097	69.3226	69.5498
3098	69.3226	69.3443
3099	69.3226	69.3593
3100	69.3226	69.3888
3101	69.3226	69.3268
3102	69.3226	69.4417
3103	69.3226	69.422
3104	69.3226	69.4475
3105	69.3226	69.4134
3106	69.3226	69.4075
3107	69.3226	69.3535
3108	69.3226	69.3611
3109	69.3226	69.3248
3110	69.3226	69.469
3111	69.3226	69.3701
3112	69.3226	69.3869
3113	69.3226	69.332
3114	69.3226	69.3451
3115	69.3226	69.3852
3116	69.3226	69.3335
3117	69.3226	69.3226
3118	69.3226	69.467
3119	69.3226	69.568
3120	69.3226	69.4617
3121	69.3226	69.4394
3122	69.3226	69.3607
3123	69.3226	69.3601
3124	69.3226	69.3397
3125	69.3226	69.3226
3126	69.3226	69.38
3127	69.3226	69.4313
3128	69.3226	69.4659
3129	69.3226	69.332
3130	69.3226	69.383
3131	69.3226	69.3432
3132	69.3226	69.3654
3133	69.3226	69.3335
3134	69.3226	69.3226
3135	69.3226	69.4078
3136	69.3226	69.3226
3137	69.3226	69.3244
3138	69.3226	69.3226
3139	69.3226	69.3529
3140	69.3226	69.4195
3141	69.3226	69.4337
3142	69.3226	69.3901
3143	69.3226	69.343
3144	69.3226	69.3226
3145	69.3226	69.3226
3146	69.3226	69.3226
3147	69.3226	69.3226
3148	69.3226	69.3421
3149	69.3226	69.346
3150	69.3226	69.3896
3151	69.3226	69.4219
3152	69.3226	69.355
3153	69.3226	69.3481
3154	69.3226	69.3226
3155	69.3226	69.3386
3156	69.3226	69.3961
3157	69.3226	69.5653
3158	69.3085	69.4073
3159	69.3085	69.424
3160	69.3085	69.3825
3161	69.3085	69.3146
3162	69.3085	69.3085
3163	69.3085	69.3085
3164	69.3085	69.3085
3165	69.3085	69.3137
3166	69.3085	69.3221
3167	69.3085	69.3548
3168	69.3085	69.3383
3169	69.3085	69.4998
3170	69.3085	69.501
3171	69.3085	69.324
3172	69.3085	69.3085
3173	69.3085	69.3085
3174	69.3085	69.3305
3175	69.3085	69.3085
3176	69.3085	69.3085
3177	69.3085	69.325
3178	69.3085	69.3345
3179	69.3085	69.3085
3180	69.3085	69.3085
3181	69.3085	69.3937
3182	69.3085	69.32
3183	69.3085	69.3247
3184	69.3085	69.3111
3185	69.3085	69.3784
3186	69.3085	69.3102
3187	69.3085	69.3085
3188	69.3085	69.3124
3189	69.3085	69.3698
3190	69.3085	69.3157
3191	69.3085	69.3085
3192	69.3085	69.3336
3193	69.3085	69.389
3194	69.3085	69.4156
3195	69.3085	69.3113
3196	69.3085	69.3085
3197	69.3085	69.3157
3198	69.3085	69.4585
3199	69.3085	69.3214
3200	69.3085	69.3986
3201	69.3085	69.3204
3202	69.3085	69.4656
3203	69.3085	69.4048
3204	69.3085	69.3085
3205	69.3085	69.3288
3206	69.3085	69.3085
3207	69.3085	69.3241
3208	69.3085	69.3654
3209	69.3085	69.3487
3210	69.3085	69.3692
3211	69.3085	69.6867
3212	69.3085	69.4923
3213	69.3085	69.484
3214	69.3085	69.3363
3215	69.3085	69.3906
3216	69.3085	69.4854
3217	69.3085	69.3171
3218	69.3085	69.3085
3219	69.3085	69.3278
3220	69.3085	69.3184
3221	69.3085	69.3085
3222	69.3085	69.3204
3223	69.3085	69.3512
3224	69.3085	69.3085
3225	69.3085	69.3085
3226	69.3085	69.5426
3227	69.3085	69.3485
3228	69.3085	69.3085
3229	69.3085	69.3106
3230	69.3085	69.3128
3231	69.3085	69.3085
3232	69.3085	69.3417
3233	69.3085	69.3085
3234	69.3085	69.3085
3235	69.3085	69.3092
3236	69.3085	69.3129
3237	69.3085	69.4969
3238	69.3085	69.3546
3239	69.3085	69.3576
3240	69.3085	69.3314
3241	69.3085	69.4097
3242	69.3085	69.3085
3243	69.3085	69.3116
3244	69.3085	69.4324
3245	69.3085	69.3435
3246	69.3085	69.3242
3247	69.3085	69.3739
3248	69.3085	69.4217
3249	69.3085	69.3085
3250	69.3085	69.3085
3251	69.3085	69.386
3252	69.3085	69.3286
3253	69.3085	69.3206
3254	69.3085	69.3085
3255	69.3085	69.3085
3256	69.3085	69.3525
3257	69.3085	69.3455
3258	69.3085	69.3262
3259	69.3085	69.3231
3260	69.3085	69.3089
3261	69.3085	69.3631
3262	69.3085	69.3711
3263	69.3085	69.3085
3264	69.3085	69.3085
3265	69.3085	69.3085
3266	69.3085	69.3085
3267	69.3085	69.3111
3268	69.3085	69.3151
3269	69.3085	69.3085
3270	69.3085	69.3085
3271	69.3085	69.3085
3272	69.3085	69.3085
3273	69.3085	69.3085
3274	69.3085	69.3085
3275	69.3085	69.3097
3276	69.3085	69.3085
3277	69.3085	69.3085
3278	69.3085	69.3085
3279	69.3085	69.352
3280	69.3085	69.3085
3281	69.3085	69.3085
3282	69.3085	69.3085
3283	69.3085	69.3953
3284	69.3085	69.3449
3285	69.3085	69.3196
3286	69.3085	69.4162
3287	69.3085	69.4025
3288	69.3085	69.3679
3289	69.3085	69.4457
3290	69.3085	69.3085
3291	69.3085	69.3488
3292	69.3085	69.3085
3293	69.3085	69.3085
3294	69.3085	69.3692
3295	69.3085	69.3412
3296	69.3085	69.3784
3297	69.3085	69.3994
3298	69.3085	69.5085
3299	69.3085	69.4444
3300	69.3085	69.4438
3301	69.3085	69.3085
3302	69.3085	69.4269
3303	69.3085	69.3966
3304	69.3085	69.4038
3305	69.3085	69.3085
3306	69.3085	69.3354
3307	69.3085	69.3285
3308	69.3085	69.3234
3309	69.3085	69.329
3310	69.3085	69.3085
3311	69.3085	69.3085
3312	69.3085	69.3116
3313	69.3085	69.3092
3314	69.3085	69.3085
3315	69.3085	69.311
3316	69.3085	69.3085
3317	69.3085	69.3085
3318	69.3085	69.4339
3319	69.3085	69.3999
3320	69.3085	69.3164
3321	69.3085	69.3934
3322	69.3085	69.3085
3323	69.3085	69.3085
3324	69.3085	69.3085
3325	69.3085	69.4026
3326	69.3085	69.3109
3327	69.3085	69.3093
3328	69.3085	69.3879
3329	69.3085	69.3374
3330	69.3085	69.3192
3331	69.3085	69.3121
3332	69.3085	69.3085
3333	69.3085	69.3185
3334	69.3085	69.3285
3335	69.3085	69.3786
3336	69.3085	69.3889
3337	69.3085	69.3838
3338	69.3085	69.3085
3339	69.3085	69.3194
3340	69.3085	69.3802
3341	69.3085	69.401
3342	69.3085	69.3114
3343	69.3085	69.3615
3344	69.3085	69.3316
3345	69.3085	69.3367
3346	69.3085	69.3274
3347	69.3085	69.4247
3348	69.3085	69.3085
3349	69.3085	69.3085
3350	69.3085	69.3085
3351	69.3085	69.3085
3352	69.3085	69.3367
3353	69.3085	69.3085
3354	69.3085	69.3111
3355	69.3085	69.3106
3356	69.3085	69.3085
3357	69.3085	69.361
3358	69.3085	69.3645
3359	69.3085	69.3093
3360	69.3085	69.3226
3361	69.3085	69.3102
3362	69.3085	69.3085
3363	69.3085	69.3824
3364	69.3085	69.3151
3365	69.3085	69.4515
3366	69.3085	69.3129
3367	69.3085	69.3357
3368	69.3085	69.3455
3369	69.3085	69.394
3370	69.3085	69.3797
3371	69.3085	69.5423
3372	69.3085	69.5364
3373	69.3085	69.4458
3374	69.3085	69.3949
3375	69.3085	69.6424
3376	69.3085	69.449
3377	69.3085	69.4325
3378	69.3085	69.3487
3379	69.3085	69.3457
3380	69.3085	69.3085
3381	69.3085	69.3131
3382	69.3085	69.3196
3383	69.3085	69.4105
3384	69.3085	69.3585
3385	69.3085	69.3919
3386	69.3085	69.3817
3387	69.3085	69.3085
3388	69.3085	69.3601
3389	69.3085	69.3085
3390	69.3085	69.3085
3391	69.3085	69.3118
3392	69.3085	69.3373
3393	69.3085	69.3192
3394	69.3085	69.3495
3395	69.3085	69.3155
3396	69.3085	69.3583
3397	69.3085	69.4862
3398	69.3085	69.391
3399	69.3085	69.3501
3400	69.3085	69.4244
3401	69.3085	69.3379
3402	69.3085	69.3085
3403	69.3085	69.3085
3404	69.3085	69.3085
3405	69.3085	69.346
3406	69.3085	69.352
3407	69.3085	69.4029
3408	69.3085	69.3099
3409	69.3085	69.3649
3410	69.3085	69.3408
3411	69.3085	69.3356
3412	69.3085	69.3615
3413	69.3085	69.4906
3414	69.3085	69.3635
3415	69.3085	69.3344
3416	69.3085	69.3171
3417	69.3085	69.3085
3418	69.3085	69.361
3419	69.3085	69.3111
3420	69.3085	69.3435
3421	69.3085	69.5867
3422	69.3085	69.3571
3423	69.3085	69.3746
3424	69.3085	69.3085
3425	69.3085	69.3085
3426	69.3085	69.3125
3427	69.3085	69.3085
3428	69.3085	69.3159
3429	69.3085	69.4189
3430	69.3085	69.5522
3431	69.3085	69.5856
3432	69.3085	69.3171
3433	69.3085	69.3085
3434	69.3085	69.3085
3435	69.3085	69.3318
3436	69.3085	69.3481
3437	69.3085	69.4262
3438	69.3085	69.3144
3439	69.3085	69.3284
3440	69.3085	69.3698
3441	69.3085	69.3958
3442	69.3085	69.523
3443	69.3085	69.4258
3444	69.3085	69.384
3445	69.3085	69.3959
3446	69.3085	69.412
3447	69.3085	69.4072
3448	69.3085	69.3546
3449	69.3085	69.322
3450	69.3085	69.3085
3451	69.3085	69.4327
3452	69.3085	69.4794
3453	69.3085	69.3954
3454	69.3085	69.3119
3455	69.3085	69.3279
3456	69.3085	69.5431
3457	69.3085	69.5787
3458	69.3085	69.4369
3459	69.3085	69.459
3460	69.3085	69.5623
3461	69.3085	69.4477
3462	69.3085	69.4279
3463	69.3085	69.326
3464	69.3085	69.541
3465	69.3085	69.3943
3466	69.3085	69.4111
3467	69.3085	69.3827
3468	69.3085	69.3237
3469	69.3085	69.3566
3470	69.3085	69.3085
3471	69.3085	69.3668
3472	69.3085	69.5223
3473	69.3085	69.7167
3474	69.3085	69.6507
3475	69.3085	69.8145
3476	69.3085	69.3669
3477	69.3085	69.3914
3478	69.3085	69.3106
3479	69.3085	69.4314
3480	69.3085	69.3423
3481	69.3085	69.4164
3482	69.3085	69.5233
3483	69.3085	69.3104
3484	69.3085	69.3117
3485	69.3085	69.4052
3486	69.3085	69.3484
3487	69.3085	69.3332
3488	69.3085	69.3174
3489	69.3085	69.3216
3490	69.3085	69.3147
3491	69.3085	69.3166
3492	69.3085	69.3993
3493	69.3085	69.358
3494	69.3085	69.3699
3495	69.3085	69.3371
3496	69.3085	69.3085
3497	69.3085	69.3776
3498	69.3085	69.3522
3499	69.3085	69.331
3500	69.3085	69.3264
3501	69.3085	69.3085
3502	69.3085	69.3919
3503	69.3085	69.3677
3504	69.3085	69.3536
3505	69.3085	69.4563
3506	69.3085	69.4217
3507	69.3085	69.6525
3508	69.3085	69.4286
3509	69.3085	69.3306
3510	69.3085	69.4004
3511	69.3085	69.3103
3512	69.3085	69.3085
3513	69.3085	69.3894
3514	69.3085	69.438
3515	69.3085	69.3219
3516	69.3085	69.3187
3517	69.3085	69.3095
3518	69.3085	69.3085
3519	69.3085	69.3092
3520	69.3085	69.3571
3521	69.3085	69.3306
3522	69.3085	69.387
3523	69.3085	69.3103
3524	69.3085	69.3258
3525	69.3085	69.3543
3526	69.3085	69.3457
3527	69.3085	69.3085
3528	69.3085	69.3085
3529	69.3085	69.3086
3530	69.3085	69.3138
3531	69.3085	69.3085
3532	69.3085	69.3157
3533	69.3085	69.3228
3534	69.3085	69.371
3535	69.3085	69.4707
3536	69.3085	69.359
3537	69.3085	69.3915
3538	69.3085	69.4903
3539	69.3085	69.4053
3540	69.3085	69.3765
3541	69.3085	69.4196
3542	69.3085	69.3171
3543	69.3085	69.524
3544	69.3085	69.5225
3545	69.3085	69.4911
3546	69.3085	69.3085
3547	69.3085	69.3183
3548	69.3085	69.5673
3549	69.3085	69.4872
3550	69.3085	69.3381
3551	69.3085	69.335
3552	69.3085	69.3221
3553	69.3085	69.3085
3554	69.3085	69.418
3555	69.3085	69.4074
3556	69.3085	69.3378
3557	69.3085	69.3151
3558	69.3085	69.3085
3559	69.3085	69.3317
3560	69.3085	69.3283
3561	69.3085	69.3339
3562	69.3085	69.322
3563	69.3085	69.3325
3564	69.3085	69.3092
3565	69.3085	69.3878
3566	69.3085	69.3223
3567	69.3085	69.4187
3568	69.3085	69.3333
3569	69.3085	69.5034
3570	69.3085	69.3587
3571	69.3085	69.4445
3572	69.3085	69.5394
3573	69.3085	69.4846
3574	69.3085	69.3085
3575	69.3085	69.3085
3576	69.3085	69.3085
3577	69.3085	69.4095
3578	69.3085	69.543
3579	69.3085	69.3266
3580	69.3085	69.3085
3581	69.3085	69.3625
3582	69.3085	69.3637
3583	69.3085	69.3454
3584	69.3085	69.3207
3585	69.3085	69.4168
3586	69.3085	69.323
3587	69.3085	69.4083
3588	69.3085	69.3597
3589	69.3085	69.3223
3590	69.3085	69.3509
3591	69.3085	69.3714
3592	69.3085	69.318
3593	69.3085	69.3193
3594	69.3085	69.4804
3595	69.3085	69.3085
3596	69.3085	69.3085
3597	69.3085	69.3085
3598	69.3085	69.3451
3599	69.3085	69.3085
3600	69.3085	69.3226
3601	69.3085	69.316
3602	69.3085	69.4729
3603	69.3085	69.4354
3604	69.3085	69.3534
3605	69.3085	69.359
3606	69.3085	69.3098
3607	69.3085	69.3604
3608	69.3085	69.348
3609	69.3085	69.3607
3610	69.3085	69.327
3611	69.3085	69.3203
3612	69.3085	69.3224
3613	69.3085	69.3512
3614	69.3085	69.4566
3615	69.3085	69.4277
3616	69.3085	69.3532
3617	69.3085	69.4129
3618	69.3085	69.3102
3619	69.3085	69.3085
3620	69.3085	69.3085
3621	69.3085	69.3573
3622	69.3085	69.3323
3623	69.3085	69.3085
3624	69.3085	69.3085
3625	69.3085	69.42
3626	69.3085	69.3839
3627	69.3085	69.4394
3628	69.3085	69.3893
3629	69.3085	69.3199
3630	69.3085	69.3139
3631	69.3085	69.3085
3632	69.3085	69.3295
3633	69.3085	69.3293
3634	69.3085	69.4026
3635	69.3085	69.4256
3636	69.3085	69.3912
3637	69.3085	69.4287
3638	69.3085	69.5534
3639	69.3085	69.3707
3640	69.3085	69.3085
3641	69.3085	69.3085
3642	69.3085	69.3228
3643	69.3085	69.3085
3644	69.3085	69.3085
3645	69.3085	69.3093
3646	69.3085	69.3555
3647	69.3085	69.3793
3648	69.3085	69.4503
3649	69.3085	69.4149
3650	69.3085	69.4874
3651	69.3085	69.3118
3652	69.3085	69.3293
3653	69.3085	69.4135
3654	69.3085	69.4937
3655	69.3085	69.3106
3656	69.3085	69.3085
3657	69.3085	69.3534
3658	69.3085	69.3085
3659	69.3085	69.3297
3660	69.3085	69.3085
3661	69.3085	69.3097
3662	69.3085	69.336
3663	69.3085	69.6208
3664	69.3085	69.4806
3665	69.3085	69.3172
3666	69.3085	69.3085
3667	69.3085	69.3959
3668	69.3085	69.3885
3669	69.3085	69.5003
3670	69.3085	69.4543
3671	69.3085	69.6089
3672	69.3085	69.3631
3673	69.3085	69.3336
3674	69.3085	69.3969
3675	69.3085	69.3436
3676	69.3085	69.3498
3677	69.3085	69.3278
3678	69.3085	69.3349
3679	69.3085	69.319
3680	69.3085	69.3085
3681	69.3085	69.3951
3682	69.3085	69.3166
3683	69.3085	69.3409
3684	69.3085	69.3085
3685	69.3085	69.3101
3686	69.3085	69.3644
3687	69.3085	69.311
3688	69.3085	69.3196
3689	69.3085	69.3157
3690	69.3085	69.3539
3691	69.3085	69.3085
3692	69.3085	69.3085
3693	69.3085	69.3085
3694	69.3085	69.3085
3695	69.3085	69.3085
3696	69.3085	69.3085
3697	69.3085	69.3085
3698	69.3085	69.3222
3699	69.3085	69.3085
3700	69.3085	69.422
3701	69.3085	69.5736
3702	69.3085	69.3151
3703	69.3085	69.3161
3704	69.3085	69.4501
3705	69.3085	69.4154
3706	69.3085	69.3085
3707	69.3085	69.3122
3708	69.3085	69.3178
3709	69.3085	69.4361
3710	69.3085	69.3871
3711	69.3085	69.3349
3712	69.3085	69.4216
3713	69.3085	69.3623
3714	69.3085	69.3096
3715	69.3085	69.3374
3716	69.3085	69.3574
3717	69.3085	69.3289
3718	69.3085	69.3626
3719	69.3085	69.3122
3720	69.3085	69.3085
3721	69.3085	69.3085
3722	69.3085	69.438
3723	69.3085	69.3695
3724	69.3085	69.3202
3725	69.3085	69.3085
3726	69.3085	69.3085
3727	69.3085	69.3209
3728	69.3085	69.4106
3729	69.3085	69.3967
3730	69.3085	69.326
3731	69.3085	69.3616
3732	69.3085	69.3493
3733	69.3085	69.576
3734	69.3085	69.324
3735	69.3085	69.3987
3736	69.3085	69.3383
3737	69.3085	69.4899
3738	69.3085	69.3451
3739	69.3085	69.5036
3740	69.3085	69.3224
3741	69.3085	69.425
3742	69.3085	69.3524
3743	69.3085	69.3214
3744	69.3085	69.3085
3745	69.3085	69.3085
3746	69.3085	69.4309
3747	69.3085	69.5017
3748	69.3085	69.3432
3749	69.3085	69.3488
3750	69.3085	69.3169
3751	69.3085	69.3085
3752	69.3085	69.3085
3753	69.3085	69.3193
3754	69.3085	69.3085
3755	69.3085	69.3085
3756	69.3085	69.3085
3757	69.3085	69.3163
3758	69.3085	69.3298
3759	69.3085	69.3263
3760	69.3085	69.3462
3761	69.3085	69.3085
3762	69.3085	69.3085
3763	69.3085	69.3221
3764	69.3085	69.3957
3765	69.3085	69.3752
3766	69.3085	69.3092
3767	69.3085	69.4172
3768	69.3085	69.4501
3769	69.3085	69.3139
3770	69.3085	69.4085
3771	69.3085	69.3339
3772	69.3085	69.3512
3773	69.3085	69.3852
3774	69.3085	69.3528
3775	69.3085	69.3663
3776	69.3085	69.4454
3777	69.3085	69.4604
3778	69.3085	69.3085
3779	69.3085	69.3085
3780	69.3085	69.3094
3781	69.3085	69.3577
3782	69.3085	69.3633
3783	69.3085	69.3881
3784	69.3085	69.3647
3785	69.3085	69.5608
3786	69.3085	69.5474
3787	69.3085	69.4001
3788	69.3085	69.3896
3789	69.3085	69.3686
3790	69.3085	69.3325
3791	69.3085	69.3961
3792	69.3085	69.5447
3793	69.3085	69.3852
3794	69.3085	69.335
3795	69.3085	69.323
3796	69.3085	69.5341
3797	69.3085	69.3085
3798	69.3085	69.3183
3799	69.3085	69.3959
3800	69.3085	69.3085
3801	69.3085	69.3428
3802	69.3085	69.3456
3803	69.3085	69.3085
3804	69.3085	69.5196
3805	69.3085	69.3456
3806	69.3085	69.3085
3807	69.3085	69.3085
3808	69.3085	69.3171
3809	69.3085	69.3191
3810	69.3085	69.3794
3811	69.3085	69.3204
3812	69.3085	69.3085
3813	69.3085	69.3805
3814	69.3085	69.3161
3815	69.3085	69.409
3816	69.3085	69.4055
3817	69.3085	69.3085
3818	69.3085	69.6514
3819	69.3085	69.4388
3820	69.3085	69.361
3821	69.3085	69.4696
3822	69.3085	69.4381
3823	69.3085	69.4543
3824	69.3085	69.4368
3825	69.3085	69.3634
3826	69.3085	69.4768
3827	69.3085	69.466
3828	69.3085	69.3342
3829	69.3085	69.5242
3830	69.3085	69.435
3831	69.3085	69.4119
3832	69.3085	69.4307
3833	69.3085	69.3714
3834	69.3085	69.3085
3835	69.3085	69.3271
3836	69.3085	69.3436
3837	69.3085	69.3145
3838	69.3085	69.3085
3839	69.3085	69.4314
3840	69.3085	69.3531
3841	69.3085	69.3405
3842	69.3085	69.3085
3843	69.3085	69.3085
3844	69.3085	69.3085
3845	69.3085	69.3085
3846	69.3085	69.3085
3847	69.3085	69.3085
3848	69.3085	69.309
3849	69.3085	69.3225
3850	69.3085	69.3803
3851	69.3085	69.3085
3852	69.3085	69.3164
3853	69.3085	69.3292
3854	69.3085	69.3163
3855	69.3085	69.3425
3856	69.3085	69.3265
3857	69.3085	69.4048
3858	69.3085	69.3157
3859	69.3085	69.3085
3860	69.3085	69.3181
3861	69.3085	69.3257
3862	69.3085	69.3437
3863	69.3085	69.3085
3864	69.3085	69.4141
3865	69.3085	69.483
3866	69.3085	69.3546
3867	69.3085	69.3085
3868	69.3085	69.3564
3869	69.3085	69.3131
3870	69.3085	69.4002
3871	69.3085	69.3657
3872	69.3085	69.3469
3873	69.3085	69.4327
3874	69.3085	69.4017
3875	69.3085	69.395
3876	69.3085	69.3531
3877	69.3085	69.3376
3878	69.3085	69.3714
3879	69.3085	69.4232
3880	69.3085	69.343
3881	69.3085	69.3526
3882	69.3085	69.3085
3883	69.3085	69.4082
3884	69.3085	69.5644
3885	69.3085	69.3756
3886	69.3085	69.3617
3887	69.3085	69.3307
3888	69.3085	69.312
3889	69.3085	69.4221
3890	69.3085	69.4159
3891	69.3085	69.4397
3892	69.3085	69.3712
3893	69.3085	69.365
3894	69.3085	69.4176
3895	69.3085	69.3529
3896	69.3085	69.3086
3897	69.3085	69.3917
3898	69.3085	69.3996
3899	69.3085	69.3458
3900	69.3085	69.4038
3901	69.3085	69.3337
3902	69.3085	69.3085
3903	69.3085	69.3093
3904	69.3085	69.3085
3905	69.3085	69.4001
3906	69.3085	69.3811
3907	69.3085	69.3337
3908	69.3085	69.3311
3909	69.3085	69.3394
3910	69.3085	69.3867
3911	69.3085	69.398
3912	69.3085	69.3976
3913	69.3085	69.31
3914	69.3085	69.4028
3915	69.3085	69.3878
3916	69.3085	69.3818
3917	69.3085	69.3811
3918	69.3085	69.3638
3919	69.3085	69.4364
3920	69.3085	69.3521
3921	69.3085	69.3085
3922	69.3085	69.3085
3923	69.3085	69.3085
3924	69.3085	69.3085
3925	69.3085	69.5123
3926	69.3085	69.332
3927	69.3085	69.3248
3928	69.3085	69.3528
3929	69.3085	69.3249
3930	69.3085	69.3767
3931	69.3085	69.4364
3932	69.3085	69.3902
3933	69.3085	69.3527
3934	69.3085	69.326
3935	69.3085	69.3085
3936	69.3085	69.405
3937	69.3085	69.3198
3938	69.3085	69.3582
3939	69.3085	69.3272
3940	69.3085	69.3085
3941	69.3085	69.3179
3942	69.3085	69.4067
3943	69.3085	69.316
3944	69.3085	69.4196
3945	69.3085	69.3085
3946	69.3085	69.3085
3947	69.3085	69.3306
3948	69.3085	69.3085
3949	69.3085	69.3172
3950	69.3085	69.3434
3951	69.3085	69.4553
3952	69.3085	69.5239
3953	69.3085	69.4544
3954	69.3085	69.5129
3955	69.3085	69.5468
3956	69.3085	69.5634
3957	69.3085	69.4768
3958	69.3085	69.393
3959	69.3085	69.3485
3960	69.3085	69.3837
3961	69.3085	69.3923
3962	69.3085	69.4204
3963	69.3085	69.3085
3964	69.3085	69.3488
3965	69.3085	69.3085
3966	69.3085	69.3085
3967	69.3085	69.3085
3968	69.3085	69.3085
3969	69.3085	69.3113
3970	69.3085	69.3234
3971	69.3085	69.3085
3972	69.3085	69.3624
3973	69.3085	69.3085
3974	69.3085	69.401
3975	69.3085	69.3575
3976	69.3085	69.402
3977	69.3085	69.4223
3978	69.3085	69.4642
3979	69.3085	69.3288
3980	69.3085	69.3226
3981	69.3085	69.3085
3982	69.3085	69.3143
3983	69.3085	69.3085
3984	69.3085	69.3096
3985	69.3085	69.3542
3986	69.3085	69.3212
3987	69.3085	69.3085
3988	69.3085	69.3429
3989	69.3085	69.4409
3990	69.3085	69.3648
3991	69.3085	69.4289
3992	69.3085	69.3793
3993	69.3085	69.3085
3994	69.3085	69.3863
3995	69.3085	69.3322
3996	69.3085	69.3209
3997	69.3085	69.3085
3998	69.3085	69.3452
3999	69.3085	69.3238
