0	424.848	465.047
1	416.465	444.849
2	396.854	429.774
3	384.407	412.954
4	364.742	397.519
5	350.556	382.538
6	343.331	368.011
7	340.77	354.204
8	330.38	345.955
9	320.904	339.081
10	313.276	330.87
11	307.898	323.688
12	297.591	315.342
13	291.715	306.481
14	288.946	298.679
15	284.912	294.658
16	282.424	290.784
17	275.723	286.403
18	270.547	282.453
19	267.397	277.776
20	256.334	271.986
21	252.527	266.984
22	248.938	261.36
23	243.45	254.837
24	238.428	249.891
25	227.835	244.499
26	225.677	237.749
27	221.571	231.797
28	220.295	226.78
29	215.832	224.155
30	215.832	221.998
31	213.825	219.09
32	210.718	216.735
33	207.713	214.824
34	202.672	211.565
35	201.939	207.999
36	199.859	204.446
37	197.488	202.529
38	191.208	200.551
39	190.129	198.082
40	187.105	194.373
41	184.678	190.856
42	184.06	188.642
43	181.03	186.739
44	177.324	184.506
45	176.409	182.177
46	174.325	179.314
47	171.89	177.479
48	171.096	175.826
49	169.566	173.756
50	167.605	171.87
51	163.139	170.07
52	163.139	168.738
53	163.016	167.625
54	161.989	166.007
55	161.387	164.345
56	160.36	162.979
57	160.295	162.03
58	159.059	161.329
59	158	160.437
60	157.555	159.728
61	154.161	158.868
62	153.915	157.579
63	151.553	155.759
64	151.542	154.87
65	150.078	153.435
66	148.837	151.954
67	146.978	150.974
68	145.395	149.871
69	145.207	147.903
70	143.821	146.71
71	142.417	145.525
72	141.597	144.297
73	141.012	143.511
74	140.835	143.302
75	140.835	143.048
76	140.779	142.695
77	140.112	142.429
78	138.008	142.324
79	137.341	141.858
80	135.438	140.529
81	135.438	139.342
82	133.316	137.672
83	133.316	136.319
84	132.826	134.558
85	132.69	133.697
86	131.514	133.29
87	131.024	133.012
88	130.613	132.206
89	130.123	131.52
90	129.024	131.184
91	128.535	130.544
92	128.325	129.54
93	127.94	128.857
94	127.73	128.754
95	127.397	128.147
96	124.795	127.792
97	123.188	126.959
98	122.109	125.498
99	120.595	124.04
100	120.004	122.786
101	118.49	121.648
102	118.49	120.984
103	118.49	120.098
104	118.49	119.444
105	117.937	118.929
106	117.937	118.627
107	117.076	118.646
108	116.957	118.06
109	116.779	117.592
110	116.293	117.233
111	115.996	117.024
112	115.585	116.561
113	115.104	116.236
114	115.104	116.012
115	114.688	115.67
116	114.688	115.197
117	113.453	114.952
118	113.453	114.809
119	113.174	114.309
120	112.892	113.774
121	112.708	113.454
122	112.406	113.177
123	111.586	113.006
124	111.284	112.837
125	111.103	112.489
126	111.103	112.04
127	110.801	112.107
128	110.158	111.673
129	110.122	110.883
130	109.372	110.553
131	109.372	110.191
132	109.372	109.99
133	108.521	109.817
134	108.521	109.853
135	108.117	110.73
136	107.668	110.115
137	107.502	109.833
138	107.132	108.434
139	106.614	107.938
140	105.509	107.991
141	104.048	107.893
142	103.467	106.768
143	103.467	105.943
144	103.429	104.529
145	102.569	103.949
146	102.496	103.423
147	101.849	103.084
148	101.81	102.617
149	99.8848	102.378
150	99.1641	101.866
151	99.0183	100.767
152	98.7385	99.8202
153	98.3215	99.5464
154	97.5222	99.1348
155	97.1052	98.4962
156	97.1052	98.104
157	97.1052	97.6089
158	97.1052	97.5642
159	96.7426	97.1919
160	96.7426	97.4838
161	96.7426	97.9806
162	96.5013	97.3662
163	96.5013	97.4049
164	95.9329	98.0127
165	95.9329	97.4402
166	95.8686	96.7412
167	95.2685	96.5898
168	94.6358	96.2241
169	94.6358	95.8487
170	94.6358	95.3701
171	94.6358	94.7134
172	93.6381	94.6327
173	90.2826	94.5821
174	90.2826	94.8687
175	90.2826	94.7177
176	90.1301	93.1087
177	89.8334	91.2187
178	89.6809	90.6252
179	89.6809	90.0566
180	89.4548	89.8355
181	89.1298	89.7166
182	88.9037	89.5728
183	88.8897	89.638
184	88.4396	89.2824
185	88.202	89.1995
186	87.4342	88.7852
187	86.9134	88.4771
188	85.7416	88.2659
189	85.7416	87.6249
190	85.617	86.7537
191	85.3665	86.1588
192	85.242	85.9195
193	85.1101	85.8112
194	84.8139	85.5643
195	84.6893	85.5847
196	84.1673	85.2766
197	84.1673	85.6359
198	84.1673	85.9444
199	83.8524	85.9684
200	83.8524	85.2124
201	83.3446	85.3692
202	83.3446	85.9136
203	83.0941	84.4284
204	82.9368	83.7828
205	82.4176	83.4164
206	82.2603	83.1086
207	82.2603	82.8028
208	82.2224	82.4283
209	81.8751	82.4351
210	81.5097	82.2331
211	81.0451	81.9526
212	80.6797	81.6689
213	80.6797	81.3428
214	80.6234	81.123
215	80.6234	80.833
216	80.6234	80.7775
217	80.6234	80.6395
218	80.6234	80.6286
219	80.6234	80.6234
220	80.28	80.686
221	80.1952	80.7146
222	79.898	80.5787
223	79.898	80.3304
224	79.898	80.0969
225	79.898	80.033
226	79.7144	79.9589
227	79.7144	79.8737
228	79.7144	79.8206
229	79.7144	79.8449
230	79.7144	79.7913
231	79.7144	79.8343
232	79.5995	79.8872
233	79.5995	79.7658
234	79.5995	79.8259
235	79.5995	79.8312
236	79.1201	79.906
237	79.1201	79.5119
238	79.1201	79.3133
239	79.1201	79.1959
240	79.1201	79.245
241	79.1201	79.1919
242	79.1201	79.157
243	79.1201	79.2451
244	79.1201	79.2424
245	79.1098	79.2886
246	79.1098	79.3079
247	78.948	79.2237
248	78.948	79.1517
249	78.948	79.1104
250	78.948	78.9852
251	78.948	78.9587
252	78.948	79.1499
253	78.7956	78.9886
254	78.7956	79.1454
255	78.7956	78.9781
256	78.3667	78.8252
257	77.3335	78.7466
258	77.3335	78.4593
259	76.9417	77.8472
260	76.9417	77.4817
261	76.9184	77.1811
262	76.9184	77.1581
263	76.9184	77.1273
264	76.917	77.089
265	76.917	77.169
266	76.6075	77.0126
267	76.6075	76.9423
268	76.6075	76.8786
269	76.6075	76.7261
270	76.6075	76.7298
271	76.6075	76.6549
272	76.6075	76.7379
273	76.6075	76.6075
274	76.6075	76.7235
275	75.7354	76.6664
276	75.7354	76.7377
277	75.7354	76.7294
278	75.7354	76.9221
279	75.7354	76.305
280	75.559	75.9103
281	75.1297	75.7535
282	75.1297	75.8412
283	75.1297	75.8394
284	75.1297	75.2878
285	75.1297	75.247
286	75.1297	75.2883
287	74.9443	75.4052
288	74.9443	75.5425
289	74.9443	76.2724
290	74.9443	75.5973
291	74.9443	75.3532
292	74.9443	75.2176
293	74.9443	75.2563
294	74.9443	75.05
295	74.9443	75.0259
296	74.9443	75.0061
297	74.9443	74.9443
298	74.462	74.9701
299	74.462	75.3346
300	74.462	75.5048
301	74.462	75.5487
302	74.462	74.8064
303	74.462	74.6508
304	74.462	74.4664
305	74.462	74.8197
306	73.9233	74.6861
307	73.9233	74.5088
308	73.9233	74.5625
309	73.9233	74.1029
310	73.9233	74.1901
311	73.9233	73.9233
312	73.9233	73.9233
313	73.9233	73.9233
314	73.7468	73.9478
315	73.7468	74.0183
316	73.7443	73.9975
317	73.7443	74.2545
318	73.6894	74.1457
319	73.6894	74.2049
320	73.6894	74.1201
321	73.6894	73.9763
322	73.6894	73.8693
323	73.6894	73.7968
324	73.6894	73.8145
325	73.6894	73.6894
326	73.6894	73.8596
327	73.6894	73.815
328	73.6894	73.8138
329	73.6894	73.6894
330	73.6894	73.693
331	72.4242	73.7175
332	72.4242	73.5408
333	72.4242	73.1135
334	72.4242	72.9432
335	72.4242	72.5735
336	72.4242	72.6577
337	72.4242	72.7178
338	72.4242	72.5284
339	72.4242	72.4963
340	72.4242	72.509
341	72.4242	72.4639
342	72.4242	72.4302
343	72.4242	72.4242
344	71.8957	72.4227
345	71.8957	72.3547
346	71.8957	72.1663
347	71.8957	72.0592
348	71.8957	71.9178
349	71.8957	71.9323
350	71.5384	71.9672
351	71.5384	71.8399
352	71.5384	71.6996
353	71.5176	71.609
354	71.29	71.5767
355	71.2691	71.5108
356	71.2691	71.431
357	71.2691	71.3554
358	71.2691	71.3843
359	71.2691	71.2806
360	71.2691	71.2895
361	71.2691	71.3171
362	71.2691	71.4161
363	71.2691	71.3979
364	71.2691	71.3876
365	71.2691	71.3045
366	71.2691	71.4149
367	71.2691	71.3603
368	71.2691	71.2956
369	71.2691	71.3428
370	71.2691	71.2723
371	71.2691	71.2691
372	71.2691	71.2691
373	71.2691	71.2691
374	71.2691	71.2691
375	71.2691	71.2738
376	71.2691	71.3371
377	71.2691	71.2772
378	71.2691	71.3686
379	71.2691	71.5279
380	71.2691	71.5128
381	71.2691	71.3839
382	71.2691	71.305
383	71.2691	71.3217
384	71.2691	71.2691
385	71.2691	71.2691
386	71.2691	71.2705
387	71.2691	71.3754
388	71.2691	71.3005
389	71.2691	71.2865
390	71.2691	71.343
391	71.2691	71.2764
392	71.1355	71.3072
393	71.1048	71.2486
394	70.6978	71.3376
395	70.6978	71.2399
396	70.6737	71.1496
397	70.5795	71.0837
398	70.5795	70.7974
399	70.5795	70.6897
400	70.5795	70.6776
401	70.5795	70.7733
402	70.5795	70.6331
403	70.5795	70.5795
404	70.5795	70.6382
405	70.5795	70.5894
406	70.5795	70.5795
407	70.4625	70.5791
408	70.4625	70.5611
409	70.4625	70.5163
410	70.4625	70.5263
411	70.4625	70.4661
412	70.4625	70.5973
413	70.4625	70.5009
414	70.4625	70.7439
415	70.4625	70.4625
416	70.4625	70.4688
417	70.4625	70.5257
418	70.4625	70.9987
419	70.4625	70.8209
420	70.4625	70.6971
421	70.4625	70.5879
422	70.4625	70.7829
423	70.4625	70.6304
424	70.4625	70.4682
425	70.4625	70.4842
426	70.4625	70.4625
427	70.4113	70.4934
428	70.4113	70.7093
429	70.4113	70.6729
430	70.4113	70.639
431	70.4113	70.5653
432	70.4113	70.5353
433	70.4113	70.4165
434	70.4113	70.4342
435	70.4113	70.4197
436	70.4113	70.4146
437	70.4113	70.4113
438	70.4113	70.4504
439	70.4113	70.6819
440	70.4113	70.5853
441	70.4113	70.5567
442	70.4113	70.5232
443	70.4113	70.5279
444	70.4113	70.4699
445	70.4113	70.428
446	70.4113	70.45
447	70.4113	70.4682
448	70.4113	70.497
449	70.4113	70.7316
450	70.4113	70.432
451	70.4113	70.4113
452	70.4113	70.4905
453	70.4113	70.4281
454	70.4113	70.4139
455	70.4113	70.4113
456	70.4113	70.4445
457	70.4113	70.4157
458	70.4113	70.5631
459	70.4113	70.4857
460	70.4113	70.4841
461	70.4113	70.5477
462	70.4113	70.4644
463	70.4113	70.4188
464	70.4113	70.4949
465	70.4113	70.4244
466	70.4113	70.4113
467	70.4113	70.4113
468	70.4113	70.565
469	70.4113	70.4149
470	70.4113	70.4113
471	70.4113	70.459
472	70.4113	70.4113
473	70.4113	70.4682
474	70.4113	70.4513
475	70.4113	70.5236
476	70.4113	70.4113
477	70.4113	70.4113
478	70.4113	70.4113
479	70.4113	70.4462
480	70.1841	70.5508
481	70.1841	70.3756
482	70.1841	70.3867
483	70.1841	70.2974
484	70.1841	70.337
485	70.1841	70.2806
486	70.1841	70.2314
487	70.1841	70.2867
488	70.1841	70.1841
489	70.1841	70.1949
490	70.1841	70.2641
491	70.1841	70.3839
492	70.1841	70.3297
493	70.1841	70.2776
494	70.1841	70.1841
495	70.1841	70.1841
496	70.1841	70.3623
497	70.1841	70.4188
498	70.1841	70.2663
499	70.1841	70.1883
500	70.1841	70.1916
501	70.1841	70.1841
502	70.1841	70.1944
503	70.1841	70.1841
504	70.1841	70.1841
505	70.1841	70.1841
506	70.1841	70.2301
507	70.1841	70.1841
508	70.1841	70.2171
509	70.1841	70.326
510	70.1841	70.1844
511	70.1841	70.216
512	70.1841	70.301
513	70.1841	70.1942
514	70.1841	70.1885
515	70.1841	70.2549
516	70.1841	70.2143
517	70.1841	70.5138
518	70.1841	70.7033
519	70.1841	70.4369
520	70.1841	70.2173
521	70.1841	70.2284
522	70.1841	70.1913
523	70.1841	70.2437
524	70.1841	70.5857
525	70.1841	70.3452
526	70.1841	70.2616
527	70.1841	70.2018
528	70.1841	70.2165
529	70.1841	70.3832
530	70.1841	70.1864
531	70.1841	70.198
532	70.1841	70.1933
533	70.1841	70.5725
534	70.1841	70.217
535	70.1841	70.1851
536	70.1841	70.2593
537	70.1841	70.2409
538	70.1841	70.26
539	70.1841	70.5332
540	70.1841	70.305
541	70.1841	70.2293
542	70.1841	70.246
543	70.1841	70.2096
544	70.1841	70.1841
545	70.1841	70.2227
546	70.1841	70.219
547	70.1841	70.1841
548	70.1841	70.2308
549	70.1841	70.2631
550	70.1841	70.1973
551	70.1841	70.21
552	70.1841	70.1848
553	69.7582	70.2257
554	69.7582	70.2216
555	69.7582	69.9505
556	69.7582	69.8337
557	69.7578	69.7911
558	69.7578	69.7709
559	69.7578	69.7603
560	69.7578	69.7607
561	69.7578	69.7656
562	69.7578	69.7839
563	69.7578	70.0708
564	69.7578	69.9386
565	69.7578	69.758
566	69.7578	69.7594
567	69.7578	69.8594
568	69.7578	69.7756
569	69.7578	69.7578
570	69.7578	69.7851
571	69.7578	69.7578
572	69.7578	69.7578
573	69.7578	69.7678
574	69.7578	69.7578
575	69.7578	69.7578
576	69.7578	69.7578
577	69.7578	69.7578
578	69.7578	69.7805
579	69.7578	69.7578
580	69.7578	69.7578
581	69.7578	69.7762
582	69.7578	69.7781
583	69.7578	69.7821
584	69.7578	69.7744
585	69.7578	69.7578
586	69.7578	69.7578
587	69.7578	69.7947
588	69.7578	69.7583
589	69.7578	69.8106
590	69.7578	69.7578
591	69.7578	69.7928
592	69.7578	69.7578
593	69.7578	69.7578
594	69.7578	69.7578
595	69.7578	69.7686
596	69.7578	69.7578
597	69.7578	69.8168
598	69.7578	69.7632
599	69.7578	69.7578
600	69.7578	69.7651
601	69.7578	69.772
602	69.7578	69.7913
603	69.7578	69.8845
604	69.7578	70.0099
605	69.7578	70.1241
606	69.7578	70.1406
607	69.7578	69.7763
608	69.7578	69.7827
609	69.7578	69.7824
610	69.7578	69.7578
611	69.7578	69.7802
612	69.7578	69.8474
613	69.7578	69.8082
614	69.7578	69.8044
615	69.7578	69.9841
616	69.7578	69.8556
617	69.7578	69.8079
618	69.7578	69.8252
619	69.7578	69.9244
620	69.7578	69.9445
621	69.7578	70.0079
622	69.7578	69.9337
623	69.7578	69.8835
624	69.7578	69.8354
625	69.7578	69.8281
626	69.7578	69.9293
627	69.7578	69.7985
628	69.7578	69.8367
629	69.7578	69.7657
630	69.7578	69.7638
631	69.7578	69.8049
632	69.7578	69.7578
633	69.7578	69.7578
634	69.7578	69.7719
635	69.7578	69.7578
636	69.7578	69.7578
637	69.7578	69.8541
638	69.7578	69.7662
639	69.7578	69.8535
640	69.7578	69.8751
641	69.7578	70.0467
642	69.7578	70.0777
643	69.7578	69.9865
644	69.7578	69.8421
645	69.7578	69.8052
646	69.7578	69.7958
647	69.7578	69.776
648	69.7578	69.7578
649	69.7578	69.7594
650	69.7578	69.7578
651	69.7578	69.7578
652	69.7578	69.7755
653	69.7578	69.8429
654	69.7578	69.7709
655	69.7578	69.7595
656	69.7578	69.7588
657	69.7578	69.7769
658	69.7578	69.8129
659	69.7578	69.8863
660	69.7578	69.8905
661	69.7578	69.9238
662	69.7578	69.8868
663	69.7578	69.7578
664	69.7578	69.7578
665	69.7578	69.8761
666	69.7578	69.8852
667	69.7578	69.7909
668	69.7578	69.7897
669	69.7578	69.8213
670	69.7578	69.7753
671	69.7578	69.8044
672	69.7578	69.7578
673	69.7578	69.7789
674	69.7578	69.7989
675	69.7578	69.8576
676	69.7578	69.7578
677	69.7578	69.8238
678	69.7578	69.7578
679	69.7578	69.7655
680	69.7578	69.7578
681	69.7578	69.9123
682	69.7578	69.8828
683	69.7578	69.8212
684	69.7578	70.0616
685	69.7578	70.0915
686	69.7578	69.8697
687	69.7578	69.8476
688	69.7578	69.9749
689	69.7578	69.91
690	69.7578	69.7983
691	69.7578	69.8178
692	69.7578	69.7578
693	69.7578	69.7578
694	69.7578	69.8073
695	69.7578	69.7578
696	69.7578	69.7578
697	69.7578	69.7578
698	69.7578	69.7624
699	69.7578	69.8865
700	69.7578	69.7638
701	69.7578	69.7578
702	69.7578	69.8402
703	69.7578	69.8204
704	69.7578	70.0146
705	69.7578	69.7838
706	69.7578	69.7578
707	69.7578	69.7713
708	69.7578	69.8035
709	69.7578	69.8599
710	69.7578	69.7942
711	69.7578	69.7855
712	69.7578	69.7714
713	69.7578	69.7787
714	69.7578	69.8214
715	69.7578	69.831
716	69.7578	69.7578
717	69.7578	69.7598
718	69.7578	69.7578
719	69.7578	69.8125
720	69.7578	69.8079
721	69.7578	69.7642
722	69.7578	69.7794
723	69.7578	69.8059
724	69.7578	69.9608
725	69.7578	69.7625
726	69.7578	69.7835
727	69.7578	69.762
728	69.7578	69.771
729	69.7578	69.7823
730	69.7578	69.8628
731	69.7578	69.8403
732	69.7578	69.7932
733	69.7578	69.7578
734	69.7578	69.7844
735	69.7578	70.011
736	69.7578	69.9085
737	69.7578	69.9574
738	69.7578	69.8159
739	69.7578	69.924
740	69.7578	69.8004
741	69.7578	69.7956
742	69.7578	69.7675
743	69.7578	69.8182
744	69.7578	69.9226
745	69.7578	69.7578
746	69.7578	69.7578
747	69.7578	69.7578
748	69.7578	69.7709
749	69.7578	69.7953
750	69.7578	69.8002
751	69.7578	69.7578
752	69.7578	69.7621
753	69.7578	69.7578
754	69.7578	69.7972
755	69.7578	69.7604
756	69.7578	69.7578
757	69.7578	69.7578
758	69.7578	69.7578
759	69.7578	69.7578
760	69.7578	69.7893
761	69.7578	69.7806
762	69.7578	69.7578
763	69.7578	69.775
764	69.7578	69.8525
765	69.7578	69.8608
766	69.7578	69.8247
767	69.7578	70.0049
768	69.7578	69.8661
769	69.7578	69.8007
770	69.7578	69.7578
771	69.7578	69.7578
772	69.7578	69.7578
773	69.7578	69.8486
774	69.7578	69.7973
775	69.7578	69.877
776	69.7578	69.7884
777	69.7578	69.8676
778	69.7578	69.7779
779	69.7578	69.7578
780	69.7578	69.8703
781	69.7578	69.8665
782	69.7578	69.8745
783	69.7578	69.848
784	69.7578	69.7628
785	69.7578	69.8104
786	69.7578	69.7656
787	69.7578	69.7629
788	69.7578	69.7779
789	69.7578	69.7943
790	69.7578	69.9335
791	69.7578	69.7826
792	69.7578	69.8848
793	69.7578	69.8697
794	69.7578	69.8911
795	69.7578	69.7578
796	69.7578	69.7578
797	69.7578	69.8186
798	69.7578	69.9034
799	69.7578	69.7679
800	69.7578	69.8358
801	69.7578	70.0557
802	69.7578	69.8371
803	69.7578	69.7578
804	69.7578	69.7578
805	69.7578	69.7578
806	69.7578	69.7934
807	69.7578	69.9784
808	69.7578	69.7578
809	69.7578	69.7578
810	69.7578	69.7578
811	69.7578	69.7578
812	69.7578	69.7578
813	69.7578	69.7592
814	69.7578	69.8568
815	69.7578	69.7609
816	69.7578	69.8947
817	69.7578	69.9778
818	69.7578	69.9439
819	69.7578	69.7902
820	69.7578	69.7578
821	69.7578	69.7578
822	69.7578	69.7844
823	69.7578	69.7578
824	69.7578	69.7578
825	69.7578	69.7578
826	69.7578	69.7578
827	69.7578	69.7677
828	69.7578	69.9064
829	69.7578	70.082
830	69.7578	70.065
831	69.7578	69.819
832	69.7578	69.8756
833	69.7578	69.986
834	69.7578	69.7971
835	69.7578	69.8321
836	69.7578	69.7907
837	69.7578	69.7768
838	69.7578	69.7578
839	69.7578	69.7943
840	69.7578	69.8002
841	69.7578	69.8129
842	69.7578	69.7578
843	69.7578	69.7578
844	69.7578	69.7672
845	69.7578	69.7883
846	69.7578	69.8676
847	69.7578	69.784
848	69.7578	69.7578
849	69.7578	69.7865
850	69.7578	69.7786
851	69.7578	69.7683
852	69.7578	69.7904
853	69.7578	69.7776
854	69.7578	69.7778
855	69.7578	69.8145
856	69.7578	69.7651
857	69.7578	69.7722
858	69.7578	69.7578
859	69.7578	69.7982
860	69.7578	69.7578
861	69.7578	69.7761
862	69.7578	69.7617
863	69.7578	69.7882
864	69.7578	69.7706
865	69.7578	69.7746
866	69.7578	70.1264
867	69.7578	70.0228
868	69.7578	69.9087
869	69.7578	69.8513
870	69.7578	69.783
871	69.7578	69.7741
872	69.7578	69.7821
873	69.7578	69.8017
874	69.7578	69.7936
875	69.7578	69.8442
876	69.7578	69.8306
877	69.7578	69.7578
878	69.7578	69.7647
879	69.7578	69.7831
880	69.7578	69.7593
881	69.7578	69.8801
882	69.7578	69.8146
883	69.7578	69.7578
884	69.7578	69.8148
885	69.7578	69.9062
886	69.7578	69.8422
887	69.7578	69.7852
888	69.7578	70.0386
889	69.7578	69.7799
890	69.7578	69.8511
891	69.7578	69.8097
892	69.7578	69.9143
893	69.7578	69.8219
894	69.7578	69.7578
895	69.7578	69.7578
896	69.7578	69.7578
897	69.7578	69.7578
898	69.7578	69.7787
899	69.7578	69.8121
900	69.7578	69.8169
901	69.7578	69.7578
902	69.7578	69.7654
903	69.7578	69.7924
904	69.7578	69.793
905	69.7578	69.7809
906	69.7578	69.7704
907	69.7578	69.7588
908	69.7578	69.7648
909	69.7578	69.7578
910	69.7578	69.7578
911	69.7578	69.8657
912	69.7578	69.8724
913	69.7578	69.8175
914	69.7578	69.8368
915	69.7578	69.7707
916	69.7578	69.7578
917	69.7578	69.834
918	69.7578	69.8199
919	69.7578	69.7578
920	69.7578	69.7578
921	69.7578	69.7578
922	69.7578	69.893
923	69.7578	69.7766
924	69.7578	69.7743
925	69.7578	69.7894
926	69.7578	69.8497
927	69.7578	69.7587
928	69.7578	69.8385
929	69.7578	69.8294
930	69.7578	69.903
931	69.7578	69.8875
932	69.7578	69.7578
933	69.7578	69.7578
934	69.7578	69.7578
935	69.7578	69.7578
936	69.7578	69.959
937	69.7578	69.9852
938	69.7578	69.7715
939	69.7578	69.7581
940	69.7578	69.781
941	69.7578	69.7578
942	69.7578	69.7894
943	69.7578	69.7688
944	69.7578	70.0018
945	69.7578	70.1211
946	69.7578	69.8299
947	69.7578	69.7677
948	69.7578	69.7665
949	69.7578	69.7739
950	69.7578	69.7578
951	69.7578	69.7578
952	69.7578	69.7709
953	69.7578	69.7681
954	69.7578	69.8016
955	69.7578	69.7689
956	69.7578	69.8027
957	69.7578	69.8152
958	69.7578	69.8087
959	69.7578	69.8788
960	69.7578	69.9096
961	69.7578	69.9242
962	69.7578	69.862
963	69.7578	69.7696
964	69.7578	69.7856
965	69.7578	69.7578
966	69.7578	69.7578
967	69.7578	69.791
968	69.7578	69.7578
969	69.7578	69.7995
970	69.7578	69.9935
971	69.7578	69.8345
972	69.7578	69.8655
973	69.7578	69.7732
974	69.7578	69.7939
975	69.7578	69.7817
976	69.7578	69.7578
977	69.7578	69.7578
978	69.7578	69.7578
979	69.7578	69.8022
980	69.7578	69.8302
981	69.7578	69.8322
982	69.7578	69.823
983	69.7578	69.8381
984	69.7578	69.766
985	69.7578	69.7813
986	69.7578	69.7727
987	69.7578	69.8088
988	69.7578	69.7578
989	69.7578	69.7578
990	69.7578	69.765
991	69.7578	69.7588
992	69.7578	69.7718
993	69.7578	69.7624
994	69.7578	69.7619
995	69.7578	69.8121
996	69.7578	69.9175
997	69.7578	69.9808
998	69.7578	69.8154
999	69.7578	69.9042
1000	69.7578	69.7847
1001	69.7578	69.7816
1002	69.7578	69.7578
1003	69.7578	69.7578
1004	69.7578	69.7578
1005	69.7578	69.8339
1006	69.7578	69.7578
1007	69.7578	69.7996
1008	69.7578	69.7996
1009	69.7578	69.8418
1010	69.7578	69.8316
1011	69.7578	69.8654
1012	69.7578	69.7685
1013	69.7578	69.8498
1014	69.7578	69.7828
1015	69.7578	69.7658
1016	69.7578	69.9327
1017	69.7578	69.9029
1018	69.7578	69.8094
1019	69.7578	69.7636
1020	69.7578	69.7578
1021	69.7578	69.8081
1022	69.7578	69.896
1023	69.7578	69.7832
1024	69.7578	69.7636
1025	69.7578	69.7578
1026	69.7578	69.7578
1027	69.7578	69.8962
1028	69.7578	69.7578
1029	69.7578	69.8198
1030	69.7578	69.7735
1031	69.7578	69.7659
1032	69.7578	69.782
1033	69.7578	69.7654
1034	69.7578	69.788
1035	69.7578	69.7578
1036	69.7578	69.7695
1037	69.7578	69.8533
1038	69.7578	69.8205
1039	69.7578	69.7794
1040	69.7578	69.7578
1041	69.7578	69.7984
1042	69.7578	69.9064
1043	69.7578	69.7855
1044	69.7578	69.8705
1045	69.7578	69.7578
1046	69.7578	69.7578
1047	69.7578	69.8233
1048	69.7578	69.7935
1049	69.7578	69.817
1050	69.7578	69.7578
1051	69.7578	69.786
1052	69.7578	69.7636
1053	69.7578	69.7578
1054	69.7578	69.8503
1055	69.7578	69.7578
1056	69.7578	69.8094
1057	69.7578	69.7632
1058	69.7578	69.7578
1059	69.7578	69.8734
1060	69.7578	69.8771
1061	69.7578	69.8472
1062	69.7578	69.7701
1063	69.7578	69.8254
1064	69.7578	69.7738
1065	69.7578	69.7765
1066	69.7578	69.7748
1067	69.7578	69.7578
1068	69.7578	69.7606
1069	69.7578	69.7711
1070	69.7578	69.7578
1071	69.7578	69.8615
1072	69.7578	69.921
1073	69.7578	69.8016
1074	69.7578	69.7773
1075	69.7578	69.7882
1076	69.7578	69.8637
1077	69.7578	69.9726
1078	69.7578	69.7711
1079	69.7578	69.8215
1080	69.7578	69.7685
1081	69.7578	69.7578
1082	69.7578	69.831
1083	69.7578	69.7875
1084	69.7578	70.0594
1085	69.7578	69.762
1086	69.7578	69.7578
1087	69.7578	69.7804
1088	69.7578	69.7578
1089	69.7578	69.7722
1090	69.7578	69.8814
1091	69.7578	69.995
1092	69.7578	69.8937
1093	69.7578	69.7986
1094	69.7578	69.8306
1095	69.7578	69.8087
1096	69.7578	69.9459
1097	69.7578	69.8108
1098	69.7578	69.8317
1099	69.7578	69.7784
1100	69.7578	69.7829
1101	69.7578	69.8089
1102	69.7578	69.7954
1103	69.7578	69.7806
1104	69.7578	69.7578
1105	69.7578	69.7578
1106	69.7578	69.7578
1107	69.7578	69.771
1108	69.7578	69.7584
1109	69.7578	69.773
1110	69.7578	69.7744
1111	69.7578	69.7578
1112	69.7578	69.7578
1113	69.7578	69.7578
1114	69.7578	69.8196
1115	69.7578	69.7677
1116	69.7578	69.7578
1117	69.7578	69.7578
1118	69.7578	69.802
1119	69.7578	69.7578
1120	69.7578	69.8002
1121	69.7578	69.7578
1122	69.7578	69.7615
1123	69.7578	69.7802
1124	69.7578	69.7936
1125	69.7578	70.0281
1126	69.7578	69.8098
1127	69.7578	69.8578
1128	69.7578	69.9117
1129	69.7578	69.7755
1130	69.7578	69.7694
1131	69.7578	69.764
1132	69.7578	69.805
1133	69.7578	69.9212
1134	69.7578	69.8769
1135	69.7578	69.7613
1136	69.7578	69.7733
1137	69.7578	69.7578
1138	69.7578	69.7578
1139	69.7578	69.8703
1140	69.7578	69.8008
1141	69.7578	69.7578
1142	69.7578	69.8781
1143	69.7578	70.0166
1144	69.7578	69.8487
1145	69.7578	69.8514
1146	69.7578	69.8137
1147	69.7578	69.777
1148	69.7578	69.7578
1149	69.7578	69.8729
1150	69.7578	69.7666
1151	69.7578	69.9084
1152	69.7578	69.8512
1153	69.7578	69.8697
1154	69.7578	69.7578
1155	69.7578	69.7684
1156	69.7578	69.7688
1157	69.7578	69.7695
1158	69.7578	69.8473
1159	69.7578	69.7891
1160	69.7578	69.8011
1161	69.7578	69.7578
1162	69.7578	69.8061
1163	69.7578	69.7578
1164	69.7578	69.762
1165	69.7578	69.7578
1166	69.7578	69.7578
1167	69.7578	69.7814
1168	69.7578	70.0966
1169	69.7578	69.9547
1170	69.7578	69.8485
1171	69.7578	69.8294
1172	69.7578	69.9286
1173	69.7578	69.8055
1174	69.7578	69.7578
1175	69.7578	69.7578
1176	69.7578	69.7578
1177	69.7578	69.8215
1178	69.7578	69.8484
1179	69.7578	69.7931
1180	69.7578	69.8491
1181	69.7578	69.7578
1182	69.7578	69.7689
1183	69.7578	69.8259
1184	69.7578	69.8965
1185	69.7578	69.8305
1186	69.7578	69.7578
1187	69.7578	69.7578
1188	69.7578	69.8421
1189	69.7578	69.9099
1190	69.7578	69.8011
1191	69.7578	69.9162
1192	69.7578	69.8483
1193	69.7578	69.785
1194	69.7578	69.7639
1195	69.7578	69.7578
1196	69.7578	69.7922
1197	69.7578	69.9463
1198	69.7578	69.8264
1199	69.7578	69.7907
1200	69.7578	69.776
1201	69.7578	69.766
1202	69.7578	69.8277
1203	69.7578	69.9023
1204	69.7578	69.7915
1205	69.7578	69.7578
1206	69.7578	69.7578
1207	69.7578	69.8415
1208	69.7578	69.7578
1209	69.7578	69.8518
1210	69.7578	69.7947
1211	69.7578	69.7578
1212	69.7578	69.7578
1213	69.7578	69.7578
1214	69.7578	69.8292
1215	69.7578	69.8491
1216	69.7578	69.8789
1217	69.7578	69.7835
1218	69.7578	69.7578
1219	69.7578	69.7757
1220	69.7578	69.8557
1221	69.7578	69.7578
1222	69.7578	69.7655
1223	69.7578	69.8588
1224	69.7578	70.0853
1225	69.7578	69.8378
1226	69.7578	69.9607
1227	69.7578	69.7874
1228	69.7578	69.7901
1229	69.7578	69.7578
1230	69.7578	69.8124
1231	69.7578	69.7863
1232	69.7578	69.8058
1233	69.7578	69.7578
1234	69.7578	69.793
1235	69.7578	69.7994
1236	69.7578	69.7578
1237	69.7578	69.8324
1238	69.7578	69.8106
1239	69.7578	69.7578
1240	69.7578	69.7578
1241	69.7578	69.7578
1242	69.7578	69.7578
1243	69.7578	69.7652
1244	69.7578	69.7796
1245	69.7578	69.7578
1246	69.7578	69.7578
1247	69.7578	69.825
1248	69.7578	69.8515
1249	69.7578	69.7937
1250	69.7578	69.7698
1251	69.7578	69.7578
1252	69.7578	69.7578
1253	69.7578	69.7578
1254	69.7578	69.7578
1255	69.7578	69.7599
1256	69.7578	69.8078
1257	69.7578	69.8203
1258	69.7578	69.809
1259	69.7578	69.91
1260	69.7578	69.765
1261	69.7578	69.8269
1262	69.7578	69.8001
1263	69.7578	69.7578
1264	69.7578	69.7732
1265	69.7578	69.8391
1266	69.7578	69.7578
1267	69.7578	69.7648
1268	69.7578	69.8248
1269	69.7578	69.8509
1270	69.7578	69.7591
1271	69.7578	69.87
1272	69.7578	69.8511
1273	69.7578	69.7804
1274	69.7578	69.7584
1275	69.7578	69.8075
1276	69.7578	69.7975
1277	69.7578	69.9792
1278	69.7578	69.8283
1279	69.7578	69.7849
1280	69.7578	69.8738
1281	69.7578	69.7578
1282	69.7578	69.7816
1283	69.7578	69.8682
1284	69.7578	69.7887
1285	69.7578	69.7892
1286	69.7578	69.7578
1287	69.7578	69.803
1288	69.7578	69.7578
1289	69.7578	69.8885
1290	69.7578	69.8173
1291	69.7578	69.794
1292	69.7578	69.7797
1293	69.7578	69.7578
1294	69.7578	69.7737
1295	69.7578	69.8987
1296	69.7578	69.763
1297	69.7578	69.7578
1298	69.7578	69.7578
1299	69.7578	69.7578
1300	69.7578	69.7578
1301	69.7578	69.8003
1302	69.7578	69.7612
1303	69.7578	69.7578
1304	69.7578	69.761
1305	69.7578	69.7899
1306	69.7578	69.8383
1307	69.7578	69.9804
1308	69.7578	69.8737
1309	69.7578	69.7893
1310	69.7578	69.7725
1311	69.7578	69.779
1312	69.7578	70.122
1313	69.7578	69.8063
1314	69.7578	69.7578
1315	69.7578	69.7602
1316	69.7578	69.8462
1317	69.7578	69.9086
1318	69.7578	69.8463
1319	69.7578	69.9237
1320	69.7578	69.768
1321	69.7578	69.9085
1322	69.7578	69.7578
1323	69.7578	69.7578
1324	69.7578	69.7936
1325	69.7578	69.7578
1326	69.7578	69.7578
1327	69.7578	69.7578
1328	69.7578	69.7959
1329	69.7578	70.0504
1330	69.7578	69.9327
1331	69.7578	69.7927
1332	69.7578	69.7891
1333	69.7578	69.7578
1334	69.7578	69.7682
1335	69.7578	69.8825
1336	69.7578	69.8972
1337	69.7578	69.7934
1338	69.7578	69.7758
1339	69.7578	69.886
1340	69.7578	70.0333
1341	69.7578	69.8454
1342	69.7578	69.9662
1343	69.7578	69.8783
1344	69.7578	69.7971
1345	69.7578	69.7917
1346	69.7578	69.7793
1347	69.7578	69.7744
1348	69.7578	69.8716
1349	69.7578	69.808
1350	69.7578	69.8128
1351	69.7578	69.8525
1352	69.7578	69.9785
1353	69.7578	69.8754
1354	69.7578	69.8502
1355	69.7578	69.917
1356	69.7578	69.8443
1357	69.7578	69.7578
1358	69.7578	69.7578
1359	69.7578	69.7578
1360	69.7578	69.7578
1361	69.7578	69.7627
1362	69.7578	69.8427
1363	69.7578	70.0017
1364	69.7578	69.7676
1365	69.7578	69.8741
1366	69.7578	69.7972
1367	69.7578	69.7932
1368	69.7578	69.7578
1369	69.7578	69.783
1370	69.7578	69.9152
1371	69.7578	69.8155
1372	69.7578	69.7605
1373	69.7578	69.862
1374	69.7578	69.7684
1375	69.7578	69.8391
1376	69.7578	70.0165
1377	69.7578	69.8814
1378	69.7578	69.8049
1379	69.7578	69.7953
1380	69.7578	69.8147
1381	69.7578	69.8358
1382	69.7578	70.0225
1383	69.7578	70.0332
1384	69.7578	69.8353
1385	69.7578	69.7641
1386	69.7578	69.8564
1387	69.7578	69.8135
1388	69.7578	69.8048
1389	69.7578	69.8391
1390	69.7578	69.7835
1391	69.7578	69.842
1392	69.7578	69.7578
1393	69.7578	69.7578
1394	69.7578	69.7578
1395	69.7578	69.7604
1396	69.7578	69.7578
1397	69.7578	69.7715
1398	69.7578	69.7578
1399	69.7578	69.7578
1400	69.7578	69.7578
1401	69.7578	69.7578
1402	69.7578	69.7578
1403	69.7578	69.7578
1404	69.7578	69.7578
1405	69.7578	69.819
1406	69.7578	69.8667
1407	69.7578	69.7585
1408	69.7578	69.9202
1409	69.7578	69.9446
1410	69.7578	69.7578
1411	69.7578	69.7578
1412	69.7578	69.7638
1413	69.7578	69.7578
1414	69.7578	69.8532
1415	69.7578	69.7978
1416	69.7578	69.769
1417	69.7578	69.7578
1418	69.7578	69.7625
1419	69.7578	69.7646
1420	69.7578	69.7578
1421	69.7578	69.7874
1422	69.7578	69.907
1423	69.7578	69.7578
1424	69.7578	69.7755
1425	69.7578	69.7728
1426	69.7578	69.7823
1427	69.7578	69.9154
1428	69.7578	69.7578
1429	69.7578	69.7641
1430	69.7578	69.7751
1431	69.7578	69.7885
1432	69.7578	69.8419
1433	69.7578	69.7887
1434	69.7578	69.933
1435	69.7578	69.9498
1436	69.7578	69.8142
1437	69.7578	69.7578
1438	69.7578	69.7881
1439	69.7578	69.7578
1440	69.7578	69.7706
1441	69.7578	69.806
1442	69.7578	69.8369
1443	69.7578	69.7729
1444	69.7578	69.7578
1445	69.7578	69.7578
1446	69.7578	69.7578
1447	69.7578	69.7578
1448	69.7578	69.7655
1449	69.7578	69.7578
1450	69.7578	69.7578
1451	69.7578	69.7578
1452	69.7578	69.8535
1453	69.7578	69.9378
1454	69.7578	69.7578
1455	69.7578	69.7578
1456	69.7578	69.7653
1457	69.7578	69.7578
1458	69.7578	69.7709
1459	69.7578	69.7578
1460	69.7578	69.7578
1461	69.7578	69.7578
1462	69.7578	69.781
1463	69.7578	69.7578
1464	69.7578	69.8358
1465	69.7578	69.7578
1466	69.7578	69.7578
1467	69.7578	69.7578
1468	69.7578	69.8025
1469	69.7578	69.7791
1470	69.7578	69.8493
1471	69.7578	69.847
1472	69.7578	69.8179
1473	69.7578	70.1316
1474	69.7578	69.9225
1475	69.7578	69.9028
1476	69.7578	69.8667
1477	69.7578	69.9872
1478	69.7578	70.0203
1479	69.7578	69.9731
1480	69.7578	70.0234
1481	69.7578	69.7623
1482	69.7578	69.7908
1483	69.7578	69.8718
1484	69.7578	69.8792
1485	69.7578	69.7578
1486	69.7578	69.7578
1487	69.7578	69.7578
1488	69.7578	69.7578
1489	69.7578	69.7829
1490	69.7578	69.766
1491	69.7578	69.7747
1492	69.7578	69.828
1493	69.7578	69.8566
1494	69.7578	69.8382
1495	69.7578	69.8719
1496	69.7578	70.0178
1497	69.7578	69.804
1498	69.7578	69.8084
1499	69.7578	69.7621
1500	69.7578	69.7578
1501	69.7578	69.7613
1502	69.7578	69.8134
1503	69.7578	69.7578
1504	69.7578	69.7948
1505	69.7578	69.779
1506	69.7578	69.7578
1507	69.7578	69.766
1508	69.7578	69.8216
1509	69.7578	70.0142
1510	69.7578	69.7688
1511	69.7578	69.7578
1512	69.7578	69.7938
1513	69.7578	69.786
1514	69.7578	69.8155
1515	69.7578	69.8775
1516	69.7578	69.8665
1517	69.7578	69.8459
1518	69.7578	69.7679
1519	69.7578	69.8119
1520	69.7578	69.7578
1521	69.7578	69.7586
1522	69.7578	69.7578
1523	69.7578	69.7966
1524	69.7578	69.7578
1525	69.7578	69.8187
1526	69.7578	69.7834
1527	69.7578	69.7578
1528	69.7578	69.7742
1529	69.7578	69.8296
1530	69.7578	69.7998
1531	69.7578	69.7606
1532	69.7578	69.8534
1533	69.7578	69.767
1534	69.7578	69.9235
1535	69.7578	69.8549
1536	69.7578	69.7578
1537	69.7578	69.7578
1538	69.7578	69.8432
1539	69.7578	69.9963
1540	69.7578	69.971
1541	69.7578	69.8548
1542	69.7578	69.8294
1543	69.7578	69.8049
1544	69.7578	69.7578
1545	69.7578	69.8078
1546	69.7578	69.8227
1547	69.7578	69.7736
1548	69.7578	69.7578
1549	69.7578	69.7748
1550	69.7578	69.866
1551	69.7578	69.7704
1552	69.7578	69.7578
1553	69.7578	69.7578
1554	69.7578	69.7831
1555	69.7578	69.8446
1556	69.7578	69.8221
1557	69.7578	69.9805
1558	69.7578	69.9114
1559	69.7578	69.9965
1560	69.7578	70.2239
1561	69.7578	69.8639
1562	69.7578	69.8175
1563	69.7578	69.7837
1564	69.7578	69.8002
1565	69.7578	69.8449
1566	69.7578	69.9246
1567	69.7578	69.9263
1568	69.7578	69.7619
1569	69.7578	69.7678
1570	69.7578	69.9773
1571	69.7578	69.8037
1572	69.7578	69.7967
1573	69.7578	69.7578
1574	69.7578	69.8504
1575	69.7578	69.8654
1576	69.7578	70.0258
1577	69.7578	70.0071
1578	69.7578	69.9436
1579	69.7578	69.8136
1580	69.7578	69.915
1581	69.7578	69.9092
1582	69.7578	69.788
1583	69.7578	69.8487
1584	69.7578	69.8669
1585	69.7578	69.885
1586	69.7578	69.8979
1587	69.7578	69.8325
1588	69.7578	69.8313
1589	69.7578	69.7646
1590	69.7578	69.8713
1591	69.7578	69.837
1592	69.7578	69.8251
1593	69.7578	69.876
1594	69.7578	69.8279
1595	69.7578	69.7885
1596	69.7578	69.7708
1597	69.7578	69.7795
1598	69.7578	69.7876
1599	69.7578	69.8703
1600	69.7578	70.1524
1601	69.7578	69.96
1602	69.7578	70.0885
1603	69.7578	69.944
1604	69.7578	69.9857
1605	69.7578	69.839
1606	69.7578	69.7911
1607	69.7578	69.8527
1608	69.7578	69.8426
1609	69.7578	69.8123
1610	69.7578	69.7578
1611	69.7578	69.7761
1612	69.7578	69.9681
1613	69.7578	69.7934
1614	69.7578	69.7912
1615	69.7578	69.808
1616	69.7578	69.8449
1617	69.7578	69.7578
1618	69.7578	69.7578
1619	69.7578	69.7578
1620	69.7578	69.7578
1621	69.7578	69.768
1622	69.7578	69.7724
1623	69.7578	69.7578
1624	69.7578	69.8458
1625	69.7578	70.0027
1626	69.7578	69.7891
1627	69.7578	70.0888
1628	69.7578	69.8693
1629	69.7578	69.8033
1630	69.7578	69.76
1631	69.7578	70.0033
1632	69.7578	69.8404
1633	69.7578	69.7578
1634	69.7578	69.7921
1635	69.7578	69.7913
1636	69.7578	69.922
1637	69.7578	69.9133
1638	69.7578	69.7578
1639	69.7578	69.8102
1640	69.7578	69.8296
1641	69.7578	69.7765
1642	69.7578	69.7723
1643	69.7578	69.7688
1644	69.7578	69.773
1645	69.7578	69.7578
1646	69.7578	69.861
1647	69.7578	69.7578
1648	69.7578	69.7603
1649	69.7578	69.8176
1650	69.7578	69.9023
1651	69.7578	69.9246
1652	69.7578	69.7656
1653	69.7578	69.8875
1654	69.7578	69.77
1655	69.7578	69.7578
1656	69.7578	69.7578
1657	69.7578	69.8872
1658	69.7578	69.8236
1659	69.7578	69.8443
1660	69.7578	69.7837
1661	69.7578	69.7594
1662	69.7578	69.7578
1663	69.7578	69.7578
1664	69.7578	69.8684
1665	69.7578	69.7581
1666	69.7578	69.9712
1667	69.7578	69.7881
1668	69.7578	69.7982
1669	69.7578	69.7578
1670	69.7578	69.7679
1671	69.7578	69.7997
1672	69.7578	69.8146
1673	69.7578	69.8692
1674	69.7578	69.7647
1675	69.7578	69.9693
1676	69.7578	69.7984
1677	69.7578	69.8166
1678	69.7578	69.7578
1679	69.7578	69.7578
1680	69.7578	69.8385
1681	69.7578	69.7636
1682	69.7578	69.7585
1683	69.7578	69.8139
1684	69.7578	69.7798
1685	69.7578	69.7578
1686	69.7578	69.989
1687	69.7578	69.9317
1688	69.7578	69.8191
1689	69.7578	69.7606
1690	69.7578	69.902
1691	69.7578	69.7648
1692	69.7578	69.7578
1693	69.7578	69.7578
1694	69.7578	69.7578
1695	69.7578	69.7578
1696	69.7578	69.7578
1697	69.7578	69.7578
1698	69.7578	69.7578
1699	69.7578	69.7578
1700	69.7578	69.7578
1701	69.7578	69.8049
1702	69.7578	69.7595
1703	69.7578	69.9059
1704	69.7578	69.7972
1705	69.7578	69.7695
1706	69.7578	69.8264
1707	69.7578	69.7687
1708	69.7578	69.7578
1709	69.7578	69.7578
1710	69.7578	69.7578
1711	69.7578	69.7622
1712	69.7578	69.8229
1713	69.7578	69.8825
1714	69.7578	69.8793
1715	69.7578	69.8294
1716	69.7578	69.813
1717	69.7578	70.0234
1718	69.7578	69.7687
1719	69.7578	69.7893
1720	69.7578	69.8631
1721	69.7578	69.7578
1722	69.7578	69.7578
1723	69.7578	69.7578
1724	69.7578	69.8066
1725	69.7578	69.7612
1726	69.7578	69.7717
1727	69.7578	69.8164
1728	69.7578	69.7578
1729	69.7578	69.7578
1730	69.7578	69.7578
1731	69.7578	69.8062
1732	69.7578	69.9061
1733	69.7578	69.7679
1734	69.7578	69.7876
1735	69.7578	69.7578
1736	69.7578	69.7578
1737	69.7578	69.7703
1738	69.7578	69.8771
1739	69.7578	69.8623
1740	69.7578	69.7578
1741	69.7578	69.7838
1742	69.7578	69.7903
1743	69.7578	69.7578
1744	69.7578	69.7578
1745	69.7578	69.7604
1746	69.7578	69.7643
1747	69.7578	69.8842
1748	69.7578	69.8335
1749	69.7578	69.8418
1750	69.7578	69.7578
1751	69.7578	69.7889
1752	69.7578	69.9618
1753	69.7578	69.816
1754	69.7578	69.9732
1755	69.7578	69.7938
1756	69.7578	69.7654
1757	69.7578	69.7578
1758	69.7578	69.7578
1759	69.7578	69.787
1760	69.7578	69.897
1761	69.7578	69.7578
1762	69.7578	69.9197
1763	69.7578	69.7799
1764	69.7578	69.7589
1765	69.7578	69.7578
1766	69.7578	69.7753
1767	69.7578	69.7579
1768	69.7578	69.8272
1769	69.7578	69.8789
1770	69.7578	69.9094
1771	69.7578	69.9004
1772	69.7578	69.8063
1773	69.7578	69.7903
1774	69.7578	69.8732
1775	69.7578	69.9723
1776	69.7578	69.976
1777	69.7578	69.7883
1778	69.7578	69.7578
1779	69.7578	69.8622
1780	69.7578	69.8126
1781	69.7578	69.8179
1782	69.7578	69.7781
1783	69.7578	69.8763
1784	69.7578	69.8055
1785	69.7578	70.013
1786	69.7578	69.9791
1787	69.7578	70.0793
1788	69.7578	69.9593
1789	69.7578	69.9282
1790	69.7578	69.9009
1791	69.7578	69.9761
1792	69.7578	69.8733
1793	69.7578	69.796
1794	69.7578	69.7696
1795	69.7578	69.7579
1796	69.7578	69.8339
1797	69.7578	69.7578
1798	69.7578	69.7578
1799	69.7578	69.7997
1800	69.7578	69.7578
1801	69.7578	69.7882
1802	69.7578	69.9178
1803	69.7578	69.8032
1804	69.7578	69.7725
1805	69.7578	69.8048
1806	69.7578	69.8577
1807	69.7578	69.9879
1808	69.7578	69.7578
1809	69.7578	69.7663
1810	69.7578	69.7578
1811	69.7578	69.7578
1812	69.7578	69.8832
1813	69.7578	69.8918
1814	69.7578	69.8419
1815	69.7578	69.8748
1816	69.7578	69.7663
1817	69.7578	69.8043
1818	69.7578	69.7578
1819	69.7578	69.7578
1820	69.7578	69.7578
1821	69.7578	69.7578
1822	69.7578	69.7682
1823	69.7578	69.8818
1824	69.7578	69.9649
1825	69.7578	69.7813
1826	69.7578	69.7578
1827	69.7578	69.7931
1828	69.7578	69.8705
1829	69.7578	69.9301
1830	69.7578	69.787
1831	69.7578	69.7578
1832	69.7578	69.7613
1833	69.7578	69.7884
1834	69.7578	69.7578
1835	69.7578	69.7617
1836	69.7578	69.7578
1837	69.7578	69.7661
1838	69.7578	69.8673
1839	69.7578	69.8216
1840	69.7578	69.8528
1841	69.7578	69.8065
1842	69.7578	69.7968
1843	69.7578	69.9144
1844	69.7578	69.7702
1845	69.7578	69.8207
1846	69.7578	69.9278
1847	69.7578	69.9065
1848	69.7578	69.8045
1849	69.7578	69.7578
1850	69.7578	69.7578
1851	69.7578	69.8497
1852	69.7578	69.7753
1853	69.7578	69.7946
1854	69.7578	69.7578
1855	69.7578	69.7841
1856	69.7578	69.9005
1857	69.7578	69.7578
1858	69.7578	69.7629
1859	69.7578	69.7578
1860	69.7578	69.8523
1861	69.7578	69.8188
1862	69.7578	69.7929
1863	69.7578	69.8211
1864	69.7578	69.7864
1865	69.7578	69.7578
1866	69.7578	69.7578
1867	69.7578	69.8381
1868	69.7578	69.7578
1869	69.7578	69.8003
1870	69.7578	69.8459
1871	69.7578	69.7578
1872	69.7578	69.7578
1873	69.7578	69.8936
1874	69.7578	69.7788
1875	69.7578	69.7961
1876	69.7578	70.0827
1877	69.7578	69.862
1878	69.7578	69.8044
1879	69.7578	69.7578
1880	69.7578	69.7656
1881	69.7578	69.802
1882	69.7578	69.7779
1883	69.7578	69.7937
1884	69.7578	69.7578
1885	69.7578	69.7578
1886	69.7578	69.7578
1887	69.7578	69.7995
1888	69.7578	70.0129
1889	69.7578	69.8648
1890	69.7578	69.8924
1891	69.7578	69.9036
1892	69.7578	69.809
1893	69.7578	69.7991
1894	69.7578	69.8343
1895	69.7578	69.7578
1896	69.7578	69.7661
1897	69.7578	69.7578
1898	69.7578	69.7578
1899	69.7578	69.7578
1900	69.7578	69.7594
1901	69.7578	69.7578
1902	69.7578	69.7828
1903	69.7578	69.7582
1904	69.7578	69.7578
1905	69.7578	69.7578
1906	69.7578	69.7578
1907	69.7578	69.8169
1908	69.7578	69.7739
1909	69.7578	69.8662
1910	69.7578	69.9214
1911	69.7578	69.8784
1912	69.7578	69.7639
1913	69.7578	69.7578
1914	69.7578	69.7578
1915	69.7578	69.7578
1916	69.7578	69.7578
1917	69.7578	69.7578
1918	69.7578	69.7578
1919	69.7578	69.7926
1920	69.7578	69.7578
1921	69.7578	69.7878
1922	69.7578	69.7681
1923	69.7578	69.7578
1924	69.7578	69.7578
1925	69.7578	69.8296
1926	69.7578	69.7578
1927	69.7578	69.7578
1928	69.7578	69.7907
1929	69.7578	69.7773
1930	69.7578	69.7611
1931	69.7578	69.7578
1932	69.7578	69.7578
1933	69.7578	69.9016
1934	69.7578	69.7579
1935	69.7578	69.7593
1936	69.7578	69.8065
1937	69.7578	69.7578
1938	69.7578	69.8603
1939	69.7578	69.8454
1940	69.7578	69.7578
1941	69.7578	69.7578
1942	69.7578	69.7786
1943	69.7578	69.7775
1944	69.7578	69.7661
1945	69.7578	69.7578
1946	69.7578	69.8318
1947	69.7578	69.8274
1948	69.7578	69.7968
1949	69.7578	69.8386
1950	69.7578	70.0204
1951	69.7578	69.9294
1952	69.7578	69.813
1953	69.7578	69.768
1954	69.7578	69.7578
1955	69.7578	69.7578
1956	69.7578	69.7578
1957	69.7578	69.7823
1958	69.7578	69.88
1959	69.7578	69.8704
1960	69.7578	69.7578
1961	69.7578	69.7578
1962	69.7578	69.7704
1963	69.7578	69.7762
1964	69.7578	69.9764
1965	69.7578	69.7852
1966	69.7578	69.7637
1967	69.7578	69.7578
1968	69.7578	69.7578
1969	69.7578	70.0636
1970	69.7578	69.7936
1971	69.7578	69.8816
1972	69.7578	69.7887
1973	69.7578	69.8238
1974	69.7578	69.9071
1975	69.7578	69.9082
1976	69.7578	69.7825
1977	69.7578	69.7578
1978	69.7578	69.804
1979	69.7578	69.7871
1980	69.7578	69.7578
1981	69.7578	69.7578
1982	69.7578	69.7578
1983	69.7578	69.9925
1984	69.7578	69.8722
1985	69.7578	69.8184
1986	69.7578	69.788
1987	69.7578	69.769
1988	69.7578	69.8137
1989	69.7578	70.1938
1990	69.7578	70.0128
1991	69.7578	69.7996
1992	69.7578	69.9375
1993	69.7578	69.9373
1994	69.7578	69.8752
1995	69.7578	69.8493
1996	69.7578	69.7763
1997	69.7578	69.7578
1998	69.7578	69.7609
1999	69.7578	69.7578
2000	69.7578	69.7578
2001	69.7578	69.7908
2002	69.7578	69.8463
2003	69.7578	69.7935
2004	69.7578	69.7593
2005	69.7578	69.8758
2006	69.7578	69.8174
2007	69.7578	69.7778
2008	69.7578	69.7953
2009	69.7578	69.8269
2010	69.7578	69.8326
2011	69.7578	69.9385
2012	69.7578	69.9273
2013	69.7578	69.793
2014	69.7578	69.7796
2015	69.7578	69.7661
2016	69.7578	69.9677
2017	69.7578	69.8568
2018	69.7578	69.8258
2019	69.7578	69.7578
2020	69.7578	69.769
2021	69.7578	69.7578
2022	69.7578	69.7638
2023	69.7578	69.7627
2024	69.7578	69.7615
2025	69.7578	69.7594
2026	69.7578	69.8065
2027	69.7578	69.8172
2028	69.7578	69.7578
2029	69.7578	69.7672
2030	69.7578	69.7578
2031	69.7578	69.7772
2032	69.7578	69.7601
2033	69.7578	69.7578
2034	69.7578	69.7578
2035	69.7578	69.801
2036	69.7578	69.9932
2037	69.7578	69.831
2038	69.7578	69.9637
2039	69.7578	69.8127
2040	69.7578	69.8404
2041	69.7578	69.7578
2042	69.7578	69.8043
2043	69.7578	69.8515
2044	69.7578	69.9879
2045	69.7578	69.9254
2046	69.7578	69.7831
2047	69.7578	69.9009
2048	69.7578	69.8844
2049	69.7578	69.808
2050	69.7578	69.7578
2051	69.7578	69.8053
2052	69.7578	70.0035
2053	69.7578	69.772
2054	69.7578	69.8518
2055	69.7578	70.0279
2056	69.7578	69.7912
2057	69.7578	69.7578
2058	69.7578	69.8814
2059	69.7578	69.9235
2060	69.7578	69.7626
2061	69.7578	69.8307
2062	69.7578	69.8916
2063	69.7578	69.7578
2064	69.7578	69.7716
2065	69.7578	69.7578
2066	69.7578	69.8235
2067	69.7578	69.8517
2068	69.7578	69.8172
2069	69.7578	69.7702
2070	69.7578	69.7578
2071	69.7578	69.8581
2072	69.7578	69.8978
2073	69.7578	69.7578
2074	69.7578	69.7578
2075	69.7578	69.7941
2076	69.7578	69.7658
2077	69.7578	69.8163
2078	69.7578	69.9263
2079	69.7578	69.9123
2080	69.7578	69.8733
2081	69.7578	70.0228
2082	69.7578	69.8555
2083	69.7578	69.96
2084	69.7578	69.7699
2085	69.7578	69.8032
2086	69.7578	69.7578
2087	69.7578	69.8123
2088	69.7578	69.7578
2089	69.7578	69.7894
2090	69.7578	69.7589
2091	69.7578	69.7673
2092	69.7578	69.7811
2093	69.7578	69.7622
2094	69.7578	69.7578
2095	69.7578	69.7878
2096	69.7578	69.7636
2097	69.7578	69.8536
2098	69.7578	69.9391
2099	69.7578	69.8832
2100	69.7578	69.9774
2101	69.7578	69.8808
2102	69.7578	69.9946
2103	69.7578	69.7934
2104	69.7578	69.7578
2105	69.7578	69.8041
2106	69.7578	69.8411
2107	69.7578	69.7725
2108	69.7578	69.7589
2109	69.7578	69.8032
2110	69.7578	69.8485
2111	69.7578	70.3281
2112	69.7578	69.8345
2113	69.7578	69.7578
2114	69.7578	69.779
2115	69.7578	69.8615
2116	69.7578	69.7592
2117	69.7578	69.7578
2118	69.7578	69.8107
2119	69.7578	69.7578
2120	69.7578	69.7578
2121	69.7578	69.7673
2122	69.7578	69.7578
2123	69.7578	69.7619
2124	69.7578	69.7578
2125	69.7578	69.7886
2126	69.7578	69.7578
2127	69.7578	69.892
2128	69.7578	70.1239
2129	69.7578	69.8833
2130	69.7578	69.8805
2131	69.7578	69.8424
2132	69.7578	69.8494
2133	69.7578	69.7578
2134	69.7578	69.8666
2135	69.7578	69.8046
2136	69.7578	69.7925
2137	69.7578	69.7961
2138	69.7578	69.8026
2139	69.7578	69.9467
2140	69.7578	69.9297
2141	69.7578	69.7893
2142	69.7578	69.7578
2143	69.7578	69.7578
2144	69.7578	69.8512
2145	69.7578	69.8066
2146	69.7578	69.7578
2147	69.7578	69.7763
2148	69.7578	69.7627
2149	69.7578	69.7714
2150	69.7578	69.8133
2151	69.7578	69.7678
2152	69.7578	69.8204
2153	69.7578	69.7833
2154	69.7578	69.8005
2155	69.7578	69.7578
2156	69.7578	69.7578
2157	69.7578	69.7578
2158	69.7578	69.8665
2159	69.7578	69.9513
2160	69.7578	69.7866
2161	69.7578	69.7578
2162	69.7578	69.7653
2163	69.7578	69.96
2164	69.7578	70.1585
2165	69.7578	70.4197
2166	69.7578	69.829
2167	69.7578	69.8736
2168	69.7578	69.7734
2169	69.7578	69.8469
2170	69.7578	69.883
2171	69.7578	69.9061
2172	69.7578	69.824
2173	69.7578	69.778
2174	69.7578	69.8065
2175	69.7578	69.7936
2176	69.7578	69.7578
2177	69.7578	69.7578
2178	69.7578	69.7656
2179	69.7578	69.8202
2180	69.7578	69.8054
2181	69.7578	69.8153
2182	69.7578	69.8334
2183	69.7578	69.8024
2184	69.7578	69.7578
2185	69.7578	69.8025
2186	69.7578	69.9691
2187	69.7578	69.8223
2188	69.7578	69.878
2189	69.7578	69.8667
2190	69.7578	69.7808
2191	69.7578	69.8164
2192	69.7578	69.9133
2193	69.7578	69.8784
2194	69.7578	69.7597
2195	69.7578	69.8548
2196	69.7578	69.7578
2197	69.7578	69.7677
2198	69.7578	69.8265
2199	69.7578	69.797
2200	69.7578	69.7959
2201	69.7578	69.7578
2202	69.7578	69.8069
2203	69.7578	69.7956
2204	69.7578	69.7578
2205	69.7578	69.7578
2206	69.7578	69.7578
2207	69.7578	69.7578
2208	69.7578	69.7583
2209	69.7578	69.7928
2210	69.7578	69.8394
2211	69.7578	69.7719
2212	69.7578	69.7596
2213	69.7578	69.7794
2214	69.7578	69.9616
2215	69.7578	69.7683
2216	69.7578	69.7614
2217	69.7578	69.7578
2218	69.7578	69.7587
2219	69.7578	69.8009
2220	69.7578	69.9637
2221	69.7578	69.8093
2222	69.7578	70.0531
2223	69.7578	69.8947
2224	69.7578	69.81
2225	69.7578	69.7578
2226	69.7578	69.7578
2227	69.7578	69.7578
2228	69.7578	69.7578
2229	69.7578	69.823
2230	69.7578	69.7578
2231	69.7578	69.7578
2232	69.7578	69.7578
2233	69.7578	69.7578
2234	69.7578	69.7578
2235	69.7578	69.7655
2236	69.7578	69.7578
2237	69.7578	69.7578
2238	69.7578	69.7578
2239	69.7578	69.8347
2240	69.7578	69.768
2241	69.7578	69.7578
2242	69.7578	69.8207
2243	69.7578	69.7578
2244	69.7578	69.7578
2245	69.7578	69.8098
2246	69.7578	69.7578
2247	69.7578	69.7578
2248	69.7578	69.7607
2249	69.7578	69.7578
2250	69.7578	69.7939
2251	69.7578	69.8349
2252	69.7578	69.7578
2253	69.7578	69.7882
2254	69.7578	69.7578
2255	69.7578	69.7578
2256	69.7578	69.7705
2257	69.7578	69.7995
2258	69.7578	69.7588
2259	69.7578	69.8618
2260	69.7578	69.7702
2261	69.7578	69.8082
2262	69.7578	69.7578
2263	69.7578	69.7578
2264	69.7578	69.8056
2265	69.7578	69.7878
2266	69.7578	69.9136
2267	69.7578	69.9148
2268	69.7578	69.8034
2269	69.7578	69.7578
2270	69.7578	69.7578
2271	69.7578	69.7578
2272	69.7578	69.7591
2273	69.7578	69.7605
2274	69.7578	69.8076
2275	69.7578	69.7578
2276	69.7578	69.7602
2277	69.7578	69.7925
2278	69.7578	69.8927
2279	69.7578	70.0075
2280	69.7578	69.8071
2281	69.7578	69.8137
2282	69.7578	70.1275
2283	69.7578	69.8541
2284	69.7578	69.8828
2285	69.7578	69.9879
2286	69.7578	69.7998
2287	69.7578	69.857
2288	69.7578	69.8321
2289	69.7578	69.7824
2290	69.7578	69.8165
2291	69.7578	69.9058
2292	69.7578	69.7836
2293	69.7578	69.7578
2294	69.7578	69.7578
2295	69.7578	69.8929
2296	69.7578	69.7755
2297	69.7578	69.7667
2298	69.7578	69.7592
2299	69.7578	69.766
2300	69.7578	69.7826
2301	69.7578	69.7635
2302	69.7578	69.7835
2303	69.7578	69.804
2304	69.7578	69.7743
2305	69.7578	69.7578
2306	69.7578	69.7578
2307	69.7578	69.7578
2308	69.7578	69.7583
2309	69.7578	69.7947
2310	69.7578	69.7924
2311	69.7578	69.9601
2312	69.7578	69.8277
2313	69.7578	69.7578
2314	69.7578	69.8147
2315	69.7578	69.7578
2316	69.7578	69.7929
2317	69.7578	69.931
2318	69.7578	70.1795
2319	69.7578	69.9939
2320	69.7578	69.965
2321	69.7578	69.7712
2322	69.7578	69.7578
2323	69.7578	69.7578
2324	69.7578	69.7578
2325	69.7578	69.7578
2326	69.7578	69.7625
2327	69.7578	69.7578
2328	69.7578	69.8227
2329	69.7578	69.7896
2330	69.7578	69.7905
2331	69.7578	69.7604
2332	69.7578	69.7578
2333	69.7578	69.7578
2334	69.7578	69.7578
2335	69.7578	69.7625
2336	69.7578	69.7578
2337	69.7578	69.8243
2338	69.7578	70.0798
2339	69.7578	69.7847
2340	69.7578	69.7701
2341	69.7578	69.7909
2342	69.7578	69.7894
2343	69.7578	69.7578
2344	69.7578	69.8383
2345	69.7578	69.7765
2346	69.7578	69.8121
2347	69.7578	69.8978
2348	69.7578	69.7578
2349	69.7578	69.7578
2350	69.7578	69.792
2351	69.7578	69.803
2352	69.7578	69.7605
2353	69.7578	69.802
2354	69.7578	69.8814
2355	69.7578	69.7824
2356	69.7578	69.7804
2357	69.7578	69.7673
2358	69.7578	69.8654
2359	69.7578	69.8448
2360	69.7578	69.7624
2361	69.7578	69.7578
2362	69.7578	69.7578
2363	69.7578	69.8063
2364	69.7578	69.7619
2365	69.7578	69.7744
2366	69.7578	69.7622
2367	69.7578	69.7578
2368	69.7578	69.7578
2369	69.7578	69.8611
2370	69.7578	69.7578
2371	69.7578	69.7578
2372	69.7578	69.7578
2373	69.7578	69.7578
2374	69.7578	69.7578
2375	69.7578	69.8084
2376	69.7578	69.8142
2377	69.7578	69.855
2378	69.7578	69.8243
2379	69.7578	69.774
2380	69.7578	69.7666
2381	69.7578	69.8247
2382	69.7578	69.7787
2383	69.7578	69.8263
2384	69.7578	69.9393
2385	69.7578	69.7629
2386	69.7578	69.8227
2387	69.7578	69.8916
2388	69.7578	69.7653
2389	69.7578	69.7578
2390	69.7578	69.7578
2391	69.7578	69.7578
2392	69.7578	69.7578
2393	69.7578	69.8418
2394	69.7578	69.7842
2395	69.7578	69.7578
2396	69.7578	69.7578
2397	69.7578	69.8336
2398	69.7578	69.7898
2399	69.7578	69.7907
2400	69.7578	69.7995
2401	69.7578	69.7578
2402	69.7578	69.7665
2403	69.7578	69.7578
2404	69.7578	69.8574
2405	69.7578	69.8865
2406	69.7578	69.8895
2407	69.7578	69.7886
2408	69.7578	69.8417
2409	69.7578	69.7736
2410	69.7578	69.8996
2411	69.7578	69.845
2412	69.7578	69.8466
2413	69.7578	69.8445
2414	69.7578	69.7578
2415	69.7578	69.7578
2416	69.7578	69.8272
2417	69.7578	69.7658
2418	69.7578	69.7578
2419	69.7578	69.7578
2420	69.7578	69.7578
2421	69.7578	69.7578
2422	69.7578	69.8311
2423	69.7578	69.7578
2424	69.7578	69.7578
2425	69.7578	69.7578
2426	69.7578	69.8162
2427	69.7578	69.8041
2428	69.7578	69.7578
2429	69.7578	69.7578
2430	69.7578	69.7578
2431	69.7578	69.7578
2432	69.7578	69.8122
2433	69.7578	69.9368
2434	69.7578	69.7755
2435	69.7578	69.7957
2436	69.7578	69.8455
2437	69.7578	69.7578
2438	69.7578	69.8029
2439	69.7578	69.8781
2440	69.7578	70.0362
2441	69.7578	70.014
2442	69.7578	70.0501
2443	69.7578	69.7894
2444	69.7578	69.7738
2445	69.7578	69.8418
2446	69.7578	69.847
2447	69.7578	69.8176
2448	69.7578	69.8242
2449	69.7578	69.7578
2450	69.7578	69.8786
2451	69.7578	69.7713
2452	69.7578	69.7578
2453	69.7578	69.7578
2454	69.7578	69.8059
2455	69.7578	69.7578
2456	69.7578	69.7627
2457	69.7578	69.7986
2458	69.7578	69.8378
2459	69.7578	69.7952
2460	69.7578	69.759
2461	69.7578	69.7912
2462	69.7578	69.7578
2463	69.7578	69.8488
2464	69.7578	69.7578
2465	69.7578	69.7578
2466	69.7578	69.8415
2467	69.7578	69.7578
2468	69.7578	69.7732
2469	69.7578	69.8457
2470	69.7578	69.9811
2471	69.7578	69.984
2472	69.7578	69.9578
2473	69.7578	69.9339
2474	69.7578	70.3092
2475	69.7578	69.7854
2476	69.7578	69.8672
2477	69.7578	69.8785
2478	69.7578	69.7661
2479	69.7578	69.796
2480	69.7578	69.902
2481	69.7578	69.9356
2482	69.7578	70.0757
2483	69.7578	70.0243
2484	69.7578	69.7578
2485	69.7578	69.8217
2486	69.7578	69.8191
2487	69.7578	69.806
2488	69.7578	70.0031
2489	69.7578	69.7878
2490	69.7578	69.7578
2491	69.7578	69.7717
2492	69.7578	69.7578
2493	69.7578	69.774
2494	69.7578	69.7841
2495	69.7578	69.8682
2496	69.7578	69.861
2497	69.7578	69.9395
2498	69.7578	70.0282
2499	69.7578	69.8121
2500	69.7578	69.8226
2501	69.7578	69.8395
2502	69.7578	70.0899
2503	69.7578	69.7631
2504	69.7578	69.7578
2505	69.7578	69.78
2506	69.7578	69.9715
2507	69.7578	69.8622
2508	69.7578	69.7578
2509	69.7578	69.8253
2510	69.7578	69.7708
2511	69.7578	69.7578
2512	69.7578	69.7578
2513	69.7578	69.7578
2514	69.7578	69.7879
2515	69.7578	69.7851
2516	69.7578	69.7578
2517	69.7578	69.7578
2518	69.7578	69.9922
2519	69.7578	69.9821
2520	69.7578	69.9465
2521	69.7578	69.8489
2522	69.7578	69.8103
2523	69.7578	70.0236
2524	69.7578	69.7608
2525	69.7578	69.9174
2526	69.7578	70.224
2527	69.7578	69.8872
2528	69.7578	69.8003
2529	69.7578	70.1806
2530	69.7578	70.0233
2531	69.7578	69.7649
2532	69.7578	69.8941
2533	69.7578	70.0148
2534	69.7578	69.8292
2535	69.7578	69.8149
2536	69.7578	69.8589
2537	69.7578	69.8825
2538	69.7578	69.8408
2539	69.7578	69.7801
2540	69.7578	69.76
2541	69.7578	69.7578
2542	69.7578	69.913
2543	69.7578	69.7578
2544	69.7578	69.7926
2545	69.7578	69.7734
2546	69.7578	69.7984
2547	69.7578	70.0116
2548	69.7578	70.0164
2549	69.7578	69.8442
2550	69.7578	69.788
2551	69.7578	69.7622
2552	69.7578	69.8855
2553	69.7578	69.969
2554	69.7578	69.9712
2555	69.7578	69.7988
2556	69.7578	69.8559
2557	69.7578	69.763
2558	69.7578	69.7578
2559	69.7578	69.7578
2560	69.7578	69.8432
2561	69.7578	69.7597
2562	69.7578	69.7578
2563	69.7578	69.7865
2564	69.7578	69.7578
2565	69.7578	69.7578
2566	69.7578	69.7578
2567	69.7578	69.7846
2568	69.7578	69.7677
2569	69.7578	69.7743
2570	69.7578	69.8004
2571	69.7578	69.7891
2572	69.7578	69.8218
2573	69.7578	69.7893
2574	69.7578	69.8294
2575	69.7578	69.7578
2576	69.7578	69.7578
2577	69.7578	69.7578
2578	69.7578	69.7578
2579	69.7578	69.7578
2580	69.7578	69.9358
2581	69.7578	69.9312
2582	69.7578	69.8134
2583	69.7578	69.7903
2584	69.7578	69.8146
2585	69.7578	69.8305
2586	69.7578	69.8802
2587	69.7578	69.8131
2588	69.7578	69.7578
2589	69.7578	69.7578
2590	69.7578	69.7773
2591	69.7578	69.8731
2592	69.7578	69.7674
2593	69.7578	69.799
2594	69.7578	69.7578
2595	69.7578	69.7579
2596	69.7578	69.8489
2597	69.7578	69.7578
2598	69.7578	69.8389
2599	69.7578	69.7578
2600	69.7578	69.7665
2601	69.7578	69.8445
2602	69.7578	69.891
2603	69.7578	69.7906
2604	69.7578	69.774
2605	69.7578	69.8917
2606	69.7578	69.862
2607	69.7578	69.817
2608	69.7578	70.0211
2609	69.7578	69.7705
2610	69.7578	69.7601
2611	69.7578	69.7578
2612	69.7578	69.8013
2613	69.7578	69.7578
2614	69.7578	69.7599
2615	69.7578	69.7578
2616	69.7578	69.9065
2617	69.7578	69.7578
2618	69.7578	69.7643
2619	69.7578	69.7639
2620	69.7578	69.8784
2621	69.7578	69.8084
2622	69.7578	69.7647
2623	69.7578	69.7578
2624	69.7578	69.8209
2625	69.7578	69.7578
2626	69.7578	69.7619
2627	69.7578	69.8007
2628	69.7578	69.7645
2629	69.7578	69.792
2630	69.7578	69.8842
2631	69.7578	69.8701
2632	69.7578	70.3553
2633	69.7578	70.1675
2634	69.7578	70.0482
2635	69.7578	69.7578
2636	69.7578	69.7578
2637	69.7578	69.8075
2638	69.7578	69.7578
2639	69.7578	69.7578
2640	69.7578	69.7578
2641	69.7578	69.837
2642	69.7578	69.8013
2643	69.7578	69.7632
2644	69.7578	69.7578
2645	69.7578	69.8665
2646	69.7578	69.9508
2647	69.7578	69.8103
2648	69.7578	69.8265
2649	69.7578	69.9248
2650	69.7578	69.8705
2651	69.7578	69.7659
2652	69.7578	69.8642
2653	69.7578	69.8738
2654	69.7578	70.0091
2655	69.7578	69.7681
2656	69.7578	69.7578
2657	69.7578	69.7748
2658	69.7578	69.816
2659	69.7578	70.0288
2660	69.7578	69.8538
2661	69.7578	69.8343
2662	69.7578	69.8108
2663	69.7578	69.8243
2664	69.7578	69.9574
2665	69.7578	69.7578
2666	69.7578	69.7593
2667	69.7578	69.836
2668	69.7578	70.0694
2669	69.7578	70.0346
2670	69.7578	70.0705
2671	69.7578	70.1673
2672	69.7578	69.8578
2673	69.7578	69.8616
2674	69.7578	69.9952
2675	69.7578	69.9578
2676	69.7578	69.7578
2677	69.7578	69.7821
2678	69.7578	69.7854
2679	69.7578	69.8299
2680	69.7578	69.8052
2681	69.7578	69.7578
2682	69.7578	69.7578
2683	69.7578	69.7578
2684	69.7578	69.7837
2685	69.7578	69.7578
2686	69.7578	69.7578
2687	69.7578	69.7578
2688	69.7578	69.7646
2689	69.7578	69.9136
2690	69.7578	69.7956
2691	69.7578	69.7609
2692	69.7578	69.7998
2693	69.7578	69.7791
2694	69.7578	69.7932
2695	69.7578	69.761
2696	69.7578	69.9014
2697	69.7578	69.7817
2698	69.7578	69.8603
2699	69.7578	70.0178
2700	69.7578	69.9762
2701	69.7578	69.8578
2702	69.7578	70.0442
2703	69.7578	69.9125
2704	69.7578	69.7578
2705	69.7578	69.8216
2706	69.7578	69.9689
2707	69.7578	69.841
2708	69.7578	69.8792
2709	69.7578	69.7578
2710	69.7578	69.7678
2711	69.7578	69.7817
2712	69.7578	69.7578
2713	69.7578	69.7674
2714	69.7578	69.7592
2715	69.7578	69.7578
2716	69.7578	69.8865
2717	69.7578	69.8188
2718	69.7578	70.0222
2719	69.7578	69.7724
2720	69.7578	69.7578
2721	69.7578	69.8366
2722	69.7578	69.9464
2723	69.7578	69.9671
2724	69.7578	69.816
2725	69.7578	70.0817
2726	69.7578	70.1216
2727	69.7578	70.1406
2728	69.7578	70.1057
2729	69.7578	69.9184
2730	69.7578	69.8015
2731	69.7578	69.7801
2732	69.7578	69.9209
2733	69.7578	69.8293
2734	69.7578	69.8787
2735	69.7578	69.8497
2736	69.7578	69.7578
2737	69.7578	69.7854
2738	69.7578	69.77
2739	69.7578	69.7578
2740	69.7578	69.7578
2741	69.7578	69.7578
2742	69.7578	69.7594
2743	69.7578	69.7715
2744	69.7578	70.0301
2745	69.7578	69.7728
2746	69.7578	69.7976
2747	69.7578	69.7878
2748	69.7578	69.9242
2749	69.7578	69.9688
2750	69.7578	70.0261
2751	69.7578	69.968
2752	69.7578	69.8023
2753	69.7578	69.7868
2754	69.7578	69.887
2755	69.7578	69.8176
2756	69.7578	69.7578
2757	69.7578	69.9132
2758	69.7578	69.8289
2759	69.7578	69.7578
2760	69.7578	69.7943
2761	69.7578	69.7578
2762	69.7578	69.7594
2763	69.7578	69.9204
2764	69.7578	70.2048
2765	69.7578	69.9274
2766	69.7578	69.8693
2767	69.7578	69.7578
2768	69.7578	69.7977
2769	69.7578	69.7578
2770	69.7578	69.7578
2771	69.7578	69.7578
2772	69.7578	69.7578
2773	69.7578	69.8074
2774	69.7578	69.9168
2775	69.7578	69.7578
2776	69.7578	69.7578
2777	69.7578	69.7665
2778	69.7578	69.7742
2779	69.7578	69.7955
2780	69.7578	69.8737
2781	69.7578	69.8428
2782	69.7578	69.7691
2783	69.7578	69.7578
2784	69.7578	69.7992
2785	69.7578	69.7578
2786	69.7578	69.8244
2787	69.7578	69.7832
2788	69.7578	69.8972
2789	69.7578	69.9769
2790	69.7578	69.958
2791	69.7578	69.9384
2792	69.7578	69.7665
2793	69.7578	69.9524
2794	69.7578	69.7885
2795	69.7578	69.7578
2796	69.7578	69.7677
2797	69.7578	69.7578
2798	69.7578	69.7578
2799	69.7578	69.7578
2800	69.7578	69.7761
2801	69.7578	69.9292
2802	69.7578	69.7985
2803	69.7578	69.7758
2804	69.7578	69.7774
2805	69.7578	69.7578
2806	69.7578	69.7578
2807	69.7578	69.7578
2808	69.7578	69.7911
2809	69.7578	69.8072
2810	69.7578	69.8189
2811	69.7578	69.7578
2812	69.7578	69.7578
2813	69.7578	69.7763
2814	69.7578	69.8421
2815	69.7578	69.7578
2816	69.7578	69.821
2817	69.7578	69.7592
2818	69.7578	69.8603
2819	69.7578	69.7578
2820	69.7578	69.7578
2821	69.7578	69.7653
2822	69.7578	69.7578
2823	69.7578	69.7578
2824	69.7578	69.7578
2825	69.7578	69.7578
2826	69.7578	69.7578
2827	69.7578	69.7578
2828	69.7578	69.8065
2829	69.7578	69.8602
2830	69.7578	69.8645
2831	69.7578	69.7578
2832	69.7578	69.774
2833	69.7578	69.9088
2834	69.7578	70.009
2835	69.7578	69.815
2836	69.7578	69.7806
2837	69.7578	69.7578
2838	69.7578	69.8034
2839	69.7578	69.8273
2840	69.7578	69.7885
2841	69.7578	69.7686
2842	69.7578	69.785
2843	69.7578	69.8087
2844	69.7578	69.8179
2845	69.7578	69.7746
2846	69.7578	69.7947
2847	69.7578	69.7578
2848	69.7578	69.7791
2849	69.7578	70.1135
2850	69.7578	69.8265
2851	69.7578	70.0478
2852	69.7578	69.9519
2853	69.7578	69.7952
2854	69.7578	69.7701
2855	69.7578	69.8015
2856	69.7578	69.8673
2857	69.7578	69.8134
2858	69.7578	69.7885
2859	69.7578	69.8161
2860	69.7578	69.9792
2861	69.7578	69.7578
2862	69.7578	69.7707
2863	69.7578	69.7772
2864	69.7578	69.7684
2865	69.7578	70.0663
2866	69.7578	69.8057
2867	69.7578	69.8895
2868	69.7578	69.8418
2869	69.7578	69.8141
2870	69.7578	70.1613
2871	69.7578	69.8492
2872	69.7578	69.772
2873	69.7578	69.7702
2874	69.7578	69.7578
2875	69.7578	69.7946
2876	69.7578	69.7901
2877	69.7578	69.7651
2878	69.7578	69.7667
2879	69.7578	69.8042
2880	69.7578	69.8401
2881	69.7578	69.7954
2882	69.7578	69.8906
2883	69.7578	69.7862
2884	69.7578	69.7743
2885	69.7578	69.8501
2886	69.7578	69.9255
2887	69.7578	69.9435
2888	69.7578	69.9242
2889	69.7578	69.7618
2890	69.7578	69.7914
2891	69.7578	69.8467
2892	69.7578	69.7578
2893	69.7578	69.9001
2894	69.7578	69.7642
2895	69.7578	69.8555
2896	69.7578	69.9308
2897	69.7578	69.8015
2898	69.7578	69.918
2899	69.7578	69.8961
2900	69.7578	69.8192
2901	69.7578	69.7578
2902	69.7578	69.7578
2903	69.7578	69.7761
2904	69.7578	69.773
2905	69.7578	69.7925
2906	69.7578	69.7578
2907	69.7578	69.7979
2908	69.7578	69.7578
2909	69.7578	69.7578
2910	69.7578	69.7717
2911	69.7578	69.8891
2912	69.7578	69.7861
2913	69.7578	69.8853
2914	69.7578	69.9157
2915	69.7578	69.8145
2916	69.7578	69.7578
2917	69.7578	69.7578
2918	69.7578	69.7578
2919	69.7578	69.7592
2920	69.7578	69.8898
2921	69.7578	69.8024
2922	69.7578	69.874
2923	69.7578	69.8426
2924	69.7578	69.7578
2925	69.7578	69.7974
2926	69.7578	69.8438
2927	69.7578	69.7738
2928	69.7578	69.9004
2929	69.7578	69.7777
2930	69.7578	69.7578
2931	69.7578	69.7578
2932	69.7578	69.7578
2933	69.7578	69.7807
2934	69.7578	69.7772
2935	69.7578	69.7833
2936	69.7578	69.7578
2937	69.7578	69.8725
2938	69.7578	69.8495
2939	69.7578	69.7941
2940	69.7578	69.9869
2941	69.7578	69.8492
2942	69.7578	69.7801
2943	69.7578	69.8028
2944	69.7578	69.7713
2945	69.7578	69.7578
2946	69.7578	69.8466
2947	69.7578	69.7821
2948	69.7578	69.7693
2949	69.7578	69.7964
2950	69.7578	69.7634
2951	69.7578	69.8165
2952	69.7578	69.7857
2953	69.7578	69.7578
2954	69.7578	69.7578
2955	69.7578	69.7629
2956	69.7578	69.7578
2957	69.7578	69.7733
2958	69.7578	69.7767
2959	69.7578	69.8514
2960	69.7578	69.8497
2961	69.7578	69.7582
2962	69.7578	69.8022
2963	69.7578	70.0613
2964	69.7578	70.0493
2965	69.7578	69.9073
2966	69.7578	69.8064
2967	69.7578	69.8927
2968	69.7578	69.8662
2969	69.7578	69.8394
2970	69.7578	69.8114
2971	69.7578	69.7578
2972	69.7578	69.7578
2973	69.7578	69.7704
2974	69.7578	69.8014
2975	69.7578	69.7578
2976	69.7578	69.7578
2977	69.7578	69.7578
2978	69.7578	69.7578
2979	69.7578	69.7814
2980	69.7578	69.7982
2981	69.7578	69.8278
2982	69.7578	69.7604
2983	69.7578	69.8254
2984	69.7578	69.8161
2985	69.7578	69.8987
2986	69.7578	69.7937
2987	69.7578	70.0202
2988	69.7578	69.7678
2989	69.7578	69.7826
2990	69.7578	69.9547
2991	69.7578	69.9439
2992	69.7578	69.7705
2993	69.7578	69.7578
2994	69.7578	69.8414
2995	69.7578	69.7747
2996	69.7578	69.7918
2997	69.7578	69.7889
2998	69.7578	69.8133
2999	69.7578	69.814
3000	69.7578	69.7578
3001	69.7578	69.7665
3002	69.7578	69.9078
3003	69.7578	69.8885
3004	69.7578	69.9545
3005	69.7578	70.0553
3006	69.7578	69.9788
3007	69.7578	69.9823
3008	69.7578	69.7957
3009	69.7578	69.8083
3010	69.7578	69.7784
3011	69.7578	69.8457
3012	69.7578	69.9077
3013	69.7578	69.9952
3014	69.7578	69.7951
3015	69.7578	69.7578
3016	69.7578	69.7594
3017	69.7578	69.8028
3018	69.7578	69.7578
3019	69.7578	69.7578
3020	69.7578	69.7578
3021	69.7578	69.8578
3022	69.7578	69.773
3023	69.7578	69.7578
3024	69.7578	69.7578
3025	69.7578	69.7883
3026	69.7578	69.7578
3027	69.7578	69.7578
3028	69.7578	69.7578
3029	69.7578	69.7868
3030	69.7578	69.9772
3031	69.7578	69.9607
3032	69.7578	69.9114
3033	69.7578	69.771
3034	69.7578	69.7801
3035	69.7578	69.8293
3036	69.7578	69.8838
3037	69.7578	69.7578
3038	69.7578	69.8016
3039	69.7578	69.7726
3040	69.7578	69.8918
3041	69.7578	70.1544
3042	69.7578	69.9644
3043	69.7578	69.803
3044	69.7578	69.8011
3045	69.7578	69.7747
3046	69.7578	69.7693
3047	69.7578	69.7578
3048	69.7578	69.7611
3049	69.7578	69.7578
3050	69.7578	69.7836
3051	69.7578	69.7799
3052	69.7578	69.8405
3053	69.7578	69.7947
3054	69.7578	69.7578
3055	69.7578	70.0261
3056	69.7578	69.8214
3057	69.7578	69.8114
3058	69.7578	69.9731
3059	69.7578	69.7854
3060	69.7578	69.772
3061	69.7578	69.8564
3062	69.7578	69.7958
3063	69.7578	69.9591
3064	69.7578	69.8502
3065	69.7578	69.859
3066	69.7578	69.7578
3067	69.7578	69.7578
3068	69.7578	69.7588
3069	69.7578	69.8195
3070	69.7578	70.0156
3071	69.7578	69.7803
3072	69.7578	69.7762
3073	69.7578	69.7795
3074	69.7578	69.7702
3075	69.7578	69.8266
3076	69.7578	69.8313
3077	69.7578	70.1026
3078	69.7578	69.7622
3079	69.7578	69.7578
3080	69.7578	69.8492
3081	69.7578	69.8425
3082	69.7578	69.8017
3083	69.7578	69.7578
3084	69.7578	69.8087
3085	69.7578	69.83
3086	69.7578	69.7661
3087	69.7578	69.8057
3088	69.7578	69.917
3089	69.7578	69.9152
3090	69.7578	69.7629
3091	69.7578	69.7956
3092	69.7578	69.7605
3093	69.7578	69.7585
3094	69.7578	69.8177
3095	69.7578	69.9937
3096	69.7578	69.8869
3097	69.7578	69.8441
3098	69.7578	69.8105
3099	69.7578	69.7769
3100	69.7578	69.7578
3101	69.7578	69.7696
3102	69.7578	69.7578
3103	69.7578	69.856
3104	69.7578	69.7657
3105	69.7578	69.7639
3106	69.7578	69.8074
3107	69.7578	69.7578
3108	69.7578	69.7952
3109	69.7578	69.7602
3110	69.7578	69.7607
3111	69.7578	69.7578
3112	69.7578	69.7581
3113	69.7578	69.7639
3114	69.7578	69.8216
3115	69.7578	69.7653
3116	69.7578	69.8731
3117	69.7578	69.9671
3118	69.7578	69.7712
3119	69.7578	69.8213
3120	69.7578	69.9791
3121	69.7578	69.7888
3122	69.7578	69.7726
3123	69.7578	69.7578
3124	69.7578	69.8952
3125	69.7578	69.8368
3126	69.7578	69.8907
3127	69.7578	69.7655
3128	69.7578	69.8377
3129	69.7578	69.8415
3130	69.7578	69.775
3131	69.7578	69.7638
3132	69.7578	69.7578
3133	69.7578	69.7733
3134	69.7578	69.7867
3135	69.7578	69.7591
3136	69.7578	69.7615
3137	69.7578	69.7704
3138	69.7578	69.7706
3139	69.7578	69.7578
3140	69.7578	69.7578
3141	69.7578	69.8551
3142	69.7578	69.8869
3143	69.7578	69.7578
3144	69.7578	69.7578
3145	69.7578	69.7842
3146	69.7578	69.9178
3147	69.7578	69.9103
3148	69.7578	69.7972
3149	69.7578	69.8295
3150	69.7578	69.7578
3151	69.7578	69.7578
3152	69.7578	69.7578
3153	69.7578	69.8012
3154	69.7578	69.765
3155	69.7578	69.7753
3156	69.7578	69.8483
3157	69.7578	69.7669
3158	69.7578	69.7578
3159	69.7578	69.7772
3160	69.7578	69.9069
3161	69.7578	69.9142
3162	69.7578	69.9275
3163	69.7578	69.963
3164	69.7578	69.932
3165	69.7578	69.7965
3166	69.7578	69.7578
3167	69.7578	69.7595
3168	69.7578	69.8577
3169	69.7578	69.7777
3170	69.7578	69.7578
3171	69.7578	69.7681
3172	69.7578	69.7578
3173	69.7578	69.7797
3174	69.7578	69.7578
3175	69.7578	69.7578
3176	69.7578	69.7578
3177	69.7578	69.868
3178	69.7578	69.7825
3179	69.7578	69.7578
3180	69.7578	69.7739
3181	69.7578	69.8097
3182	69.7578	69.7578
3183	69.7578	69.7789
3184	69.7578	69.8275
3185	69.7578	69.957
3186	69.7578	69.8622
3187	69.7578	69.7644
3188	69.7578	69.7578
3189	69.7578	69.7578
3190	69.7578	69.7578
3191	69.7578	69.7578
3192	69.7578	69.7687
3193	69.7578	69.7578
3194	69.7578	69.7578
3195	69.7578	69.9697
3196	69.7578	69.8626
3197	69.7578	69.7947
3198	69.7578	69.7578
3199	69.7578	69.7578
3200	69.7578	69.7578
3201	69.7578	69.7578
3202	69.7578	69.9436
3203	69.7578	69.8112
3204	69.7578	69.9017
3205	69.7578	69.8883
3206	69.7578	69.7959
3207	69.7578	69.8047
3208	69.7578	69.8295
3209	69.7578	69.8955
3210	69.7578	69.8602
3211	69.7578	69.7578
3212	69.7578	69.7578
3213	69.7578	69.7578
3214	69.7578	69.8077
3215	69.7578	69.7781
3216	69.7578	69.8914
3217	69.7578	69.8496
3218	69.7578	69.8006
3219	69.7578	69.7674
3220	69.7578	69.7796
3221	69.7578	70.1096
3222	69.7578	69.7726
3223	69.7578	69.7939
3224	69.7578	69.8364
3225	69.7578	69.8704
3226	69.7578	69.7578
3227	69.7578	69.7682
3228	69.7578	69.8086
3229	69.7578	69.7837
3230	69.7578	69.7623
3231	69.7578	69.7578
3232	69.7578	69.8748
3233	69.7578	69.7716
3234	69.7578	69.7912
3235	69.7578	69.7578
3236	69.7578	69.7578
3237	69.7578	69.7892
3238	69.7578	69.8684
3239	69.7578	69.7792
3240	69.7578	69.8725
3241	69.7578	69.8324
3242	69.7578	69.9013
3243	69.7578	69.7855
3244	69.7578	69.7799
3245	69.7578	69.7708
3246	69.7578	69.7578
3247	69.7578	69.7578
3248	69.7578	69.7612
3249	69.7578	69.7578
3250	69.7578	69.8009
3251	69.7578	69.7578
3252	69.7578	69.8188
3253	69.7578	69.8783
3254	69.7578	69.8026
3255	69.7578	69.9318
3256	69.7578	69.7856
3257	69.7578	69.935
3258	69.7578	69.8931
3259	69.7578	69.8615
3260	69.7578	69.8378
3261	69.7578	69.8673
3262	69.7578	69.9344
3263	69.7578	69.8343
3264	69.7578	69.947
3265	69.7578	69.764
3266	69.7578	69.7578
3267	69.7578	69.8463
3268	69.7578	70.0363
3269	69.7578	69.8838
3270	69.7578	69.7681
3271	69.7578	69.773
3272	69.7578	69.7669
3273	69.7578	69.785
3274	69.7578	69.7647
3275	69.7578	69.7578
3276	69.7578	69.8223
3277	69.7578	69.7836
3278	69.7578	69.8154
3279	69.7578	69.7873
3280	69.7578	69.8749
3281	69.7578	69.9191
3282	69.7578	69.7578
3283	69.7578	69.7578
3284	69.7578	69.7965
3285	69.7578	69.7837
3286	69.7578	69.7628
3287	69.7578	69.8422
3288	69.7578	69.7651
3289	69.7578	69.7578
3290	69.7578	69.7861
3291	69.7578	69.9024
3292	69.7578	69.785
3293	69.7578	69.8454
3294	69.7578	69.8842
3295	69.7578	69.9715
3296	69.7578	70.0887
3297	69.7578	69.7841
3298	69.7578	69.9213
3299	69.7578	70.1192
3300	69.7578	69.7578
3301	69.7578	69.7657
3302	69.7578	69.7578
3303	69.7578	69.7578
3304	69.7578	69.7578
3305	69.7578	69.7578
3306	69.7578	69.8417
3307	69.7578	69.9202
3308	69.7578	69.7875
3309	69.7578	69.9047
3310	69.7578	69.7578
3311	69.7578	69.7578
3312	69.7578	70.0221
3313	69.7578	69.7578
3314	69.7578	69.8284
3315	69.7578	69.7633
3316	69.7578	69.7665
3317	69.7578	69.9008
3318	69.7578	69.9167
3319	69.7578	69.7703
3320	69.7578	69.9483
3321	69.7578	69.9387
3322	69.7578	69.7578
3323	69.7578	69.7636
3324	69.7578	69.7707
3325	69.7578	69.7837
3326	69.7578	69.7585
3327	69.7578	69.8515
3328	69.7578	69.7625
3329	69.7578	70.1131
3330	69.7578	69.8588
3331	69.7578	70.1175
3332	69.7578	69.8853
3333	69.7578	69.7797
3334	69.7578	69.7578
3335	69.7578	69.7578
3336	69.7578	69.7578
3337	69.7578	69.7578
3338	69.7578	69.7578
3339	69.7578	69.7578
3340	69.7578	69.7934
3341	69.7578	69.8752
3342	69.7578	69.8029
3343	69.7578	69.7578
3344	69.7578	69.7578
3345	69.7578	69.7794
3346	69.7578	69.8868
3347	69.7578	69.7787
3348	69.7578	69.7578
3349	69.7578	69.7804
3350	69.7578	69.7623
3351	69.7578	69.7617
3352	69.7578	69.7694
3353	69.7578	69.7691
3354	69.7578	69.7957
3355	69.7578	69.8183
3356	69.7578	69.7578
3357	69.7578	69.7811
3358	69.7578	69.7578
3359	69.7578	69.7578
3360	69.7578	69.7578
3361	69.7578	69.7578
3362	69.7578	69.7578
3363	69.7578	69.7578
3364	69.7578	69.7578
3365	69.7578	69.7578
3366	69.7578	69.7578
3367	69.7578	69.7682
3368	69.7578	69.8001
3369	69.7578	69.8873
3370	69.7578	69.9082
3371	69.7578	70.1423
3372	69.7578	69.9999
3373	69.7578	69.9921
3374	69.7578	69.8365
3375	69.7578	69.7802
3376	69.7578	69.7666
3377	69.7578	69.7578
3378	69.7578	69.7578
3379	69.7578	69.7625
3380	69.7578	69.7578
3381	69.7578	69.7578
3382	69.7578	69.7578
3383	69.7578	69.7584
3384	69.7578	69.7578
3385	69.7578	69.763
3386	69.7578	69.7578
3387	69.7578	69.7652
3388	69.7578	69.7578
3389	69.7578	69.7578
3390	69.7578	69.7578
3391	69.7578	69.7695
3392	69.7578	69.7578
3393	69.7578	69.7602
3394	69.7578	69.7578
3395	69.7578	69.8526
3396	69.7578	69.7851
3397	69.7578	69.8697
3398	69.7578	69.7578
3399	69.7578	69.8287
3400	69.7578	69.759
3401	69.7578	69.7578
3402	69.7578	69.7578
3403	69.7578	69.858
3404	69.7578	69.8612
3405	69.7578	69.8748
3406	69.7578	69.9105
3407	69.7578	69.8974
3408	69.7578	69.7578
3409	69.7578	69.7578
3410	69.7578	69.8384
3411	69.7578	69.8132
3412	69.7578	69.9309
3413	69.7578	69.7967
3414	69.7578	69.9032
3415	69.7578	69.8176
3416	69.7578	69.7748
3417	69.7578	69.7937
3418	69.7578	69.7612
3419	69.7578	69.8085
3420	69.7578	69.7588
3421	69.7578	69.8185
3422	69.7578	69.7888
3423	69.7578	69.7639
3424	69.7578	69.8234
3425	69.7578	69.9366
3426	69.7578	70.0357
3427	69.7578	69.7873
3428	69.7578	69.7943
3429	69.7578	69.8119
3430	69.7578	69.7578
3431	69.7578	69.7578
3432	69.7578	69.7578
3433	69.7578	69.7578
3434	69.7578	69.7694
3435	69.7578	69.8167
3436	69.7578	69.7578
3437	69.7578	69.951
3438	69.7578	70.0214
3439	69.7578	69.9037
3440	69.7578	69.856
3441	69.7578	69.8866
3442	69.7578	69.7578
3443	69.7578	69.7578
3444	69.7578	69.7578
3445	69.7578	69.7826
3446	69.7578	69.7746
3447	69.7578	69.7578
3448	69.7578	69.7578
3449	69.7578	69.8293
3450	69.7578	69.7706
3451	69.7578	69.7578
3452	69.7578	69.7578
3453	69.7578	69.7638
3454	69.7578	69.9312
3455	69.7578	69.8004
3456	69.7578	69.8634
3457	69.7578	69.7651
3458	69.7578	69.7578
3459	69.7578	69.7578
3460	69.7578	69.7896
3461	69.7578	69.7625
3462	69.7578	69.7578
3463	69.7578	69.7789
3464	69.7578	69.7922
3465	69.7578	69.7671
3466	69.7578	69.8104
3467	69.7578	69.7728
3468	69.7578	69.8799
3469	69.7578	69.8544
3470	69.7578	69.7905
3471	69.7578	69.8668
3472	69.7578	69.7972
3473	69.7578	70.0737
3474	69.7578	70.1013
3475	69.7578	69.7578
3476	69.7578	69.785
3477	69.7578	69.8544
3478	69.7578	69.8061
3479	69.7578	69.7788
3480	69.7578	69.8256
3481	69.7578	69.8057
3482	69.7578	69.9298
3483	69.7578	69.7578
3484	69.7578	69.7658
3485	69.7578	69.7684
3486	69.7578	69.773
3487	69.7578	69.7578
3488	69.7578	69.7578
3489	69.7578	69.7578
3490	69.7578	69.8025
3491	69.7578	69.7578
3492	69.7578	69.7578
3493	69.7578	69.7703
3494	69.7578	69.8892
3495	69.7578	69.8107
3496	69.7578	69.7602
3497	69.7578	69.788
3498	69.7578	69.7595
3499	69.7578	69.7803
3500	69.7578	69.7888
3501	69.7578	69.9131
3502	69.7578	70.0312
3503	69.7578	69.8614
3504	69.7578	69.7769
3505	69.7578	69.7981
3506	69.7578	69.8607
3507	69.7578	69.8366
3508	69.7578	69.8233
3509	69.7578	69.7578
3510	69.7578	69.7578
3511	69.7578	69.7709
3512	69.7578	69.7578
3513	69.7578	69.9164
3514	69.7578	69.9199
3515	69.7578	69.7949
3516	69.7578	69.7838
3517	69.7578	70.0121
3518	69.7578	69.8453
3519	69.7578	69.9549
3520	69.7578	69.7716
3521	69.7578	69.7919
3522	69.7578	69.8753
3523	69.7578	69.7988
3524	69.7578	69.7578
3525	69.7578	69.7578
3526	69.7578	69.7578
3527	69.7578	69.8922
3528	69.7578	69.8858
3529	69.7578	69.9424
3530	69.7578	69.8246
3531	69.7578	69.7804
3532	69.7578	69.7578
3533	69.7578	69.7658
3534	69.7578	69.9744
3535	69.7578	70.0098
3536	69.7578	69.7578
3537	69.7578	69.7578
3538	69.7578	69.7578
3539	69.7578	69.8044
3540	69.7578	69.7815
3541	69.7578	69.7578
3542	69.7578	69.8251
3543	69.7578	69.7959
3544	69.7578	69.8507
3545	69.7578	69.7578
3546	69.7578	69.7769
3547	69.7578	69.85
3548	69.7578	69.9244
3549	69.7578	69.7987
3550	69.7578	69.7963
3551	69.7578	69.8084
3552	69.7578	69.8134
3553	69.7578	69.7578
3554	69.7578	69.7578
3555	69.7578	69.8127
3556	69.7578	69.781
3557	69.7578	69.8194
3558	69.7578	69.7578
3559	69.7578	69.7578
3560	69.7578	69.7578
3561	69.7578	69.7578
3562	69.7578	69.7827
3563	69.7578	69.7578
3564	69.7578	69.7578
3565	69.7578	69.7578
3566	69.7578	69.8379
3567	69.7578	69.7578
3568	69.7578	69.7578
3569	69.7578	69.7578
3570	69.7578	69.7578
3571	69.7578	69.7578
3572	69.7578	69.7578
3573	69.7578	69.7578
3574	69.7578	69.7605
3575	69.7578	69.7578
3576	69.7578	69.7578
3577	69.7578	69.7685
3578	69.7578	69.7655
3579	69.7578	69.7683
3580	69.7578	69.7955
3581	69.7578	69.8241
3582	69.7578	69.7716
3583	69.7578	69.9311
3584	69.7578	69.7694
3585	69.7578	69.7578
3586	69.7578	69.7594
3587	69.7578	69.7638
3588	69.7578	69.7578
3589	69.7578	70.0054
3590	69.7578	69.8133
3591	69.7578	69.8176
3592	69.7578	69.7635
3593	69.7578	69.8595
3594	69.7578	69.7761
3595	69.7578	69.7879
3596	69.7578	69.8424
3597	69.7578	69.7618
3598	69.7578	69.7679
3599	69.7578	69.7697
3600	69.7578	69.8603
3601	69.7578	69.7938
3602	69.7578	69.8082
3603	69.7578	69.8352
3604	69.7578	69.9085
3605	69.7578	70.0372
3606	69.7578	69.8871
3607	69.7578	69.7595
3608	69.7578	69.7578
3609	69.7578	69.8981
3610	69.7578	69.7578
3611	69.7578	69.793
3612	69.7578	69.7578
3613	69.7578	69.7602
3614	69.7578	69.7897
3615	69.7578	69.7578
3616	69.7578	69.8174
3617	69.7578	69.854
3618	69.7578	69.7592
3619	69.7578	69.7738
3620	69.7578	69.7578
3621	69.7578	69.7663
3622	69.7578	69.9047
3623	69.7578	69.8736
3624	69.7578	69.7855
3625	69.7578	69.7676
3626	69.7578	69.7578
3627	69.7578	69.7578
3628	69.7578	69.8253
3629	69.7578	69.8986
3630	69.7578	69.7705
3631	69.7578	69.7718
3632	69.7578	69.7723
3633	69.7578	69.7578
3634	69.7578	69.7578
3635	69.7578	69.8358
3636	69.7578	69.7884
3637	69.7578	69.8411
3638	69.7578	69.87
3639	69.7578	69.8434
3640	69.7578	69.7617
3641	69.7578	69.7578
3642	69.7578	69.7653
3643	69.7578	69.7578
3644	69.7578	69.7874
3645	69.7578	69.812
3646	69.7578	70.0702
3647	69.7578	70.206
3648	69.7578	69.9799
3649	69.7578	69.9449
3650	69.7578	70.0502
3651	69.7578	69.7578
3652	69.7578	69.7578
3653	69.7578	69.7578
3654	69.7578	69.7864
3655	69.7578	69.809
3656	69.7578	69.7827
3657	69.7578	69.7578
3658	69.7578	69.7608
3659	69.7578	69.819
3660	69.7578	69.9928
3661	69.7578	69.8192
3662	69.7578	69.9054
3663	69.7578	69.8284
3664	69.7578	69.7578
3665	69.7578	69.7722
3666	69.7578	69.7578
3667	69.7578	69.7789
3668	69.7578	69.7755
3669	69.7578	69.81
3670	69.7578	69.7912
3671	69.7578	69.7734
3672	69.7578	69.8065
3673	69.7578	69.7588
3674	69.7578	69.8597
3675	69.7578	69.7696
3676	69.7578	69.7578
3677	69.7578	69.7578
3678	69.7578	69.7578
3679	69.7578	69.8488
3680	69.7578	69.9055
3681	69.7578	69.9068
3682	69.7578	69.7877
3683	69.7578	69.8104
3684	69.7578	69.8973
3685	69.7578	70.1281
3686	69.7578	69.847
3687	69.7578	69.7958
3688	69.7578	69.9041
3689	69.7578	69.7757
3690	69.7578	69.7578
3691	69.7578	69.7578
3692	69.7578	69.77
3693	69.7578	69.7799
3694	69.7578	69.8818
3695	69.7578	69.8809
3696	69.7578	69.9191
3697	69.7578	69.9279
3698	69.7578	69.7988
3699	69.7578	69.7669
3700	69.7578	69.7907
3701	69.7578	69.7578
3702	69.7578	69.7578
3703	69.7578	69.759
3704	69.7578	69.7578
3705	69.7578	69.9233
3706	69.7578	69.7955
3707	69.7578	69.7578
3708	69.7578	69.7578
3709	69.7578	69.8129
3710	69.7578	69.7687
3711	69.7578	69.7578
3712	69.7578	69.8261
3713	69.7578	69.7578
3714	69.7578	69.7869
3715	69.7578	69.7602
3716	69.7578	69.7615
3717	69.7578	69.8146
3718	69.7578	69.8671
3719	69.7578	69.7607
3720	69.7578	69.7578
3721	69.7578	69.7646
3722	69.7578	69.8662
3723	69.7578	69.8993
3724	69.7578	69.927
3725	69.7578	69.8643
3726	69.7578	69.8392
3727	69.7578	70.0087
3728	69.7578	69.8296
3729	69.7578	69.7672
3730	69.7578	69.7943
3731	69.7578	69.7624
3732	69.7578	69.7684
3733	69.7578	69.864
3734	69.7578	69.9193
3735	69.7578	69.827
3736	69.7578	69.8353
3737	69.7578	69.8209
3738	69.7578	69.7578
3739	69.7578	69.9035
3740	69.7578	69.9146
3741	69.7578	69.9044
3742	69.7578	69.7614
3743	69.7578	69.7578
3744	69.7578	69.7664
3745	69.7578	69.7788
3746	69.7578	69.7695
3747	69.7578	69.8603
3748	69.7578	69.8803
3749	69.7578	70.0945
3750	69.7578	69.967
3751	69.7578	69.8587
3752	69.7578	69.789
3753	69.7578	69.7728
3754	69.7578	69.8226
3755	69.7578	69.8037
3756	69.7578	69.7578
3757	69.7578	69.9238
3758	69.7578	69.906
3759	69.7578	69.7836
3760	69.7578	69.7863
3761	69.7578	69.8126
3762	69.7578	69.7754
3763	69.7578	69.7865
3764	69.7578	69.848
3765	69.7578	69.7713
3766	69.7578	69.8838
3767	69.7578	69.8844
3768	69.7578	69.9744
3769	69.7578	69.8002
3770	69.7578	69.7578
3771	69.7578	69.7578
3772	69.7578	69.7655
3773	69.7578	69.8006
3774	69.7578	69.8589
3775	69.7578	69.8431
3776	69.7578	69.9673
3777	69.7578	69.7865
3778	69.7578	69.7862
3779	69.7578	69.8344
3780	69.7578	69.7588
3781	69.7578	69.8935
3782	69.7578	69.8336
3783	69.7578	69.8605
3784	69.7578	69.7578
3785	69.7578	69.7748
3786	69.7578	69.7992
3787	69.7578	69.7578
3788	69.7578	69.7578
3789	69.7578	69.767
3790	69.7578	69.7798
3791	69.7578	69.7578
3792	69.7578	69.7578
3793	69.7578	69.7892
3794	69.7578	69.7578
3795	69.7578	69.7645
3796	69.7578	69.8067
3797	69.7578	69.9075
3798	69.7578	69.8564
3799	69.7578	69.8326
3800	69.7578	69.8804
3801	69.7578	69.8114
3802	69.7578	69.8867
3803	69.7578	69.9086
3804	69.7578	69.7593
3805	69.7578	69.7578
3806	69.7578	69.9527
3807	69.7578	69.7996
3808	69.7578	69.7578
3809	69.7578	69.9053
3810	69.7578	69.7578
3811	69.7578	69.8013
3812	69.7578	69.7959
3813	69.7578	69.8993
3814	69.7578	69.7869
3815	69.7578	69.7591
3816	69.7578	69.7669
3817	69.7578	69.7975
3818	69.7578	69.8067
3819	69.7578	69.8513
3820	69.7578	69.7717
3821	69.7578	69.7578
3822	69.7578	69.7578
3823	69.7578	69.7907
3824	69.7578	69.7578
3825	69.7578	69.8337
3826	69.7578	69.9285
3827	69.7578	69.9241
3828	69.7578	69.8077
3829	69.7578	69.7883
3830	69.7578	69.8004
3831	69.7578	69.8661
3832	69.7578	70.2136
3833	69.7578	69.8109
3834	69.7578	69.7948
3835	69.7578	69.7881
3836	69.7578	69.8119
3837	69.7578	69.9341
3838	69.7578	69.8926
3839	69.7578	69.7721
3840	69.7578	69.7588
3841	69.7578	69.7822
3842	69.7578	69.8045
3843	69.7578	69.8371
3844	69.7578	69.8536
3845	69.7578	69.8062
3846	69.7578	69.7613
3847	69.7578	69.7578
3848	69.7578	69.7814
3849	69.7578	69.8414
3850	69.7578	69.8929
3851	69.7578	69.7578
3852	69.7578	69.7774
3853	69.7578	69.8009
3854	69.7578	69.7578
3855	69.7578	69.8278
3856	69.7578	69.8144
3857	69.7578	69.9661
3858	69.7578	70.0291
3859	69.7578	70.0525
3860	69.7578	69.9296
3861	69.7578	69.796
3862	69.7578	69.779
3863	69.7578	69.8689
3864	69.7578	69.9497
3865	69.7578	69.8526
3866	69.7578	69.7598
3867	69.7578	69.7721
3868	69.7578	69.7595
3869	69.7578	69.7628
3870	69.7578	69.7643
3871	69.7578	69.7578
3872	69.7578	69.7578
3873	69.7578	69.7578
3874	69.7578	69.7578
3875	69.7578	69.8384
3876	69.7578	69.7949
3877	69.7578	69.9663
3878	69.7578	69.8063
3879	69.7578	69.929
3880	69.7578	70.0425
3881	69.7578	69.8935
3882	69.7578	69.9739
3883	69.7578	69.8292
3884	69.7578	69.8937
3885	69.7578	69.8568
3886	69.7578	69.9529
3887	69.7578	70.1754
3888	69.7578	69.8377
3889	69.7578	69.7878
3890	69.7578	70.0511
3891	69.7578	69.8132
3892	69.7578	69.7578
3893	69.7578	69.8469
3894	69.7578	69.8012
3895	69.7578	70.0006
3896	69.7578	69.8831
3897	69.7578	69.8914
3898	69.7578	69.9102
3899	69.7578	69.7922
3900	69.7578	69.7907
3901	69.7578	70.2654
3902	69.7578	69.9525
3903	69.7578	69.8698
3904	69.7578	69.8994
3905	69.7578	69.759
3906	69.7578	69.7861
3907	69.7578	69.841
3908	69.7578	69.7814
3909	69.7578	69.7578
3910	69.7578	69.7578
3911	69.7578	69.7578
3912	69.7578	69.7724
3913	69.7578	69.8048
3914	69.7578	69.8475
3915	69.7578	69.7859
3916	69.7578	69.7791
3917	69.7578	69.7578
3918	69.7578	69.8077
3919	69.7578	69.7946
3920	69.7578	69.8772
3921	69.7578	69.9055
3922	69.7578	69.7578
3923	69.7578	69.7578
3924	69.7578	69.7578
3925	69.7578	69.7578
3926	69.7578	69.7578
3927	69.7578	69.7863
3928	69.7578	69.7578
3929	69.7578	69.7578
3930	69.7578	69.7578
3931	69.7578	69.7578
3932	69.7578	69.8515
3933	69.7578	69.8884
3934	69.7578	69.8906
3935	69.7578	69.8517
3936	69.7578	69.7756
3937	69.7578	69.8464
3938	69.7578	69.875
3939	69.7578	69.8594
3940	69.7578	69.7876
3941	69.7578	69.7935
3942	69.7578	69.7977
3943	69.7578	69.9344
3944	69.7578	69.868
3945	69.7578	69.7731
3946	69.7578	69.7578
3947	69.7578	69.7707
3948	69.7578	69.7578
3949	69.7578	69.7633
3950	69.7578	69.761
3951	69.7578	69.7578
3952	69.7578	69.7578
3953	69.7578	69.9005
3954	69.7578	69.9396
3955	69.7578	69.758
3956	69.7578	69.8301
3957	69.7578	69.8227
3958	69.7578	69.7921
3959	69.7578	69.7578
3960	69.7578	69.7578
3961	69.7578	69.759
3962	69.7578	69.7578
3963	69.7578	69.8702
3964	69.7578	69.7807
3965	69.7578	69.8057
3966	69.7578	69.8513
3967	69.7578	70.0128
3968	69.7578	69.8439
3969	69.7578	69.8837
3970	69.7578	69.8256
3971	69.7578	69.79
3972	69.7578	69.7578
3973	69.7578	69.7578
3974	69.7578	69.7578
3975	69.7578	69.7578
3976	69.7578	69.7578
3977	69.7578	69.7578
3978	69.7578	69.7616
3979	69.7578	69.7578
3980	69.7578	69.7954
3981	69.7578	69.8133
3982	69.7578	69.883
3983	69.7578	69.7668
3984	69.7578	69.7578
3985	69.7578	69.7879
3986	69.7578	69.7724
3987	69.7578	69.7578
3988	69.7578	69.8753
3989	69.7578	69.8873
3990	69.7578	69.7578
3991	69.7578	69.7578
3992	69.7578	69.7578
3993	69.7578	69.8468
3994	69.7578	69.8845
3995	69.7578	69.7578
3996	69.7578	69.7578
3997	69.7578	69.7578
3998	69.7578	69.7578
3999	69.7578	69.7578
