0	426.807	463.315
1	412.178	440.472
2	400.275	427.515
3	387.283	414.19
4	377.742	400.457
5	369.278	388.68
6	359.349	379.028
7	354.791	370.078
8	333.622	359.92
9	329.319	349.074
10	322.84	339.619
11	320.235	331.9
12	311.217	325.752
13	308.173	320.005
14	301.533	313.63
15	298.498	307.778
16	291.344	303.68
17	280.471	298.66
18	277.729	291.369
19	270.43	283.614
20	261.228	276.398
21	255.36	269.57
22	252.49	264.054
23	248.51	257.766
24	244.943	253.817
25	240.704	249.524
26	238.9	245.792
27	233.833	242.261
28	229.906	239.676
29	225.902	235.849
30	221.976	231.207
31	217.8	226.615
32	215.118	223.076
33	213.671	218.978
34	212.869	216.401
35	211.336	214.656
36	208.631	213.176
37	206.188	211.352
38	203.147	209.2
39	201.133	207.109
40	198.578	204.732
41	193.888	202.535
42	187.99	199.868
43	183.278	194.903
44	182.877	191.25
45	177.207	187.325
46	177.207	184.39
47	173.678	181.602
48	170.791	178.563
49	167.636	174.918
50	167.18	172.247
51	166.536	170.302
52	165.976	168.396
53	164.47	167.193
54	163.906	166.73
55	162.354	166.057
56	161.56	164.609
57	160.713	163.852
58	160.048	163.331
59	158.147	163.727
60	155.844	162.098
61	155.554	161.368
62	152.495	159.401
63	152.029	156.857
64	150.34	154.582
65	149.613	153.633
66	149.549	152.751
67	148.561	151.271
68	147.495	150.396
69	146.898	150.096
70	146.623	148.99
71	145.078	147.936
72	144.363	147.455
73	142.957	146.374
74	139.995	145.659
75	139.378	144.25
76	138.021	141.875
77	137.757	139.837
78	135.827	138.929
79	135.077	137.956
80	134.392	136.69
81	133.642	135.626
82	130.91	134.896
83	129.045	133.859
84	128.41	132.28
85	127.302	130.67
86	127.033	129.304
87	126.427	128.424
88	123.054	127.881
89	122.268	127.166
90	120.713	125.645
91	120.012	123.605
92	119.314	122.228
93	118.692	120.717
94	117.847	119.811
95	116.528	119.243
96	115.637	118.676
97	115.067	117.802
98	115.067	116.853
99	115.01	115.952
100	114.586	115.435
101	114.569	115.523
102	114.112	116.228
103	114.054	116.012
104	112.503	115.305
105	111.971	114.989
106	111.971	114.685
107	111.146	113.933
108	110.967	112.758
109	108.715	111.878
110	108.715	111.196
111	108.376	110.229
112	108.086	109.131
113	107.592	108.622
114	106.963	108.383
115	105.407	107.932
116	105.407	107.452
117	104.378	106.462
118	104.378	105.581
119	103.732	104.949
120	102.574	104.581
121	101.489	103.92
122	101.047	103.262
123	100.15	102.554
124	98.8968	101.735
125	98.8968	101.057
126	98.8968	100.08
127	98.8968	99.7561
128	98.8968	99.5041
129	97.7432	98.9572
130	97.7432	98.7655
131	97.6794	98.6425
132	97.2414	98.1571
133	97.2414	97.9638
134	96.7238	97.6696
135	96.7238	97.6496
136	95.9861	97.068
137	95.1316	97.2888
138	95.1316	98.6455
139	95.1316	98.7979
140	94.924	97.4045
141	94.924	95.8846
142	94.8829	95.2007
143	94.8605	95.0361
144	94.8194	94.9059
145	92.844	94.8723
146	92.803	94.5637
147	92.803	94.0095
148	92.6225	93.3086
149	92.5398	93.1858
150	92.5398	93.2155
151	92.5099	93.0351
152	91.3893	92.8649
153	91.3893	92.7013
154	91.3712	92.0876
155	91.3712	91.7188
156	90.7692	91.4953
157	90.7692	91.4342
158	90.3083	91.081
159	89.8451	90.9964
160	89.3841	90.6219
161	87.7391	90.242
162	87.2514	89.6949
163	86.8127	88.5054
164	86.8127	87.5633
165	86.6654	87.002
166	86.2546	86.8318
167	85.2885	86.7851
168	85.2885	86.3867
169	85.1412	85.8125
170	84.6568	85.6177
171	83.9953	85.4379
172	83.9953	84.9435
173	83.848	84.5655
174	83.8102	84.3892
175	83.513	84.0839
176	83.3695	83.9287
177	82.6952	83.6332
178	82.0694	83.3569
179	81.821	82.9149
180	81.821	82.3965
181	81.186	82.0793
182	81.186	82.1013
183	81.186	81.8173
184	80.8391	81.4409
185	80.2292	81.1683
186	80.2292	80.894
187	80.0772	80.5235
188	79.9451	80.3741
189	79.9451	80.2643
190	79.9451	80.2093
191	79.2627	80.0652
192	79.2627	80.4823
193	79.2627	80.3428
194	79.2627	80.379
195	79.0931	80.1798
196	78.8137	79.83
197	77.4645	80.1241
198	76.564	79.634
199	76.564	78.658
200	76.564	78.0677
201	76.564	77.346
202	76.564	76.8184
203	75.4475	76.56
204	75.4475	76.4871
205	74.5588	76.1292
206	74.5588	75.9593
207	74.1561	76.0959
208	74.1561	75.9116
209	73.6766	74.798
210	73.6766	74.4048
211	73.6766	74.0585
212	73.6766	73.8263
213	73.6766	73.7451
214	73.5596	73.7062
215	72.8356	73.8664
216	72.7186	73.8317
217	72.2596	73.1598
218	72.2596	72.89
219	72.2596	72.5387
220	72.2596	72.5416
221	72.2596	72.3493
222	72.2596	72.3075
223	72.2596	72.4786
224	72.2596	72.2789
225	72.2596	72.3553
226	72.2596	72.3538
227	72.2596	72.4909
228	72.2596	72.4121
229	72.2596	72.2727
230	72.2596	72.3184
231	72.2596	72.2607
232	72.2596	72.2607
233	72.2596	72.2629
234	71.5483	72.2681
235	71.5483	72.1515
236	71.5483	71.9312
237	71.3714	71.7238
238	71.3714	71.578
239	71.3714	71.5654
240	71.3714	71.4272
241	71.3714	71.3871
242	71.3714	71.4537
243	71.3714	71.4126
244	71.3714	71.4407
245	71.3714	71.3714
246	71.2581	71.3711
247	71.2544	71.3594
248	70.6085	71.3176
249	70.4915	71.2512
250	70.4915	70.8679
251	70.4915	70.6476
252	70.4915	70.5462
253	70.4915	70.5012
254	70.4915	70.4982
255	70.4915	70.6519
256	70.4915	70.6709
257	70.0001	70.6285
258	70.0001	70.4497
259	70.0001	70.3477
260	70.0001	70.3744
261	70.0001	70.0784
262	70.0001	70.0433
263	70.0001	70.0381
264	70.0001	70.1545
265	70.0001	70.0225
266	69.4032	70.044
267	69.4032	69.93
268	69.4032	69.6779
269	69.4032	69.5443
270	69.3548	69.5424
271	69.3548	69.417
272	69.3548	69.5767
273	69.3548	69.4012
274	69.3548	69.4023
275	69.3548	69.3548
276	69.0492	69.354
277	69.0492	69.4494
278	69.0492	69.2291
279	69.0492	69.1818
280	69.0492	69.1503
281	69.0492	69.2274
282	69.0492	69.0613
283	69.0492	69.0808
284	69.0492	69.0557
285	69.0492	69.0932
286	69.0492	69.1257
287	69.0492	69.1739
288	69.0492	69.1117
289	68.4742	69.0476
290	68.4742	68.9539
291	68.4742	68.7829
292	68.4742	68.642
293	68.4742	68.664
294	68.1968	68.7725
295	68.1968	68.6248
296	68.1968	68.5657
297	68.1968	68.3194
298	68.1968	68.2186
299	68.1968	68.1968
300	68.1968	68.1976
301	68.1968	68.2336
302	68.1968	68.3026
303	68.1968	68.2501
304	68.1968	68.2892
305	68.1968	68.2571
306	68.1968	68.5162
307	68.1968	68.6985
308	68.1968	68.4257
309	68.1968	68.3035
310	68.1968	68.4853
311	68.1968	68.2068
312	68.1968	68.2407
313	68.1968	68.3066
314	68.1968	68.2027
315	68.1968	68.2355
316	68.1968	68.2524
317	68.1968	68.2836
318	68.1968	68.4071
319	68.1968	68.3305
320	68.1968	68.278
321	68.1968	68.45
322	68.1968	68.317
323	68.1968	68.2374
324	68.1309	68.2288
325	68.1309	68.2259
326	68.1309	68.2247
327	68.1309	68.173
328	68.1309	68.1677
329	68.1309	68.1382
330	68.1309	68.1309
331	68.1309	68.1309
332	68.1309	68.1818
333	68.1309	68.1309
334	68.1309	68.147
335	68.1309	68.1392
336	68.1309	68.1567
337	68.1309	68.1309
338	68.1309	68.2056
339	68.1309	68.3685
340	68.1309	68.2566
341	68.1309	68.1435
342	68.1309	68.1559
343	68.1309	68.3036
344	68.1309	68.2291
345	68.1309	68.195
346	68.1309	68.2183
347	68.1309	68.1421
348	68.1309	68.1747
349	68.1309	68.1488
350	68.1309	68.1468
351	68.1309	68.1487
352	68.1309	68.2077
353	68.1309	68.2087
354	68.1309	68.1309
355	68.1309	68.1309
356	67.7777	68.1299
357	67.7777	68.1039
358	67.7777	68.1005
359	67.7777	67.8546
360	67.7777	67.8525
361	67.7777	67.9643
362	67.7777	67.8154
363	67.7777	67.7777
364	67.7777	67.7777
365	67.7777	67.881
366	67.7777	68.7049
367	67.7777	70.9609
368	67.7777	71.1709
369	67.7777	70.0405
370	67.7777	68.709
371	67.7777	68.1032
372	67.7777	67.932
373	67.7777	67.9794
374	67.7777	67.7783
375	67.7777	67.7777
376	67.7777	67.7777
377	67.7777	67.8652
378	67.7777	67.8194
379	67.7777	67.8059
380	67.7777	67.7781
381	67.7777	67.7777
382	67.7777	67.7777
383	67.7777	67.7777
384	67.7777	67.7777
385	67.7777	67.7777
386	67.7777	67.8433
387	67.7777	67.8006
388	67.7777	67.852
389	67.1755	68.0317
390	67.1755	67.8857
391	67.1755	67.6583
392	67.1755	67.3773
393	67.1755	67.2561
394	67.1755	67.2922
395	67.1755	67.2611
396	67.1755	67.226
397	67.1755	67.3021
398	67.1755	67.187
399	67.1755	67.1755
400	67.1755	67.1769
401	67.1755	67.2714
402	67.1755	67.231
403	67.1755	67.2012
404	67.1755	67.1755
405	67.1755	67.2493
406	67.1755	67.1756
407	67.1755	67.1755
408	67.1755	67.1755
409	67.1755	67.3358
410	67.1755	67.2043
411	67.1755	67.1766
412	67.1755	67.2864
413	67.1755	67.1755
414	67.1755	67.1764
415	67.1755	67.1755
416	67.1755	67.1764
417	67.1755	67.1943
418	66.578	67.1875
419	66.578	67.0833
420	66.578	66.9383
421	66.578	66.8581
422	66.578	66.7075
423	66.578	66.6983
424	66.578	66.6227
425	66.578	66.578
426	66.578	66.6125
427	66.578	66.6665
428	66.578	66.578
429	66.578	66.5934
430	66.578	66.5983
431	66.578	66.6045
432	66.578	66.6084
433	66.578	66.6158
434	66.578	66.578
435	66.578	66.578
436	66.578	66.578
437	66.578	66.578
438	66.578	66.6218
439	66.578	66.6048
440	66.578	66.578
441	66.578	66.6787
442	66.578	66.58
443	66.578	66.578
444	66.578	66.5903
445	66.578	66.7917
446	66.578	66.6492
447	66.578	66.8891
448	66.578	66.7503
449	66.578	66.658
450	66.578	66.8355
451	66.578	66.6233
452	66.578	66.6791
453	66.578	66.5919
454	66.578	66.6195
455	66.578	66.7701
456	66.578	66.5926
457	66.578	66.6206
458	66.578	66.5853
459	66.578	66.646
460	66.578	66.6989
461	66.578	66.6013
462	66.578	66.597
463	66.578	66.6032
464	66.578	66.5827
465	66.578	66.6099
466	66.578	66.7102
467	66.578	66.5786
468	66.578	66.578
469	66.578	66.6772
470	66.578	66.5813
471	66.578	66.6391
472	66.578	66.6437
473	66.578	66.6528
474	66.578	66.5897
475	66.578	66.5871
476	66.578	66.578
477	66.578	66.6233
478	66.578	66.5793
479	66.578	66.6206
480	66.578	66.7172
481	66.578	66.6505
482	66.578	66.6224
483	66.578	66.6054
484	66.53	66.5948
485	66.53	66.7039
486	66.53	67.2606
487	66.53	67.0191
488	66.53	66.943
489	66.53	66.7429
490	66.53	66.6549
491	66.53	66.6568
492	66.53	66.5664
493	66.53	66.53
494	66.53	66.53
495	66.53	66.53
496	66.53	66.53
497	66.53	66.53
498	66.53	66.5783
499	66.53	66.8596
500	66.53	66.7616
501	66.53	66.7963
502	66.53	66.5958
503	66.53	66.5498
504	66.53	66.5493
505	66.53	66.6593
506	66.53	66.5663
507	66.53	66.574
508	66.53	66.53
509	66.53	66.53
510	66.53	66.53
511	66.53	66.53
512	66.4904	66.5299
513	66.4904	66.6912
514	66.4904	67.0959
515	66.4904	67.245
516	66.4904	67.0571
517	66.4904	66.6742
518	66.4904	66.6359
519	66.4904	66.5984
520	66.4904	66.5303
521	66.4904	66.4904
522	66.4904	66.4904
523	66.4904	66.6085
524	66.4904	66.7268
525	66.4904	66.6665
526	66.4904	66.5254
527	66.4904	66.4904
528	66.4904	66.4981
529	66.4904	66.5019
530	66.4904	66.4962
531	66.4904	66.4908
532	66.4904	66.4904
533	66.4904	66.4904
534	66.4904	66.4904
535	66.4904	66.4904
536	66.4904	66.5012
537	66.4904	66.5061
538	66.4904	66.4904
539	66.4904	66.5413
540	66.4904	66.4969
541	66.4904	66.5751
542	66.4904	66.4956
543	66.4904	66.5101
544	66.4904	66.4914
545	66.4904	66.4989
546	66.4904	66.5408
547	66.4904	66.5786
548	66.4904	66.4979
549	66.4904	66.5734
550	66.4904	66.4904
551	66.4904	66.4904
552	66.4904	66.5261
553	66.4904	66.6
554	66.4904	66.5375
555	66.4904	66.4906
556	66.4904	66.5437
557	66.4904	66.5553
558	66.4904	66.4904
559	66.4904	66.4904
560	66.4904	66.4925
561	66.4904	66.6841
562	66.4904	66.6405
563	66.4904	66.4965
564	66.4904	66.4904
565	66.4904	66.4904
566	66.4904	66.4904
567	66.4904	66.4999
568	66.4904	66.4904
569	66.4904	66.4904
570	66.4904	66.4974
571	66.4904	66.5106
572	66.4904	66.4904
573	66.4904	66.4992
574	66.4904	66.5116
575	66.4904	66.4904
576	66.4904	66.503
577	66.4904	66.7375
578	66.4904	66.5545
579	66.4904	66.5476
580	66.4904	66.5577
581	66.4904	66.5824
582	66.4904	66.5076
583	66.4904	66.55
584	66.4904	67.0501
585	66.4904	66.6296
586	66.4904	66.493
587	66.4904	66.5612
588	66.4904	66.7892
589	66.4904	66.613
590	66.4904	66.6546
591	66.4904	66.7378
592	66.4904	66.7131
593	66.4904	66.5301
594	66.4904	66.5633
595	66.4904	66.4953
596	66.4904	66.4904
597	66.4904	66.5318
598	66.4904	66.5069
599	66.4904	66.4904
600	66.4904	66.5305
601	66.4904	66.5498
602	66.4904	66.5535
603	66.4904	66.4904
604	66.4904	66.5195
605	66.4904	66.554
606	66.4904	66.5103
607	66.4904	66.4904
608	66.4904	66.5391
609	66.4904	66.4917
610	66.4904	66.4939
611	66.4904	66.4954
612	66.4904	66.5161
613	66.4904	66.5131
614	66.4904	66.4914
615	66.4904	66.4931
616	66.4904	66.4904
617	66.4904	66.561
618	66.4904	66.4904
619	66.4904	66.4904
620	66.4904	66.4919
621	66.4904	66.5901
622	66.4904	66.4904
623	66.4904	66.4904
624	66.4904	66.4904
625	66.4904	66.4904
626	66.4904	66.491
627	66.4904	66.5098
628	66.4904	66.7347
629	66.4904	66.5814
630	66.4904	66.5509
631	66.4904	66.5881
632	66.4904	66.5348
633	66.4904	66.5539
634	66.4904	66.8577
635	66.4904	66.5676
636	66.4904	66.633
637	66.4904	66.6557
638	66.4904	66.6856
639	66.4904	66.7811
640	66.4904	66.5457
641	66.4904	66.5219
642	66.4904	66.5473
643	66.4904	66.5015
644	66.4904	66.608
645	66.4904	66.5823
646	66.4904	66.4904
647	66.4904	66.5768
648	66.4904	66.5846
649	66.4904	66.7018
650	66.4904	66.6145
651	66.4904	66.6506
652	66.4904	66.5098
653	66.4904	66.5511
654	66.4904	66.5403
655	66.4904	66.5251
656	66.4904	66.6251
657	66.4904	66.5883
658	66.4904	66.5279
659	66.4904	66.5198
660	66.4904	66.5219
661	66.4904	66.4904
662	66.4904	66.5981
663	66.4904	66.5139
664	66.4904	66.492
665	66.4904	66.4948
666	66.4904	66.4904
667	66.4904	66.5784
668	66.4904	66.5449
669	66.4904	66.4904
670	66.4904	66.6243
671	66.4904	66.5245
672	66.4904	66.4904
673	66.4904	66.4904
674	66.4904	66.4904
675	66.4904	66.4904
676	66.4904	66.5692
677	66.4904	66.6607
678	66.4904	66.5632
679	66.4904	66.6049
680	66.4904	66.5022
681	66.4904	66.5058
682	66.4904	66.5233
683	66.4904	66.5194
684	66.4904	66.4904
685	66.4904	66.4989
686	66.4904	66.5265
687	66.4904	66.5607
688	66.4904	66.514
689	66.4904	66.4936
690	66.4904	66.4904
691	66.4904	66.6317
692	66.4904	66.9456
693	66.4904	66.6976
694	66.4904	66.4904
695	66.4904	66.5865
696	66.4904	66.4962
697	66.4904	66.5523
698	66.4904	66.5664
699	66.4904	66.5605
700	66.4904	66.5055
701	66.4904	66.4989
702	66.4904	66.5286
703	66.4904	66.4904
704	66.4904	66.5452
705	66.4904	66.4904
706	66.4904	66.4904
707	66.4904	66.4904
708	66.4904	66.5462
709	66.4904	66.6907
710	66.4904	66.6536
711	66.4904	66.4977
712	66.4904	66.6143
713	66.4904	66.6917
714	66.4904	66.4904
715	66.4904	66.4904
716	66.4904	66.4904
717	66.4904	66.5127
718	66.4904	66.4904
719	66.4904	66.4977
720	66.4904	66.7752
721	66.4904	66.5521
722	66.4904	66.5016
723	66.4904	66.4904
724	66.4904	66.5582
725	66.4904	66.5441
726	66.4904	66.4962
727	66.4904	66.5175
728	66.4904	66.5905
729	66.4904	66.4916
730	66.4904	66.627
731	66.4904	66.5111
732	66.4904	66.5467
733	66.4904	66.4995
734	66.4904	66.4904
735	66.4904	66.5203
736	66.4904	66.5063
737	66.4904	66.4972
738	66.4904	66.7419
739	66.4904	66.6485
740	66.4904	66.505
741	66.4904	66.4904
742	66.4904	66.5033
743	66.4904	66.4904
744	66.4904	66.6516
745	66.4904	66.4918
746	66.4904	66.5085
747	66.4904	66.5149
748	66.4904	66.6438
749	66.4904	66.6695
750	66.4904	66.5314
751	66.4904	66.5872
752	66.4904	66.6352
753	66.4904	66.4904
754	66.4904	66.5038
755	66.4904	66.634
756	66.4904	66.5196
757	66.4904	66.6833
758	66.4904	66.5804
759	66.4904	66.5652
760	66.4904	66.4904
761	66.4904	66.4904
762	66.4904	66.4904
763	66.4904	66.4904
764	66.4904	66.4948
765	66.4904	66.514
766	66.4904	66.4904
767	66.4904	66.5155
768	66.4904	66.5362
769	66.4904	66.5417
770	66.4904	66.5417
771	66.4904	66.5604
772	66.4904	66.549
773	66.4904	66.4904
774	66.4904	66.5144
775	66.4904	66.4927
776	66.4904	66.5369
777	66.4904	66.5582
778	66.4904	66.5194
779	66.4904	66.4906
780	66.4904	66.5531
781	66.4904	66.4924
782	66.4904	66.5698
783	66.4904	66.5166
784	66.4904	66.6285
785	66.4904	66.4927
786	66.4904	66.4964
787	66.4904	66.5904
788	66.4904	66.573
789	66.4904	66.6856
790	66.4904	66.6543
791	66.4904	66.5769
792	66.4904	66.5764
793	66.4904	66.4904
794	66.4904	66.53
795	66.4904	66.4904
796	66.4904	66.6311
797	66.4904	66.5161
798	66.4904	66.5334
799	66.4904	66.5244
800	66.4904	66.5757
801	66.4904	66.5597
802	66.4904	66.4907
803	66.4904	66.5143
804	66.4904	66.6398
805	66.4904	66.5746
806	66.4904	66.5077
807	66.4904	66.4904
808	66.4904	66.5185
809	66.4904	66.5262
810	66.4904	66.4904
811	66.4904	66.5094
812	66.4904	66.8686
813	66.4904	66.7172
814	66.4904	66.5097
815	66.4904	66.5711
816	66.4904	66.5033
817	66.4904	66.4904
818	66.4904	66.5
819	66.4904	66.5042
820	66.4904	66.5391
821	66.4904	66.5395
822	66.4904	66.5289
823	66.4904	66.4904
824	66.4904	66.4904
825	66.4904	66.5725
826	66.4904	66.619
827	66.4904	66.5473
828	66.4904	66.4904
829	66.4904	66.4904
830	66.4904	66.4904
831	66.4904	66.5232
832	66.4904	66.5131
833	66.4904	66.4904
834	66.4904	66.6133
835	66.4904	66.5271
836	66.4904	66.4985
837	66.4904	66.4904
838	66.4904	66.4904
839	66.4904	66.7081
840	66.4904	66.7303
841	66.4904	66.5516
842	66.4904	66.5078
843	66.4904	66.6022
844	66.4904	66.7207
845	66.4904	66.6462
846	66.4904	66.4904
847	66.4904	66.4932
848	66.4904	66.5007
849	66.4904	66.5268
850	66.4904	66.6709
851	66.4904	66.5286
852	66.4904	66.4904
853	66.4904	66.6303
854	66.4904	66.575
855	66.4904	66.5091
856	66.4904	66.5637
857	66.4904	66.5657
858	66.4904	66.5005
859	66.4904	66.5346
860	66.4904	66.4966
861	66.4904	66.4943
862	66.4904	66.4904
863	66.4904	66.4904
864	66.4904	66.5566
865	66.4904	66.5947
866	66.4904	66.4904
867	66.4904	66.4904
868	66.4904	66.4904
869	66.4904	66.554
870	66.4904	66.4904
871	66.4904	66.4904
872	66.4904	66.5515
873	66.4904	66.5025
874	66.4904	66.4904
875	66.4904	66.5655
876	66.4904	66.7644
877	66.4904	66.502
878	66.4904	66.5867
879	66.4904	66.8583
880	66.4904	66.6838
881	66.4904	66.6224
882	66.4904	66.822
883	66.4904	66.539
884	66.4904	66.5812
885	66.4904	66.6982
886	66.4904	66.5434
887	66.4904	66.6566
888	66.4904	66.4925
889	66.4904	66.5944
890	66.4904	66.5484
891	66.4904	66.5519
892	66.4904	66.6859
893	66.4904	66.5778
894	66.4904	66.5273
895	66.4904	66.5897
896	66.4904	66.5606
897	66.4904	66.6797
898	66.4904	66.6892
899	66.4904	66.4904
900	66.4904	66.4904
901	66.4904	66.4918
902	66.4904	66.5157
903	66.4904	66.6079
904	66.4904	66.649
905	66.4904	66.5509
906	66.4904	66.6246
907	66.4904	66.4904
908	66.4904	66.4904
909	66.4904	66.4904
910	66.4904	66.4904
911	66.4904	66.598
912	66.4904	66.527
913	66.4904	66.5019
914	66.4904	66.5192
915	66.4904	66.5396
916	66.4904	66.4957
917	66.4904	66.5118
918	66.4904	66.4904
919	66.4904	66.6986
920	66.4904	66.7051
921	66.4904	66.8882
922	66.4904	66.6267
923	66.4904	66.5036
924	66.4904	66.4904
925	66.4904	66.5725
926	66.4904	66.542
927	66.4904	66.6363
928	66.4904	66.4904
929	66.4904	66.4973
930	66.4904	66.5125
931	66.4904	66.4904
932	66.4904	66.4914
933	66.4904	66.5406
934	66.4904	66.84
935	66.4904	66.5376
936	66.4904	66.5772
937	66.4904	66.5092
938	66.4904	66.5562
939	66.4904	66.4921
940	66.4904	66.4904
941	66.4904	66.4922
942	66.4904	66.4904
943	66.4904	66.521
944	66.4904	66.4966
945	66.4904	66.4904
946	66.4904	66.4904
947	66.4904	66.6048
948	66.4904	66.5177
949	66.4904	66.5624
950	66.4904	66.4904
951	66.4904	66.5003
952	66.4904	66.6545
953	66.4904	66.5254
954	66.4904	66.5174
955	66.4904	66.4904
956	66.4904	66.4904
957	66.4904	66.4904
958	66.4904	66.4904
959	66.4904	66.4904
960	66.4904	66.4924
961	66.4904	66.5285
962	66.4904	66.5538
963	66.4904	66.5067
964	66.4904	66.4937
965	66.4904	66.4914
966	66.4904	66.4904
967	66.4904	66.4904
968	66.4904	66.5421
969	66.4904	66.6032
970	66.4904	66.5023
971	66.4904	66.4904
972	66.4904	66.5073
973	66.4904	66.5238
974	66.4904	66.6128
975	66.4904	66.6937
976	66.4904	66.5153
977	66.4904	66.4924
978	66.4904	66.4904
979	66.4904	66.5045
980	66.4904	66.5808
981	66.4904	66.5469
982	66.4904	66.4914
983	66.4904	66.4904
984	66.4904	66.4904
985	66.4904	66.4904
986	66.4904	66.6242
987	66.4904	66.5405
988	66.4904	66.5309
989	66.4904	66.5385
990	66.4904	66.5843
991	66.4904	66.6397
992	66.4904	66.5215
993	66.4904	66.5572
994	66.4904	66.4904
995	66.4904	66.5316
996	66.4904	66.4904
997	66.4904	66.5006
998	66.4904	66.5245
999	66.4904	66.5936
1000	66.4904	66.5283
1001	66.4904	66.5134
1002	66.4904	66.5264
1003	66.4904	66.4904
1004	66.4904	66.4918
1005	66.4904	66.6269
1006	66.4904	66.6008
1007	66.4904	66.7403
1008	66.4904	66.5742
1009	66.1989	66.6082
1010	66.1989	66.454
1011	66.1989	66.3711
1012	66.1989	66.3668
1013	66.1989	66.2431
1014	66.1989	66.2097
1015	66.1989	66.1994
1016	66.1989	66.3093
1017	66.1989	66.1989
1018	66.1989	66.2184
1019	66.1989	66.1989
1020	66.1989	66.2088
1021	66.1989	66.2387
1022	66.1989	66.3113
1023	66.1989	66.2065
1024	66.1989	66.2143
1025	66.1989	66.2781
1026	66.1989	66.27
1027	66.1989	66.2098
1028	66.1989	66.1989
1029	66.1989	66.2004
1030	66.1989	66.2332
1031	66.1989	66.2268
1032	66.1989	66.2203
1033	66.1989	66.2353
1034	66.1989	66.2359
1035	66.1989	66.2404
1036	66.1989	66.1989
1037	66.1989	66.1989
1038	66.1989	66.2048
1039	66.1989	66.2487
1040	66.1989	66.2486
1041	66.1989	66.3291
1042	66.1989	66.2862
1043	66.1989	66.2416
1044	66.1989	66.3819
1045	66.1989	66.2257
1046	66.1989	66.4126
1047	66.1989	66.3299
1048	66.1989	66.752
1049	66.1989	66.4777
1050	66.1989	66.2501
1051	66.1989	66.1989
1052	66.1989	66.1989
1053	66.1989	66.1989
1054	66.1989	66.2107
1055	66.1989	66.2548
1056	66.1989	66.361
1057	66.1989	66.4012
1058	66.1989	66.296
1059	66.1989	66.1989
1060	66.1989	66.1989
1061	66.1989	66.2433
1062	66.1989	66.2863
1063	66.1989	66.3023
1064	66.1989	66.2515
1065	66.1989	66.1989
1066	66.1989	66.1989
1067	66.1989	66.2779
1068	66.1989	66.352
1069	66.1989	66.2991
1070	66.1989	66.374
1071	66.1989	66.2608
1072	66.1989	66.1989
1073	66.1989	66.2875
1074	66.1989	66.2002
1075	66.1989	66.2173
1076	66.1989	66.2014
1077	66.1989	66.2112
1078	66.1989	66.342
1079	66.1989	66.2118
1080	66.1989	66.225
1081	66.1989	66.285
1082	66.1989	66.6434
1083	66.1989	66.2102
1084	66.1989	66.2659
1085	66.1989	66.2185
1086	66.1989	66.2373
1087	66.1989	66.1989
1088	66.1989	66.1995
1089	66.1989	66.1989
1090	66.1989	66.1989
1091	66.1989	66.2033
1092	66.1989	66.2563
1093	66.1989	66.2085
1094	66.1989	66.1989
1095	66.1989	66.1989
1096	66.1989	66.264
1097	66.1989	66.1989
1098	66.1989	66.2394
1099	66.1989	66.3139
1100	66.1989	66.3894
1101	66.1989	66.2315
1102	66.1989	66.1989
1103	66.1989	66.2164
1104	66.1989	66.1992
1105	66.1989	66.1989
1106	66.1989	66.2133
1107	66.1989	66.1989
1108	66.1989	66.2019
1109	66.1989	66.1989
1110	66.1989	66.1989
1111	66.1989	66.2292
1112	66.1989	66.1989
1113	66.1989	66.1989
1114	66.1989	66.2001
1115	66.1989	66.2876
1116	66.1989	66.1989
1117	66.1989	66.3162
1118	66.1989	66.4168
1119	66.1989	66.2775
1120	66.1989	66.2164
1121	66.1989	66.1989
1122	66.1989	66.1989
1123	66.1989	66.2391
1124	66.1989	66.2278
1125	66.1989	66.2519
1126	66.1989	66.3253
1127	66.1989	66.2554
1128	66.1989	66.2751
1129	66.1989	66.2561
1130	66.1989	66.375
1131	66.1989	66.1989
1132	66.1989	66.1989
1133	66.1989	66.2315
1134	66.1989	66.2388
1135	66.1989	66.2036
1136	66.1989	66.3453
1137	66.1989	66.2676
1138	66.1989	66.2961
1139	66.1989	66.3606
1140	66.1989	66.2343
1141	66.1989	66.2248
1142	66.1989	66.2362
1143	66.1989	66.2371
1144	66.1989	66.2133
1145	66.1989	66.3027
1146	66.1989	66.3313
1147	66.1989	66.2145
1148	66.1989	66.1989
1149	66.1989	66.2006
1150	66.1989	66.1989
1151	66.1989	66.2853
1152	66.1989	66.2035
1153	66.1989	66.3355
1154	66.1989	66.2018
1155	66.1989	66.4653
1156	66.1989	66.5038
1157	66.1989	66.3431
1158	66.1989	66.279
1159	66.1989	66.2002
1160	66.1989	66.2624
1161	66.1989	66.2009
1162	66.1989	66.1989
1163	66.1989	66.2374
1164	66.1989	66.2826
1165	66.1989	66.3565
1166	66.1989	66.3457
1167	66.1989	66.2779
1168	66.1989	66.1989
1169	66.1989	66.397
1170	66.1989	66.2098
1171	66.1989	66.2145
1172	66.1989	66.2219
1173	66.1989	66.2763
1174	66.1989	66.1994
1175	66.1989	66.3214
1176	66.1989	66.3528
1177	66.1989	66.2234
1178	66.1989	66.2075
1179	66.1989	66.2304
1180	66.1989	66.199
1181	66.1989	66.1989
1182	66.1989	66.2164
1183	66.1989	66.1989
1184	66.1989	66.1989
1185	66.1989	66.1989
1186	66.1989	66.2179
1187	66.1989	66.2107
1188	66.1989	66.1989
1189	66.1989	66.1989
1190	66.1989	66.5207
1191	66.1989	66.2967
1192	66.1989	66.2239
1193	66.1989	66.2198
1194	66.1989	66.1989
1195	66.1989	66.1989
1196	66.1989	66.2333
1197	66.1989	66.3482
1198	66.1989	66.3216
1199	66.1989	66.2261
1200	66.1989	66.2348
1201	66.1989	66.2176
1202	66.1989	66.2164
1203	66.1989	66.1989
1204	66.1989	66.2453
1205	66.1989	66.302
1206	66.1989	66.2033
1207	66.1989	66.304
1208	66.1989	66.3202
1209	66.1989	66.2518
1210	66.1989	66.5057
1211	66.1989	66.2713
1212	66.1989	66.4482
1213	66.1989	66.4837
1214	66.1989	66.251
1215	66.1989	66.2583
1216	66.1989	66.3272
1217	66.1989	66.4433
1218	66.1989	66.4184
1219	66.1989	66.2821
1220	66.1989	66.3602
1221	66.1989	66.208
1222	66.1989	66.3138
1223	66.1989	66.3228
1224	66.1989	66.4196
1225	66.1989	66.499
1226	66.1989	66.3094
1227	66.1989	66.2314
1228	66.1989	66.2785
1229	66.1989	66.2277
1230	66.1989	66.1989
1231	66.1989	66.1989
1232	66.1989	66.2312
1233	66.1989	66.4022
1234	66.1989	66.4152
1235	66.1989	66.2613
1236	66.1989	66.2904
1237	66.1989	66.1989
1238	66.1989	66.2068
1239	66.1989	66.1989
1240	66.1989	66.1989
1241	66.1989	66.199
1242	66.1989	66.2209
1243	66.1989	66.2002
1244	66.1989	66.21
1245	66.1989	66.2392
1246	66.1989	66.2719
1247	66.1989	66.2084
1248	66.1989	66.1989
1249	66.1989	66.1989
1250	66.1989	66.1989
1251	66.1989	66.1989
1252	66.1989	66.2187
1253	66.1989	66.1989
1254	66.1989	66.1989
1255	66.1989	66.2735
1256	66.1989	66.4174
1257	66.1989	66.3515
1258	66.1989	66.3009
1259	66.1989	66.2843
1260	66.1989	66.4962
1261	66.1989	66.404
1262	66.1989	66.2241
1263	66.1989	66.2098
1264	66.1989	66.1989
1265	66.1989	66.2427
1266	66.1989	66.2269
1267	66.1989	66.3019
1268	66.1989	66.2977
1269	66.1989	66.3967
1270	66.1989	66.2701
1271	66.1989	66.248
1272	66.1989	66.2318
1273	66.1989	66.1989
1274	66.1989	66.1989
1275	66.1989	66.2135
1276	66.1989	66.1989
1277	66.1989	66.2357
1278	66.1989	66.1989
1279	66.1989	66.1989
1280	66.1989	66.1989
1281	66.1989	66.2771
1282	66.1989	66.2078
1283	66.1989	66.2419
1284	66.1989	66.2724
1285	66.1989	66.1989
1286	66.1989	66.1989
1287	66.1989	66.1989
1288	66.1989	66.213
1289	66.1989	66.2634
1290	66.1989	66.2182
1291	66.1989	66.2198
1292	66.1989	66.1989
1293	66.1989	66.1989
1294	66.1989	66.1989
1295	66.1989	66.2276
1296	66.1989	66.2037
1297	66.1989	66.641
1298	66.1989	66.6296
1299	66.1989	66.2509
1300	66.1989	66.3012
1301	66.1989	66.3665
1302	66.1989	66.3075
1303	66.1989	66.3322
1304	66.1989	66.223
1305	66.1989	66.3427
1306	66.1989	66.2819
1307	66.1989	66.3399
1308	66.1989	66.4462
1309	66.1989	66.2008
1310	66.1989	66.1989
1311	66.1989	66.2234
1312	66.1989	66.1989
1313	66.1989	66.1989
1314	66.1989	66.2064
1315	66.1989	66.1989
1316	66.1989	66.1989
1317	66.1989	66.2228
1318	66.1989	66.335
1319	66.1989	66.3004
1320	66.1989	66.2366
1321	66.1989	66.3267
1322	66.1989	66.215
1323	66.1989	66.2239
1324	66.1989	66.2385
1325	66.1989	66.3996
1326	66.1989	66.2693
1327	66.1989	66.5364
1328	66.1989	66.5772
1329	66.1989	66.4079
1330	66.1989	66.2851
1331	66.1989	66.3364
1332	66.1989	66.3125
1333	66.1989	66.359
1334	66.1989	66.3227
1335	66.1989	66.2558
1336	66.1989	66.1989
1337	66.1989	66.2318
1338	66.1989	66.1989
1339	66.1989	66.2161
1340	66.1989	66.3912
1341	66.1989	66.5279
1342	66.1989	66.2374
1343	66.1989	66.2292
1344	66.1989	66.1989
1345	66.1989	66.2134
1346	66.1989	66.258
1347	66.1989	66.4715
1348	66.1989	66.2539
1349	66.1989	66.3703
1350	66.1989	66.2503
1351	66.1989	66.2047
1352	66.1989	66.2123
1353	66.1989	66.3343
1354	66.1989	66.2372
1355	66.1989	66.2892
1356	66.1989	66.1989
1357	66.1989	66.1989
1358	66.1989	66.3157
1359	66.1989	66.2079
1360	66.1989	66.1995
1361	66.1989	66.3814
1362	66.1989	66.2939
1363	66.1989	66.199
1364	66.1989	66.2124
1365	66.1989	66.216
1366	66.1989	66.2218
1367	66.1989	66.2142
1368	66.1989	66.204
1369	66.1989	66.1989
1370	66.1989	66.1989
1371	66.1989	66.2155
1372	66.1989	66.2203
1373	66.1989	66.2076
1374	66.1989	66.2027
1375	66.1989	66.2467
1376	66.1989	66.2119
1377	66.1989	66.2247
1378	66.1989	66.4092
1379	66.1989	66.2636
1380	66.0462	66.3448
1381	66.0462	66.5151
1382	66.0462	66.3958
1383	66.0462	66.1799
1384	66.0462	66.1674
1385	66.0462	66.1637
1386	66.0462	66.0932
1387	66.0462	66.1419
1388	66.0462	66.2331
1389	66.0462	66.3134
1390	66.0462	66.0462
1391	66.0462	66.0462
1392	66.0462	66.0462
1393	66.0462	66.0652
1394	66.0462	66.0551
1395	66.0462	66.0822
1396	66.0462	66.1248
1397	66.0462	66.0462
1398	66.0462	66.0926
1399	66.0462	66.1913
1400	66.0462	66.0527
1401	66.0462	66.0756
1402	66.0462	66.0462
1403	66.0462	66.0478
1404	66.0462	66.1263
1405	66.0462	66.1745
1406	66.0462	66.1969
1407	66.0462	66.0754
1408	66.0462	66.1108
1409	66.0462	66.244
1410	66.0462	66.0774
1411	66.0462	66.0462
1412	66.0462	66.0462
1413	66.0462	66.0462
1414	66.0462	66.0501
1415	66.0462	66.0715
1416	66.0462	66.0462
1417	66.0462	66.151
1418	66.0462	66.134
1419	66.0462	66.0462
1420	66.0462	66.0462
1421	66.0462	66.0462
1422	66.0462	66.0462
1423	66.0462	66.0462
1424	66.0462	66.0462
1425	66.0462	66.0939
1426	66.0462	66.0906
1427	66.0462	66.0462
1428	66.0462	66.0462
1429	66.0462	66.0462
1430	66.0462	66.0869
1431	66.0462	66.0678
1432	66.0462	66.073
1433	66.0462	66.1245
1434	66.0462	66.1179
1435	66.0462	66.0845
1436	66.0462	66.0565
1437	66.0462	66.059
1438	66.0462	66.0563
1439	66.0462	66.0635
1440	66.0462	66.1043
1441	66.0462	66.0617
1442	66.0462	66.0514
1443	66.0462	66.3311
1444	66.0462	66.2884
1445	66.0462	66.1428
1446	66.0462	66.186
1447	66.0462	66.1586
1448	66.0462	66.0632
1449	66.0462	66.077
1450	66.0462	66.0568
1451	66.0462	66.0547
1452	66.0462	66.1595
1453	66.0462	66.1113
1454	66.0462	66.0786
1455	66.0462	66.0462
1456	66.0462	66.0462
1457	66.0462	66.0462
1458	66.0462	66.0536
1459	66.0462	66.0462
1460	66.0462	66.0462
1461	66.0462	66.0484
1462	66.0462	66.0462
1463	66.0462	66.0462
1464	66.0462	66.1691
1465	66.0462	66.0688
1466	66.0462	66.2446
1467	66.0462	66.202
1468	66.0462	66.1978
1469	66.0462	66.0884
1470	66.0462	66.0635
1471	66.0462	66.0462
1472	66.0462	66.0462
1473	66.0462	66.0992
1474	66.0462	66.3498
1475	66.0462	66.2366
1476	66.0462	66.2254
1477	66.0462	66.0958
1478	66.0462	66.2443
1479	66.0462	66.1741
1480	66.0462	66.0462
1481	66.0462	66.1707
1482	66.0462	66.0623
1483	66.0462	66.0564
1484	66.0462	66.1039
1485	66.0462	66.3392
1486	66.0462	66.2106
1487	66.0462	66.0493
1488	66.0462	66.0847
1489	66.0462	66.1238
1490	66.0462	66.0871
1491	66.0462	66.0911
1492	66.0462	66.1022
1493	66.0462	66.0746
1494	66.0462	66.0571
1495	66.0462	66.0462
1496	66.0462	66.0462
1497	66.0462	66.0462
1498	66.0462	66.1004
1499	66.0462	66.268
1500	66.0462	66.1126
1501	66.0462	66.0935
1502	66.0462	66.1636
1503	66.0462	66.1503
1504	66.0462	66.0468
1505	66.0462	66.0467
1506	66.0462	66.0746
1507	66.0462	66.1828
1508	66.0462	66.0604
1509	66.0462	66.1776
1510	66.0462	66.0831
1511	66.0462	66.0707
1512	66.0462	66.0529
1513	66.0462	66.0705
1514	66.0462	66.4013
1515	66.0462	66.4003
1516	66.0462	66.2375
1517	66.0462	66.1192
1518	66.0462	66.2429
1519	66.0462	66.0462
1520	66.0462	66.0462
1521	66.0462	66.0462
1522	66.0462	66.0462
1523	66.0462	66.0462
1524	66.0462	66.0462
1525	66.0462	66.0723
1526	66.0462	66.1035
1527	66.0462	66.0992
1528	66.0462	66.0656
1529	66.0462	66.0843
1530	66.0462	66.0527
1531	66.0462	66.0849
1532	66.0462	66.2023
1533	66.0462	66.1148
1534	66.0462	66.0495
1535	66.0462	66.0719
1536	66.0462	66.0462
1537	66.0462	66.0546
1538	66.0462	66.0705
1539	66.0462	66.0516
1540	66.0462	66.0643
1541	66.0462	66.0462
1542	66.0462	66.0697
1543	66.0462	66.1772
1544	66.0462	66.2275
1545	66.0462	66.1703
1546	66.0462	66.1439
1547	66.0462	66.0644
1548	66.0462	66.2098
1549	66.0462	66.3051
1550	66.0462	66.0618
1551	66.0462	66.0462
1552	66.0462	66.0462
1553	66.0462	66.0462
1554	66.0462	66.0797
1555	66.0462	66.1816
1556	66.0462	66.0766
1557	66.0462	66.439
1558	66.0462	66.1438
1559	66.0462	66.0646
1560	66.0462	66.1359
1561	66.0462	66.1957
1562	66.0462	66.1829
1563	66.0462	66.0462
1564	66.0462	66.0462
1565	66.0462	66.0462
1566	66.0462	66.0914
1567	66.0462	66.0694
1568	66.0462	66.0786
1569	66.0462	66.1162
1570	66.0462	66.0739
1571	66.0462	66.1203
1572	66.0462	66.1647
1573	66.0462	66.2809
1574	66.0462	66.1354
1575	66.0462	66.0462
1576	66.0462	66.0462
1577	66.0462	66.0491
1578	66.0462	66.0462
1579	66.0462	66.0462
1580	66.0462	66.0466
1581	66.0462	66.0772
1582	66.0462	66.1113
1583	66.0462	66.0469
1584	65.657	66.0804
1585	65.657	65.9806
1586	65.657	65.9836
1587	65.657	65.8439
1588	65.657	66.1404
1589	65.657	65.9471
1590	65.657	65.7413
1591	65.657	65.7688
1592	65.657	65.7985
1593	65.657	65.9911
1594	65.657	65.9639
1595	65.657	65.7355
1596	65.657	65.657
1597	65.657	65.6648
1598	65.657	65.7034
1599	65.657	65.8928
1600	65.657	65.7439
1601	65.657	65.6789
1602	65.657	65.6601
1603	65.657	65.6852
1604	65.657	65.7531
1605	65.657	65.8366
1606	65.657	65.7837
1607	65.657	65.7585
1608	65.657	65.7306
1609	65.657	65.7097
1610	65.657	65.8631
1611	65.657	65.6973
1612	65.657	65.6981
1613	65.657	65.6749
1614	65.657	65.6999
1615	65.657	65.7143
1616	65.657	65.657
1617	65.657	65.657
1618	65.657	65.6683
1619	65.657	65.657
1620	65.657	65.721
1621	65.657	65.7633
1622	65.657	65.657
1623	65.657	65.657
1624	65.657	65.6644
1625	65.657	65.6701
1626	65.657	65.6778
1627	65.657	65.7246
1628	65.657	65.657
1629	65.657	65.7665
1630	65.657	65.7606
1631	65.657	65.666
1632	65.657	65.6861
1633	65.657	65.657
1634	65.657	65.7514
1635	65.657	65.698
1636	65.657	65.657
1637	65.657	65.6859
1638	65.657	65.7046
1639	65.657	65.6753
1640	65.657	65.657
1641	65.657	65.7821
1642	65.657	65.7054
1643	65.657	65.6631
1644	65.657	65.6586
1645	65.657	65.6577
1646	65.657	65.8341
1647	65.657	65.6879
1648	65.657	65.657
1649	65.657	65.6879
1650	65.657	65.7371
1651	65.657	65.8916
1652	65.657	65.6576
1653	65.657	65.657
1654	65.657	65.657
1655	65.657	65.6655
1656	65.657	65.657
1657	65.657	65.7625
1658	65.657	65.7209
1659	65.657	65.657
1660	65.657	65.6838
1661	65.657	65.7019
1662	65.657	65.7815
1663	65.657	65.9199
1664	65.657	65.75
1665	65.657	65.6984
1666	65.657	65.7077
1667	65.657	65.6695
1668	65.657	65.7194
1669	65.657	65.9701
1670	65.657	65.7264
1671	65.657	65.657
1672	65.657	65.7328
1673	65.657	65.6834
1674	65.657	65.7421
1675	65.657	65.7406
1676	65.657	65.7388
1677	65.657	65.7206
1678	65.657	65.8483
1679	65.657	65.7645
1680	65.657	65.657
1681	65.657	65.657
1682	65.657	65.7507
1683	65.657	65.657
1684	65.657	65.7473
1685	65.657	65.6745
1686	65.657	65.7414
1687	65.657	65.657
1688	65.657	65.657
1689	65.657	65.6579
1690	65.657	65.7056
1691	65.657	65.667
1692	65.657	65.6923
1693	65.657	65.6859
1694	65.657	65.7312
1695	65.657	65.6804
1696	65.657	65.6606
1697	65.657	65.7288
1698	65.657	65.6679
1699	65.657	65.7398
1700	65.657	65.6674
1701	65.657	65.7795
1702	65.657	65.7051
1703	65.657	65.8373
1704	65.657	65.6899
1705	65.657	65.785
1706	65.657	65.6832
1707	65.657	65.657
1708	65.657	65.6608
1709	65.657	65.657
1710	65.657	65.657
1711	65.657	65.657
1712	65.657	65.7253
1713	65.657	65.6871
1714	65.657	65.7196
1715	65.657	65.9281
1716	65.657	65.6909
1717	65.657	65.657
1718	65.657	65.657
1719	65.657	65.7203
1720	65.657	65.6749
1721	65.657	65.6851
1722	65.657	65.6579
1723	65.657	65.6984
1724	65.657	65.6809
1725	65.657	65.6922
1726	65.657	65.657
1727	65.657	65.657
1728	65.657	65.657
1729	65.657	65.6979
1730	65.657	65.7015
1731	65.657	65.6892
1732	65.657	65.6919
1733	65.657	65.6753
1734	65.657	65.8693
1735	65.657	65.7946
1736	65.657	65.8973
1737	65.657	65.9401
1738	65.657	65.7839
1739	65.657	65.8758
1740	65.657	65.9961
1741	65.657	65.8571
1742	65.657	65.7865
1743	65.657	65.79
1744	65.657	65.7382
1745	65.657	65.7376
1746	65.657	65.7554
1747	65.657	65.7432
1748	65.657	65.7763
1749	65.657	65.8215
1750	65.657	65.8586
1751	65.657	65.7189
1752	65.657	65.6839
1753	65.657	65.6765
1754	65.657	65.7985
1755	65.657	65.7966
1756	65.657	65.6721
1757	65.657	65.6894
1758	65.657	65.6955
1759	65.657	65.7325
1760	65.657	65.657
1761	65.657	65.6936
1762	65.657	65.8033
1763	65.657	65.657
1764	65.657	65.8052
1765	65.657	65.7059
1766	65.657	65.8556
1767	65.657	65.9201
1768	65.657	65.8898
1769	65.657	65.6794
1770	65.657	65.657
1771	65.657	65.696
1772	65.657	65.7161
1773	65.657	65.672
1774	65.657	65.657
1775	65.657	65.657
1776	65.657	65.657
1777	65.657	65.657
1778	65.657	65.7395
1779	65.657	65.7212
1780	65.657	65.745
1781	65.657	65.8656
1782	65.657	65.7372
1783	65.657	65.6629
1784	65.657	65.7192
1785	65.657	65.6679
1786	65.657	65.705
1787	65.657	65.7866
1788	65.657	65.6753
1789	65.657	65.7294
1790	65.657	65.8264
1791	65.657	65.657
1792	65.657	65.657
1793	65.657	65.657
1794	65.657	65.66
1795	65.657	65.6731
1796	65.657	65.7733
1797	65.657	65.8801
1798	65.657	65.7688
1799	65.657	65.6673
1800	65.657	65.6998
1801	65.657	65.6762
1802	65.657	65.872
1803	65.657	65.7418
1804	65.657	65.6965
1805	65.657	65.7243
1806	65.657	65.6594
1807	65.657	65.7304
1808	65.657	65.7556
1809	65.657	65.6951
1810	65.657	65.657
1811	65.657	65.657
1812	65.657	65.657
1813	65.657	65.657
1814	65.657	65.8374
1815	65.657	65.8367
1816	65.657	65.6746
1817	65.657	65.6584
1818	65.657	65.657
1819	65.657	65.657
1820	65.657	65.657
1821	65.657	65.657
1822	65.657	65.6866
1823	65.657	65.6692
1824	65.657	65.6638
1825	65.657	65.7446
1826	65.657	65.657
1827	65.657	65.657
1828	65.657	65.657
1829	65.657	65.657
1830	65.657	65.7111
1831	65.657	65.6823
1832	65.657	65.6614
1833	65.657	65.657
1834	65.657	65.6816
1835	65.657	65.6837
1836	65.657	65.731
1837	65.657	65.6851
1838	65.657	65.707
1839	65.657	65.7906
1840	65.657	65.6799
1841	65.657	65.7173
1842	65.657	65.6619
1843	65.657	65.6663
1844	65.657	65.7094
1845	65.657	65.657
1846	65.657	65.657
1847	65.657	65.7027
1848	65.657	65.6716
1849	65.657	65.7538
1850	65.657	65.7097
1851	65.657	65.657
1852	65.657	65.657
1853	65.657	65.7582
1854	65.657	65.7884
1855	65.657	65.6586
1856	65.657	65.8055
1857	65.657	65.6877
1858	65.657	65.657
1859	65.657	65.657
1860	65.657	65.6613
1861	65.657	65.657
1862	65.657	65.7323
1863	65.657	65.6759
1864	65.657	65.7231
1865	65.657	65.6619
1866	65.657	65.7322
1867	65.657	65.8101
1868	65.657	65.7272
1869	65.657	65.657
1870	65.657	65.657
1871	65.657	65.6791
1872	65.657	65.657
1873	65.657	65.684
1874	65.657	65.6586
1875	65.657	65.7162
1876	65.657	65.6574
1877	65.657	65.7605
1878	65.657	65.657
1879	65.657	65.657
1880	65.657	65.6734
1881	65.657	65.9211
1882	65.657	65.735
1883	65.657	65.6618
1884	65.657	65.7029
1885	65.657	65.657
1886	65.657	65.6869
1887	65.657	65.6602
1888	65.657	65.7442
1889	65.657	65.7389
1890	65.657	65.6586
1891	65.657	65.657
1892	65.657	65.6692
1893	65.657	65.657
1894	65.657	65.657
1895	65.657	65.657
1896	65.657	65.657
1897	65.657	65.7106
1898	65.657	65.6682
1899	65.657	65.6622
1900	65.657	65.6641
1901	65.657	65.7149
1902	65.657	65.657
1903	65.657	65.6598
1904	65.657	65.657
1905	65.657	65.701
1906	65.657	65.6977
1907	65.657	65.657
1908	65.657	65.657
1909	65.657	65.6946
1910	65.657	65.6659
1911	65.657	65.7249
1912	65.657	65.6593
1913	65.657	65.6635
1914	65.657	65.657
1915	65.657	65.657
1916	65.657	65.657
1917	65.657	65.6896
1918	65.657	65.7214
1919	65.657	65.7385
1920	65.657	65.666
1921	65.657	65.7768
1922	65.657	65.7619
1923	65.657	65.657
1924	65.657	65.7355
1925	65.657	65.657
1926	65.657	65.6748
1927	65.657	65.657
1928	65.657	65.657
1929	65.657	65.657
1930	65.657	65.7727
1931	65.657	65.7445
1932	65.657	65.7626
1933	65.657	65.658
1934	65.657	65.6842
1935	65.657	65.657
1936	65.657	65.6582
1937	65.657	65.8182
1938	65.657	65.7378
1939	65.657	65.7164
1940	65.657	65.657
1941	65.657	65.8277
1942	65.657	65.9301
1943	65.657	65.7885
1944	65.657	66.1579
1945	65.657	65.9603
1946	65.657	65.674
1947	65.657	65.6594
1948	65.657	65.66
1949	65.657	65.6788
1950	65.657	65.6887
1951	65.657	66.0088
1952	65.657	65.715
1953	65.657	65.7352
1954	65.657	65.8794
1955	65.657	65.8697
1956	65.657	65.7257
1957	65.657	65.6602
1958	65.657	65.657
1959	65.657	65.657
1960	65.657	65.6959
1961	65.657	65.657
1962	65.657	65.657
1963	65.657	65.657
1964	65.657	65.6579
1965	65.657	65.6849
1966	65.657	65.8234
1967	65.657	65.8339
1968	65.657	65.8152
1969	65.657	65.8768
1970	65.657	65.7637
1971	65.657	65.7032
1972	65.657	65.7239
1973	65.657	65.681
1974	65.657	65.7062
1975	65.657	65.7928
1976	65.657	65.6595
1977	65.657	65.657
1978	65.657	65.6662
1979	65.657	65.657
1980	65.657	65.6625
1981	65.657	65.657
1982	65.657	65.657
1983	65.657	65.657
1984	65.657	65.6604
1985	65.657	65.6746
1986	65.657	65.7042
1987	65.657	65.7643
1988	65.657	65.75
1989	65.657	65.7858
1990	65.657	65.8382
1991	65.657	65.8104
1992	65.657	65.884
1993	65.657	65.8308
1994	65.657	65.9206
1995	65.657	65.7831
1996	65.657	65.8972
1997	65.657	65.7288
1998	65.657	65.6769
1999	65.657	65.771
2000	65.657	66.0972
2001	65.657	65.6825
2002	65.657	65.66
2003	65.657	65.657
2004	65.657	65.657
2005	65.657	65.657
2006	65.657	65.6735
2007	65.657	65.657
2008	65.657	65.657
2009	65.657	65.657
2010	65.657	65.657
2011	65.657	65.657
2012	65.657	65.657
2013	65.657	65.6769
2014	65.657	65.7375
2015	65.657	65.7116
2016	65.657	65.6659
2017	65.657	65.6861
2018	65.657	65.7584
2019	65.657	65.8245
2020	65.657	65.739
2021	65.657	65.7252
2022	65.657	65.7118
2023	65.657	65.657
2024	65.657	65.7879
2025	65.657	65.8506
2026	65.657	65.6747
2027	65.657	65.709
2028	65.657	65.657
2029	65.657	65.7369
2030	65.657	65.6886
2031	65.657	65.657
2032	65.657	65.657
2033	65.657	65.6766
2034	65.657	65.657
2035	65.657	65.657
2036	65.657	65.6614
2037	65.657	65.7309
2038	65.657	65.9773
2039	65.657	65.7781
2040	65.657	65.7701
2041	65.657	65.657
2042	65.657	65.657
2043	65.657	65.6588
2044	65.657	65.6621
2045	65.657	65.657
2046	65.657	65.6719
2047	65.657	65.657
2048	65.657	65.7232
2049	65.657	65.657
2050	65.657	65.657
2051	65.657	65.657
2052	65.657	65.683
2053	65.657	65.6732
2054	65.657	65.7037
2055	65.657	65.6908
2056	65.657	65.657
2057	65.657	65.6968
2058	65.657	65.7858
2059	65.657	65.9674
2060	65.657	65.7447
2061	65.657	65.6639
2062	65.657	65.6913
2063	65.657	65.8283
2064	65.657	65.657
2065	65.657	65.657
2066	65.657	65.7182
2067	65.657	65.7782
2068	65.657	65.7935
2069	65.657	65.875
2070	65.657	65.7356
2071	65.657	65.6727
2072	65.657	65.6731
2073	65.657	65.7235
2074	65.657	65.6776
2075	65.657	65.6905
2076	65.657	65.6574
2077	65.657	65.6984
2078	65.657	65.6713
2079	65.657	65.6664
2080	65.657	65.683
2081	65.657	65.6629
2082	65.657	65.7282
2083	65.657	65.6602
2084	65.657	65.7584
2085	65.657	65.657
2086	65.657	65.6604
2087	65.657	65.657
2088	65.657	65.657
2089	65.657	65.657
2090	65.657	65.657
2091	65.657	65.7458
2092	65.657	65.6907
2093	65.657	65.8344
2094	65.657	65.657
2095	65.657	65.6794
2096	65.657	65.6939
2097	65.657	65.657
2098	65.657	65.6731
2099	65.657	65.6877
2100	65.657	65.6728
2101	65.657	65.657
2102	65.657	65.657
2103	65.657	65.657
2104	65.657	65.657
2105	65.657	65.661
2106	65.657	65.657
2107	65.657	65.6722
2108	65.657	65.7788
2109	65.657	65.6698
2110	65.657	65.7539
2111	65.657	65.6895
2112	65.657	66.0053
2113	65.657	65.7196
2114	65.657	65.7345
2115	65.657	65.7893
2116	65.657	65.7113
2117	65.657	65.6813
2118	65.657	65.657
2119	65.657	65.6611
2120	65.657	65.7824
2121	65.657	65.7434
2122	65.657	65.657
2123	65.657	65.657
2124	65.657	65.657
2125	65.657	65.657
2126	65.657	65.657
2127	65.657	65.6867
2128	65.657	65.657
2129	65.657	65.657
2130	65.657	65.657
2131	65.657	65.6745
2132	65.657	65.847
2133	65.657	65.7782
2134	65.657	65.7087
2135	65.657	65.8066
2136	65.657	65.7323
2137	65.657	65.7887
2138	65.657	65.8467
2139	65.657	66.0418
2140	65.657	65.6787
2141	65.657	65.68
2142	65.657	65.657
2143	65.657	65.6647
2144	65.657	65.6887
2145	65.657	65.7749
2146	65.657	65.657
2147	65.657	65.715
2148	65.657	65.7354
2149	65.657	65.7666
2150	65.657	65.9828
2151	65.657	65.7728
2152	65.657	65.6658
2153	65.657	65.657
2154	65.657	65.657
2155	65.657	65.657
2156	65.657	65.7214
2157	65.657	65.7709
2158	65.657	65.6617
2159	65.657	65.7023
2160	65.657	65.8288
2161	65.657	65.657
2162	65.657	65.659
2163	65.657	65.7835
2164	65.657	65.7085
2165	65.657	65.6767
2166	65.657	65.657
2167	65.657	65.657
2168	65.657	65.6982
2169	65.657	65.877
2170	65.657	65.6964
2171	65.657	65.6912
2172	65.657	65.686
2173	65.657	65.657
2174	65.657	65.657
2175	65.657	65.657
2176	65.657	65.657
2177	65.657	65.6574
2178	65.657	65.6652
2179	65.657	65.6613
2180	65.657	65.657
2181	65.657	65.657
2182	65.657	65.7692
2183	65.657	65.657
2184	65.657	65.657
2185	65.657	65.6717
2186	65.657	65.657
2187	65.657	65.6589
2188	65.657	65.657
2189	65.657	65.657
2190	65.657	65.6774
2191	65.657	65.6641
2192	65.657	65.657
2193	65.657	65.6619
2194	65.657	65.657
2195	65.657	65.657
2196	65.657	65.657
2197	65.657	65.6647
2198	65.657	65.6765
2199	65.657	65.7472
2200	65.657	65.7181
2201	65.657	65.6581
2202	65.657	65.6757
2203	65.657	65.657
2204	65.657	65.7313
2205	65.657	65.7403
2206	65.657	65.8798
2207	65.657	65.8492
2208	65.657	65.8924
2209	65.657	65.6986
2210	65.657	65.657
2211	65.657	65.7239
2212	65.657	65.8182
2213	65.657	65.7895
2214	65.657	65.6572
2215	65.657	65.785
2216	65.657	65.7408
2217	65.657	65.8534
2218	65.657	65.8498
2219	65.657	65.8039
2220	65.657	65.657
2221	65.657	65.7893
2222	65.657	65.7288
2223	65.657	65.7563
2224	65.657	65.6947
2225	65.657	65.6662
2226	65.657	65.7215
2227	65.657	65.657
2228	65.657	65.6786
2229	65.657	65.6672
2230	65.657	65.744
2231	65.657	65.7794
2232	65.657	65.6634
2233	65.657	65.657
2234	65.657	65.6574
2235	65.657	65.657
2236	65.657	65.828
2237	65.657	65.8374
2238	65.657	65.7919
2239	65.657	65.813
2240	65.657	65.657
2241	65.657	65.7265
2242	65.657	65.6939
2243	65.657	65.942
2244	65.657	65.7422
2245	65.657	65.657
2246	65.657	65.717
2247	65.657	65.6846
2248	65.657	65.657
2249	65.657	65.6843
2250	65.657	65.6875
2251	65.657	65.6771
2252	65.657	65.657
2253	65.657	65.8621
2254	65.657	65.6625
2255	65.657	65.7223
2256	65.657	65.6633
2257	65.657	65.657
2258	65.657	65.657
2259	65.657	65.657
2260	65.657	65.657
2261	65.657	65.7278
2262	65.657	65.732
2263	65.657	65.6818
2264	65.657	65.6658
2265	65.657	65.6965
2266	65.657	65.702
2267	65.657	65.657
2268	65.657	65.7721
2269	65.657	65.8902
2270	65.657	65.9012
2271	65.657	65.723
2272	65.657	65.657
2273	65.657	65.657
2274	65.657	65.6841
2275	65.657	65.657
2276	65.657	65.657
2277	65.657	65.657
2278	65.657	65.657
2279	65.657	65.681
2280	65.657	65.6699
2281	65.657	65.6598
2282	65.657	65.6598
2283	65.657	65.657
2284	65.657	65.6883
2285	65.657	65.6726
2286	65.657	65.6739
2287	65.657	65.797
2288	65.657	65.657
2289	65.657	65.657
2290	65.657	65.6646
2291	65.657	65.657
2292	65.657	65.657
2293	65.657	65.6593
2294	65.657	65.7822
2295	65.657	65.8508
2296	65.657	65.8935
2297	65.657	65.6817
2298	65.657	65.7108
2299	65.657	65.6752
2300	65.657	65.8804
2301	65.657	65.8158
2302	65.657	65.657
2303	65.657	65.657
2304	65.657	65.657
2305	65.657	65.8032
2306	65.657	65.754
2307	65.657	65.8842
2308	65.657	65.6932
2309	65.657	65.7393
2310	65.657	65.7507
2311	65.657	65.7509
2312	65.657	65.6585
2313	65.657	65.6966
2314	65.657	65.6941
2315	65.657	65.6792
2316	65.657	65.7192
2317	65.657	65.657
2318	65.657	65.702
2319	65.657	65.8226
2320	65.657	65.7585
2321	65.657	65.657
2322	65.657	65.657
2323	65.657	65.7978
2324	65.657	65.9915
2325	65.657	65.6947
2326	65.657	65.6802
2327	65.657	65.6903
2328	65.657	65.657
2329	65.657	65.657
2330	65.657	65.657
2331	65.657	65.657
2332	65.657	65.6575
2333	65.657	65.7083
2334	65.657	65.657
2335	65.657	65.6999
2336	65.657	65.7094
2337	65.657	65.784
2338	65.657	65.6995
2339	65.657	65.6962
2340	65.657	65.7133
2341	65.657	65.7366
2342	65.657	65.7034
2343	65.657	65.7143
2344	65.657	65.7543
2345	65.657	65.6637
2346	65.657	65.6978
2347	65.657	65.657
2348	65.657	65.6827
2349	65.657	65.685
2350	65.657	65.657
2351	65.657	65.657
2352	65.657	65.657
2353	65.657	65.6573
2354	65.657	65.658
2355	65.657	66.0071
2356	65.657	65.7348
2357	65.657	65.7054
2358	65.657	65.657
2359	65.657	65.8326
2360	65.657	65.7206
2361	65.657	65.6866
2362	65.657	65.7503
2363	65.657	65.8501
2364	65.657	65.657
2365	65.657	65.6657
2366	65.657	65.657
2367	65.657	65.7028
2368	65.657	65.657
2369	65.657	65.657
2370	65.657	65.657
2371	65.657	65.6604
2372	65.657	65.657
2373	65.657	65.657
2374	65.657	65.657
2375	65.657	65.7242
2376	65.657	65.6577
2377	65.657	65.657
2378	65.657	65.657
2379	65.657	65.657
2380	65.657	65.657
2381	65.657	65.6823
2382	65.657	65.7422
2383	65.657	65.7365
2384	65.657	65.7422
2385	65.657	65.9277
2386	65.657	65.7324
2387	65.657	65.7368
2388	65.657	65.9256
2389	65.657	65.9476
2390	65.657	65.7654
2391	65.657	65.8059
2392	65.657	65.6714
2393	65.657	65.6619
2394	65.657	65.665
2395	65.657	65.673
2396	65.657	65.7318
2397	65.657	65.657
2398	65.657	65.6594
2399	65.657	65.7592
2400	65.657	65.7462
2401	65.657	65.6832
2402	65.657	65.7103
2403	65.657	65.657
2404	65.657	65.7641
2405	65.657	65.7445
2406	65.657	65.657
2407	65.657	65.6826
2408	65.657	65.6629
2409	65.657	65.7157
2410	65.657	65.8454
2411	65.657	66.0835
2412	65.657	65.7749
2413	65.657	65.7754
2414	65.657	65.8119
2415	65.657	65.657
2416	65.657	65.7093
2417	65.657	65.6854
2418	65.657	65.6738
2419	65.657	65.657
2420	65.657	65.6629
2421	65.657	65.657
2422	65.657	65.7376
2423	65.657	65.657
2424	65.657	65.657
2425	65.657	65.6951
2426	65.657	65.6691
2427	65.657	65.6871
2428	65.657	65.657
2429	65.657	65.657
2430	65.657	65.6574
2431	65.657	65.6654
2432	65.657	65.657
2433	65.657	65.6866
2434	65.657	65.657
2435	65.657	65.657
2436	65.657	65.657
2437	65.657	65.699
2438	65.657	65.6889
2439	65.657	65.7075
2440	65.657	65.781
2441	65.657	65.8075
2442	65.657	65.8595
2443	65.657	65.9591
2444	65.657	65.6665
2445	65.657	65.7442
2446	65.657	65.7162
2447	65.657	65.657
2448	65.657	65.7024
2449	65.657	65.8959
2450	65.657	65.7678
2451	65.657	65.7992
2452	65.657	65.6987
2453	65.657	65.8267
2454	65.657	65.7141
2455	65.657	65.8036
2456	65.657	65.7427
2457	65.657	65.7677
2458	65.657	65.8343
2459	65.657	65.6659
2460	65.657	65.8489
2461	65.657	65.6666
2462	65.657	65.7979
2463	65.657	65.7407
2464	65.657	65.8059
2465	65.657	65.7867
2466	65.657	65.657
2467	65.657	65.657
2468	65.657	65.7199
2469	65.657	65.6764
2470	65.657	65.657
2471	65.657	65.657
2472	65.657	65.6628
2473	65.657	65.657
2474	65.657	65.657
2475	65.657	65.6623
2476	65.657	65.6941
2477	65.657	65.6612
2478	65.657	65.6907
2479	65.657	65.657
2480	65.657	65.657
2481	65.657	65.657
2482	65.657	65.7147
2483	65.657	65.657
2484	65.657	65.657
2485	65.657	65.657
2486	65.657	65.7626
2487	65.657	65.704
2488	65.657	65.7
2489	65.657	65.7804
2490	65.657	65.7054
2491	65.657	65.657
2492	65.657	65.657
2493	65.657	65.657
2494	65.657	65.657
2495	65.657	65.7023
2496	65.657	65.6856
2497	65.657	65.6925
2498	65.657	65.657
2499	65.657	65.657
2500	65.657	65.6744
2501	65.657	65.6695
2502	65.657	65.657
2503	65.657	65.6813
2504	65.657	65.6788
2505	65.657	65.7413
2506	65.657	65.657
2507	65.657	65.657
2508	65.657	65.657
2509	65.657	65.6954
2510	65.657	65.7343
2511	65.657	65.666
2512	65.657	65.657
2513	65.657	65.6645
2514	65.657	65.6775
2515	65.657	65.6628
2516	65.657	65.7363
2517	65.657	65.9643
2518	65.657	66.045
2519	65.657	65.6576
2520	65.657	65.657
2521	65.657	65.7771
2522	65.657	65.757
2523	65.657	65.8707
2524	65.657	65.9038
2525	65.657	65.6832
2526	65.657	65.8727
2527	65.657	65.9846
2528	65.657	65.893
2529	65.657	65.7697
2530	65.657	65.9508
2531	65.657	65.8199
2532	65.657	65.6984
2533	65.657	65.6702
2534	65.657	65.6605
2535	65.657	65.657
2536	65.657	65.8041
2537	65.657	65.6806
2538	65.657	65.6814
2539	65.657	65.657
2540	65.657	65.6857
2541	65.657	65.6694
2542	65.657	65.827
2543	65.657	65.9388
2544	65.657	65.6874
2545	65.657	65.6718
2546	65.657	65.6976
2547	65.657	65.8585
2548	65.657	65.8555
2549	65.657	65.6985
2550	65.657	65.657
2551	65.657	65.6625
2552	65.657	65.6572
2553	65.657	65.7552
2554	65.657	65.8425
2555	65.657	65.7815
2556	65.657	65.8532
2557	65.657	65.73
2558	65.657	65.7271
2559	65.657	65.8353
2560	65.657	65.657
2561	65.657	65.6937
2562	65.657	65.7579
2563	65.657	65.9787
2564	65.657	65.7822
2565	65.657	65.672
2566	65.657	65.6606
2567	65.657	65.657
2568	65.657	65.7043
2569	65.657	65.657
2570	65.657	65.6583
2571	65.657	65.6676
2572	65.657	65.6766
2573	65.657	65.6574
2574	65.657	65.6979
2575	65.657	65.6683
2576	65.657	65.735
2577	65.657	65.6684
2578	65.657	65.6574
2579	65.657	65.6724
2580	65.657	65.657
2581	65.657	65.657
2582	65.657	65.657
2583	65.657	65.6635
2584	65.657	65.6834
2585	65.657	65.6573
2586	65.657	65.657
2587	65.657	65.6769
2588	65.657	65.6678
2589	65.657	65.9346
2590	65.657	65.7506
2591	65.657	65.7451
2592	65.657	65.6728
2593	65.657	65.6732
2594	65.657	65.657
2595	65.657	65.6704
2596	65.657	65.9967
2597	65.657	65.7732
2598	65.657	65.7336
2599	65.657	65.657
2600	65.657	65.6753
2601	65.657	65.6732
2602	65.657	65.657
2603	65.657	65.657
2604	65.657	65.6714
2605	65.657	65.657
2606	65.657	65.657
2607	65.657	65.7106
2608	65.657	65.6855
2609	65.657	65.657
2610	65.657	65.7285
2611	65.657	65.657
2612	65.657	65.6861
2613	65.657	65.9499
2614	65.657	65.684
2615	65.657	65.657
2616	65.657	65.6713
2617	65.657	65.7444
2618	65.657	65.657
2619	65.657	65.6605
2620	65.657	65.657
2621	65.657	65.7446
2622	65.657	65.792
2623	65.657	65.7119
2624	65.657	65.657
2625	65.657	65.657
2626	65.657	65.657
2627	65.657	65.6889
2628	65.657	65.7166
2629	65.657	65.657
2630	65.657	65.657
2631	65.657	65.6807
2632	65.657	65.7244
2633	65.657	65.7112
2634	65.657	65.657
2635	65.657	65.7617
2636	65.657	65.9317
2637	65.657	65.657
2638	65.657	65.6576
2639	65.657	65.7321
2640	65.657	65.8466
2641	65.657	65.6687
2642	65.657	65.657
2643	65.657	65.657
2644	65.657	65.7142
2645	65.657	65.704
2646	65.657	65.6653
2647	65.657	65.7241
2648	65.657	65.8276
2649	65.657	65.6735
2650	65.657	65.7397
2651	65.657	65.6644
2652	65.657	65.657
2653	65.657	65.657
2654	65.657	65.7128
2655	65.657	65.9037
2656	65.657	65.8016
2657	65.657	65.7648
2658	65.657	65.6611
2659	65.657	65.6608
2660	65.657	65.6658
2661	65.657	65.6664
2662	65.657	65.657
2663	65.657	65.6977
2664	65.657	65.657
2665	65.657	65.6782
2666	65.657	65.7526
2667	65.657	65.7875
2668	65.657	65.657
2669	65.657	65.6854
2670	65.657	65.657
2671	65.657	65.657
2672	65.657	65.657
2673	65.657	65.657
2674	65.657	65.657
2675	65.657	65.6812
2676	65.657	65.657
2677	65.657	65.657
2678	65.657	65.7022
2679	65.657	65.6767
2680	65.657	65.8148
2681	65.657	65.7498
2682	65.657	65.657
2683	65.657	65.6743
2684	65.657	65.693
2685	65.657	65.7604
2686	65.657	65.6827
2687	65.657	65.657
2688	65.657	65.657
2689	65.657	65.6597
2690	65.657	65.7451
2691	65.657	65.8896
2692	65.657	65.9286
2693	65.657	65.8201
2694	65.657	65.688
2695	65.657	65.6687
2696	65.657	65.657
2697	65.657	65.6571
2698	65.657	65.6616
2699	65.657	65.6603
2700	65.657	65.6665
2701	65.657	65.6603
2702	65.657	65.7427
2703	65.657	65.8392
2704	65.657	65.657
2705	65.657	65.657
2706	65.657	65.6623
2707	65.657	65.6743
2708	65.657	65.6936
2709	65.657	65.657
2710	65.657	65.6624
2711	65.657	65.7141
2712	65.657	65.7517
2713	65.657	65.6607
2714	65.657	65.657
2715	65.657	65.7355
2716	65.657	65.6718
2717	65.657	65.663
2718	65.657	65.7463
2719	65.657	65.6647
2720	65.657	65.7494
2721	65.657	65.6723
2722	65.657	65.7145
2723	65.657	65.7079
2724	65.657	65.6851
2725	65.657	65.7361
2726	65.657	65.6613
2727	65.657	65.66
2728	65.657	65.6829
2729	65.657	65.7327
2730	65.657	65.7108
2731	65.657	65.8983
2732	65.657	65.749
2733	65.657	65.8151
2734	65.657	65.7439
2735	65.657	65.657
2736	65.657	65.657
2737	65.657	65.678
2738	65.657	65.6761
2739	65.657	65.6625
2740	65.657	65.7478
2741	65.657	65.7713
2742	65.657	65.7552
2743	65.657	65.7038
2744	65.657	65.683
2745	65.657	65.7588
2746	65.657	65.7672
2747	65.657	65.6805
2748	65.657	65.7251
2749	65.657	65.7239
2750	65.657	65.7087
2751	65.657	65.873
2752	65.657	65.7378
2753	65.657	65.667
2754	65.657	65.6643
2755	65.657	65.6821
2756	65.657	65.6683
2757	65.657	65.7107
2758	65.657	65.8516
2759	65.657	65.7099
2760	65.657	65.7279
2761	65.657	65.6689
2762	65.657	65.8336
2763	65.657	65.6877
2764	65.657	65.7428
2765	65.657	65.8406
2766	65.657	65.687
2767	65.657	65.657
2768	65.657	65.6681
2769	65.657	65.6897
2770	65.657	65.675
2771	65.657	65.8552
2772	65.657	65.8956
2773	65.657	65.6838
2774	65.657	65.7069
2775	65.657	65.7651
2776	65.657	65.6962
2777	65.657	65.657
2778	65.657	65.6954
2779	65.657	65.7413
2780	65.657	65.6659
2781	65.657	65.657
2782	65.657	65.7189
2783	65.657	65.7628
2784	65.657	65.7391
2785	65.657	65.657
2786	65.657	65.657
2787	65.657	65.657
2788	65.657	65.6684
2789	65.657	65.657
2790	65.657	65.657
2791	65.657	65.7479
2792	65.657	65.7859
2793	65.657	65.8093
2794	65.657	65.657
2795	65.657	65.8273
2796	65.657	65.7371
2797	65.657	65.7419
2798	65.657	65.7389
2799	65.657	65.8585
2800	65.657	65.7226
2801	65.657	65.7543
2802	65.657	65.6743
2803	65.657	65.7833
2804	65.657	65.6816
2805	65.657	65.6653
2806	65.657	65.6927
2807	65.657	65.8624
2808	65.657	65.7539
2809	65.657	65.7606
2810	65.657	65.7071
2811	65.657	65.6817
2812	65.657	65.683
2813	65.657	65.6853
2814	65.657	66.0304
2815	65.657	65.6901
2816	65.657	65.795
2817	65.657	65.845
2818	65.657	65.7398
2819	65.657	65.76
2820	65.657	65.7936
2821	65.657	65.8452
2822	65.657	65.8313
2823	65.657	65.7741
2824	65.657	65.6942
2825	65.657	65.6662
2826	65.657	65.657
2827	65.657	65.6588
2828	65.657	65.7852
2829	65.657	65.7178
2830	65.657	65.7113
2831	65.657	65.657
2832	65.657	65.657
2833	65.657	65.657
2834	65.657	65.666
2835	65.657	65.6723
2836	65.657	65.657
2837	65.657	65.657
2838	65.657	65.6654
2839	65.657	65.657
2840	65.657	65.7276
2841	65.657	65.657
2842	65.657	65.657
2843	65.657	65.8514
2844	65.657	65.697
2845	65.657	65.685
2846	65.657	65.7057
2847	65.657	65.7239
2848	65.657	65.661
2849	65.657	65.6978
2850	65.657	65.7654
2851	65.657	65.8788
2852	65.657	65.657
2853	65.657	65.6947
2854	65.657	65.657
2855	65.657	65.657
2856	65.657	65.7554
2857	65.657	65.783
2858	65.657	65.813
2859	65.657	65.6729
2860	65.657	65.7227
2861	65.657	65.6601
2862	65.657	65.7148
2863	65.657	65.8592
2864	65.657	65.7089
2865	65.657	65.78
2866	65.657	66.0479
2867	65.657	65.7197
2868	65.657	65.6824
2869	65.657	65.7533
2870	65.657	65.72
2871	65.657	65.89
2872	65.657	65.7693
2873	65.657	65.7576
2874	65.657	65.8024
2875	65.657	65.6972
2876	65.657	65.6571
2877	65.657	65.657
2878	65.657	65.657
2879	65.657	65.657
2880	65.657	65.657
2881	65.657	65.657
2882	65.657	65.8175
2883	65.657	65.7468
2884	65.657	65.9338
2885	65.657	65.8069
2886	65.657	65.661
2887	65.657	65.7203
2888	65.657	65.7176
2889	65.657	65.6876
2890	65.657	65.685
2891	65.657	65.6581
2892	65.657	65.657
2893	65.657	65.6602
2894	65.657	65.8757
2895	65.657	65.8159
2896	65.657	65.7514
2897	65.657	65.9477
2898	65.657	65.6907
2899	65.657	65.8503
2900	65.657	65.657
2901	65.657	65.6658
2902	65.657	65.657
2903	65.657	65.657
2904	65.657	65.657
2905	65.657	65.6871
2906	65.657	65.7892
2907	65.657	65.657
2908	65.657	65.657
2909	65.657	65.657
2910	65.657	65.657
2911	65.657	65.7069
2912	65.657	65.6934
2913	65.657	65.7008
2914	65.657	65.7358
2915	65.657	65.6577
2916	65.657	65.657
2917	65.657	65.6738
2918	65.657	65.7427
2919	65.657	65.6694
2920	65.657	65.657
2921	65.657	65.7647
2922	65.657	65.8372
2923	65.657	65.8963
2924	65.657	65.7062
2925	65.657	65.7807
2926	65.657	65.657
2927	65.657	65.657
2928	65.657	65.6893
2929	65.657	65.7322
2930	65.657	65.7395
2931	65.657	65.9069
2932	65.657	65.663
2933	65.657	65.657
2934	65.657	65.8165
2935	65.657	65.7452
2936	65.657	65.7062
2937	65.657	65.657
2938	65.657	65.6648
2939	65.657	65.7276
2940	65.657	65.6619
2941	65.657	65.7156
2942	65.657	65.657
2943	65.657	65.657
2944	65.657	65.6949
2945	65.657	65.6811
2946	65.657	65.657
2947	65.657	65.6687
2948	65.657	65.657
2949	65.657	65.7468
2950	65.657	65.657
2951	65.657	65.657
2952	65.657	65.657
2953	65.657	65.705
2954	65.657	65.6647
2955	65.657	65.6754
2956	65.657	65.657
2957	65.657	65.7073
2958	65.657	65.758
2959	65.657	65.672
2960	65.657	65.7549
2961	65.657	65.657
2962	65.657	65.6596
2963	65.657	65.657
2964	65.657	65.6692
2965	65.657	65.665
2966	65.657	65.7318
2967	65.657	65.6934
2968	65.657	65.6621
2969	65.657	65.764
2970	65.657	65.8734
2971	65.657	65.6827
2972	65.657	65.7222
2973	65.657	65.7606
2974	65.657	65.9317
2975	65.657	66.1142
2976	65.657	65.6591
2977	65.657	65.6816
2978	65.657	65.657
2979	65.657	65.657
2980	65.657	65.6814
2981	65.657	65.6642
2982	65.657	65.7146
2983	65.657	65.6579
2984	65.657	65.657
2985	65.657	65.6573
2986	65.657	65.657
2987	65.657	65.657
2988	65.657	65.6613
2989	65.657	65.657
2990	65.657	65.7946
2991	65.657	65.6766
2992	65.657	65.662
2993	65.657	65.7358
2994	65.657	65.699
2995	65.657	65.7522
2996	65.657	65.6764
2997	65.657	65.6648
2998	65.657	65.7173
2999	65.657	65.6594
3000	65.657	65.7303
3001	65.657	65.6985
3002	65.657	65.7416
3003	65.657	66.0431
3004	65.657	65.888
3005	65.657	65.837
3006	65.657	65.8912
3007	65.657	65.7361
3008	65.657	65.7002
3009	65.657	65.7693
3010	65.657	65.7181
3011	65.657	65.8088
3012	65.657	65.7716
3013	65.657	65.6717
3014	65.657	65.6703
3015	65.657	65.694
3016	65.657	65.657
3017	65.657	65.657
3018	65.657	65.657
3019	65.657	65.657
3020	65.657	65.657
3021	65.657	65.6586
3022	65.657	65.711
3023	65.657	65.657
3024	65.657	65.6663
3025	65.657	65.6754
3026	65.657	65.7398
3027	65.657	65.9042
3028	65.657	65.6916
3029	65.657	65.821
3030	65.657	65.6887
3031	65.657	65.6848
3032	65.657	65.8729
3033	65.657	65.657
3034	65.657	65.694
3035	65.657	65.6733
3036	65.657	65.7048
3037	65.657	65.6823
3038	65.657	65.657
3039	65.657	65.8048
3040	65.657	65.7495
3041	65.657	65.6577
3042	65.657	65.7709
3043	65.657	65.8524
3044	65.657	65.657
3045	65.657	65.658
3046	65.657	65.6718
3047	65.657	65.657
3048	65.657	65.6601
3049	65.657	65.657
3050	65.657	65.6819
3051	65.657	65.7107
3052	65.657	65.7188
3053	65.657	65.7578
3054	65.657	65.657
3055	65.657	65.657
3056	65.657	65.667
3057	65.657	65.657
3058	65.657	65.6632
3059	65.657	65.7355
3060	65.657	65.7003
3061	65.657	65.7435
3062	65.657	65.735
3063	65.657	65.8948
3064	65.657	65.7914
3065	65.657	65.666
3066	65.657	65.657
3067	65.657	65.6676
3068	65.657	65.6933
3069	65.657	65.7185
3070	65.657	65.7127
3071	65.657	65.7142
3072	65.657	65.6941
3073	65.657	65.6632
3074	65.657	65.657
3075	65.657	65.7023
3076	65.657	65.7072
3077	65.657	65.6606
3078	65.657	65.8817
3079	65.657	65.698
3080	65.657	65.6588
3081	65.657	65.657
3082	65.657	65.7421
3083	65.657	65.683
3084	65.657	65.657
3085	65.657	65.657
3086	65.657	65.657
3087	65.657	65.6645
3088	65.657	65.657
3089	65.657	65.7059
3090	65.657	65.7965
3091	65.657	65.8179
3092	65.657	65.8626
3093	65.657	66.0723
3094	65.657	65.814
3095	65.657	65.6719
3096	65.657	65.6753
3097	65.657	65.8259
3098	65.657	65.837
3099	65.657	65.6758
3100	65.657	65.7407
3101	65.657	65.6989
3102	65.657	65.7223
3103	65.657	65.7504
3104	65.657	65.657
3105	65.657	65.733
3106	65.657	65.8448
3107	65.657	65.6927
3108	65.657	65.657
3109	65.657	65.6874
3110	65.657	65.657
3111	65.657	65.657
3112	65.657	65.7992
3113	65.657	65.6595
3114	65.657	65.657
3115	65.657	65.657
3116	65.657	65.7641
3117	65.657	65.7812
3118	65.657	65.6957
3119	65.657	65.7227
3120	65.657	65.706
3121	65.657	65.7912
3122	65.657	65.7181
3123	65.657	65.657
3124	65.657	65.6841
3125	65.657	65.6697
3126	65.657	65.6804
3127	65.657	65.6695
3128	65.657	65.8846
3129	65.657	65.7735
3130	65.657	65.6743
3131	65.657	65.7995
3132	65.657	65.6766
3133	65.657	65.6605
3134	65.657	65.672
3135	65.657	65.6905
3136	65.657	65.7077
3137	65.657	65.657
3138	65.657	65.7126
3139	65.657	65.6582
3140	65.657	65.6959
3141	65.657	66.2479
3142	65.657	65.8366
3143	65.657	65.657
3144	65.657	65.657
3145	65.657	65.6756
3146	65.657	65.7566
3147	65.657	65.6647
3148	65.657	65.6874
3149	65.657	65.7116
3150	65.657	65.6654
3151	65.657	65.657
3152	65.657	65.657
3153	65.657	65.657
3154	65.657	65.657
3155	65.657	65.8185
3156	65.657	65.6772
3157	65.657	65.815
3158	65.657	65.7621
3159	65.657	65.6781
3160	65.657	65.6785
3161	65.657	65.657
3162	65.657	65.7418
3163	65.657	65.7332
3164	65.657	65.7521
3165	65.657	65.7461
3166	65.657	65.6754
3167	65.657	65.7234
3168	65.657	65.6888
3169	65.657	65.7234
3170	65.657	65.8791
3171	65.657	65.6703
3172	65.657	65.6582
3173	65.657	65.657
3174	65.657	65.675
3175	65.657	65.689
3176	65.657	65.7726
3177	65.657	65.657
3178	65.657	65.657
3179	65.657	65.6749
3180	65.657	65.657
3181	65.657	65.6611
3182	65.657	65.693
3183	65.657	65.657
3184	65.657	65.657
3185	65.657	65.657
3186	65.657	65.657
3187	65.657	65.665
3188	65.657	65.6867
3189	65.657	65.7704
3190	65.657	65.7756
3191	65.657	65.657
3192	65.657	65.6812
3193	65.657	65.6637
3194	65.657	65.8867
3195	65.657	65.8252
3196	65.657	65.7012
3197	65.657	65.8542
3198	65.657	65.9035
3199	65.657	65.6583
3200	65.657	65.7007
3201	65.657	65.6576
3202	65.657	65.675
3203	65.657	65.7959
3204	65.657	65.9906
3205	65.657	65.8036
3206	65.657	65.7083
3207	65.657	65.657
3208	65.657	65.6642
3209	65.657	65.6696
3210	65.657	65.6627
3211	65.657	65.7261
3212	65.657	65.6767
3213	65.657	65.7322
3214	65.657	65.657
3215	65.657	65.662
3216	65.657	65.657
3217	65.657	65.7295
3218	65.657	65.6637
3219	65.657	65.911
3220	65.657	65.657
3221	65.657	65.657
3222	65.657	65.657
3223	65.657	65.7123
3224	65.657	65.6707
3225	65.657	65.764
3226	65.657	65.7531
3227	65.657	65.6882
3228	65.657	65.657
3229	65.657	65.657
3230	65.657	65.657
3231	65.657	65.6764
3232	65.657	65.8088
3233	65.657	65.7504
3234	65.657	65.6902
3235	65.657	65.6745
3236	65.657	65.657
3237	65.657	65.6648
3238	65.657	65.6759
3239	65.657	65.6585
3240	65.657	65.657
3241	65.657	65.657
3242	65.657	65.6589
3243	65.657	65.6662
3244	65.657	65.7361
3245	65.657	65.7801
3246	65.657	65.657
3247	65.657	65.6866
3248	65.657	65.6662
3249	65.657	65.7225
3250	65.657	65.6696
3251	65.657	65.657
3252	65.657	65.6683
3253	65.657	65.657
3254	65.657	65.6605
3255	65.657	65.657
3256	65.657	65.657
3257	65.657	65.657
3258	65.657	65.7689
3259	65.657	65.8506
3260	65.657	65.699
3261	65.657	65.7241
3262	65.657	65.8897
3263	65.657	65.6678
3264	65.657	65.6797
3265	65.657	65.6712
3266	65.657	65.657
3267	65.657	65.657
3268	65.657	65.697
3269	65.657	65.673
3270	65.657	65.657
3271	65.657	65.7578
3272	65.657	65.6882
3273	65.657	65.6586
3274	65.657	65.6744
3275	65.657	65.6623
3276	65.657	65.6767
3277	65.657	65.7975
3278	65.657	65.8495
3279	65.657	65.6659
3280	65.657	65.657
3281	65.657	65.6804
3282	65.657	65.657
3283	65.657	65.6625
3284	65.657	65.7662
3285	65.657	65.784
3286	65.657	65.7282
3287	65.657	65.7604
3288	65.657	65.7227
3289	65.657	65.8992
3290	65.657	65.8089
3291	65.657	65.657
3292	65.657	65.657
3293	65.657	65.697
3294	65.657	65.6767
3295	65.657	65.6653
3296	65.657	65.665
3297	65.657	65.7173
3298	65.657	65.6812
3299	65.657	65.693
3300	65.657	65.7172
3301	65.657	65.9214
3302	65.657	65.6964
3303	65.657	65.657
3304	65.657	65.7172
3305	65.657	65.705
3306	65.657	65.657
3307	65.657	65.657
3308	65.657	65.657
3309	65.657	65.6871
3310	65.657	65.6592
3311	65.657	65.6584
3312	65.657	65.7244
3313	65.657	65.657
3314	65.657	65.6605
3315	65.657	65.7042
3316	65.4667	65.777
3317	65.4667	65.6668
3318	65.4667	65.6763
3319	65.4667	65.6446
3320	65.4667	65.4839
3321	65.4667	65.5313
3322	65.4667	65.5146
3323	65.4667	65.504
3324	65.4667	65.4672
3325	65.4667	65.4667
3326	65.4667	65.4667
3327	65.4667	65.4812
3328	65.4667	65.4667
3329	65.4667	65.4858
3330	65.4667	65.467
3331	65.4667	65.4794
3332	65.4667	65.4855
3333	65.4667	65.4667
3334	65.4667	65.4667
3335	65.4667	65.4943
3336	65.4667	65.5537
3337	65.4667	65.4861
3338	65.4667	65.4677
3339	65.4667	65.4667
3340	65.4667	65.5116
3341	65.4667	65.4733
3342	65.4667	65.4667
3343	65.4667	65.5572
3344	65.4667	65.488
3345	65.4667	65.482
3346	65.4667	65.4701
3347	65.4667	65.4667
3348	65.4667	65.4667
3349	65.4667	65.4667
3350	65.4667	65.4667
3351	65.4667	65.4825
3352	65.4667	65.5895
3353	65.4667	65.5108
3354	65.4667	65.4679
3355	65.4667	65.4667
3356	65.4667	65.4667
3357	65.4667	65.4757
3358	65.4667	65.4759
3359	65.4667	65.4667
3360	65.4667	65.4667
3361	65.4667	65.4913
3362	65.4667	65.4667
3363	65.4667	65.4879
3364	65.4667	65.4667
3365	65.4667	65.5861
3366	65.4667	65.4667
3367	65.4667	65.4775
3368	65.4667	65.4696
3369	65.4667	65.4705
3370	65.4667	65.4673
3371	65.4667	65.4675
3372	65.4667	65.5837
3373	65.4667	65.472
3374	65.4667	65.5886
3375	65.4667	65.7591
3376	65.4667	65.6334
3377	65.4667	65.4667
3378	65.4667	65.6209
3379	65.4667	65.6544
3380	65.4667	65.4889
3381	65.4667	65.7658
3382	65.4667	66.1431
3383	65.4667	65.5292
3384	65.4667	65.5289
3385	65.4667	65.5746
3386	65.4667	65.4903
3387	65.4667	65.4731
3388	65.4667	65.4667
3389	65.4667	65.4667
3390	65.4667	65.4667
3391	65.4667	65.4667
3392	65.4667	65.4793
3393	65.4667	65.4667
3394	65.4667	65.4667
3395	65.4667	65.4667
3396	65.4667	65.4667
3397	65.4667	65.4993
3398	65.4667	65.4995
3399	65.4667	65.4697
3400	65.4667	65.5054
3401	65.4667	65.4856
3402	65.4667	65.4667
3403	65.4667	65.6776
3404	65.4667	65.5123
3405	65.4667	65.8485
3406	65.4667	65.6933
3407	65.4667	65.5708
3408	65.4667	65.4863
3409	65.4667	65.533
3410	65.4667	65.6059
3411	65.4667	65.4706
3412	65.4667	65.469
3413	65.4667	65.4877
3414	65.4667	65.4667
3415	65.4667	65.5035
3416	65.4667	65.5046
3417	65.4667	65.5534
3418	65.4667	65.5383
3419	65.4667	65.4667
3420	65.4667	65.4946
3421	65.4667	65.4765
3422	65.4667	65.4914
3423	65.4667	65.4667
3424	65.4667	65.4667
3425	65.4667	65.6349
3426	65.4667	65.5029
3427	65.4667	65.4667
3428	65.4667	65.4752
3429	65.4667	65.4667
3430	65.4667	65.4667
3431	65.4667	65.471
3432	65.4667	65.4667
3433	65.4667	65.6017
3434	65.4667	65.5264
3435	65.4667	65.4667
3436	65.4667	65.5565
3437	65.4667	65.5182
3438	65.4667	65.4908
3439	65.4667	65.5458
3440	65.4667	65.4801
3441	65.4667	65.4667
3442	65.4667	65.4667
3443	65.4667	65.5056
3444	65.4667	65.7585
3445	65.4667	65.6313
3446	65.4667	65.487
3447	65.4667	65.5164
3448	65.4667	65.5023
3449	65.4667	65.499
3450	65.4667	65.5521
3451	65.4667	65.4833
3452	65.4667	65.467
3453	65.4667	65.4667
3454	65.4667	65.4686
3455	65.4667	65.4742
3456	65.4667	65.6221
3457	65.4667	65.5223
3458	65.4667	65.4667
3459	65.4667	65.4667
3460	65.4667	65.4667
3461	65.4667	65.4733
3462	65.4667	65.6455
3463	65.4667	65.5913
3464	65.4667	65.4667
3465	65.4667	65.4667
3466	65.4667	65.498
3467	65.4667	65.4667
3468	65.4667	65.5013
3469	65.4667	65.4822
3470	65.4667	65.5079
3471	65.4667	65.6863
3472	65.4667	65.4746
3473	65.4667	65.4905
3474	65.4667	65.4968
3475	65.4667	65.4753
3476	65.4667	65.4765
3477	65.4667	65.4792
3478	65.4667	65.4747
3479	65.4667	65.4998
3480	65.4667	65.4708
3481	65.4667	65.4667
3482	65.4667	65.4667
3483	65.4667	65.5413
3484	65.4667	65.4826
3485	65.4667	65.5973
3486	65.4667	65.7425
3487	65.4667	65.4667
3488	65.4667	65.6206
3489	65.4667	65.5098
3490	65.4667	65.4667
3491	65.4667	65.5905
3492	65.4667	65.5192
3493	65.4667	65.4839
3494	65.4667	65.5664
3495	65.4667	65.5607
3496	65.4667	65.8615
3497	65.4667	65.7674
3498	65.4667	65.5224
3499	65.4667	65.4668
3500	65.4667	65.4667
3501	65.4667	65.4667
3502	65.4667	65.5171
3503	65.4667	65.5678
3504	65.4667	65.4975
3505	65.4667	65.5753
3506	65.4667	65.4736
3507	65.4667	65.6193
3508	65.4667	65.7724
3509	65.4667	65.5316
3510	65.4667	65.5214
3511	65.4667	65.4886
3512	65.4667	65.4851
3513	65.4667	65.4667
3514	65.4667	65.5814
3515	65.4667	65.4878
3516	65.4667	65.4799
3517	65.4667	65.7806
3518	65.4667	65.4984
3519	65.4667	65.4726
3520	65.4667	65.4667
3521	65.4667	65.4667
3522	65.4667	65.4837
3523	65.4667	65.5301
3524	65.4667	65.615
3525	65.4667	65.5538
3526	65.4667	65.5058
3527	65.4667	65.5007
3528	65.4667	65.4702
3529	65.4667	65.4667
3530	65.4667	65.5337
3531	65.4667	65.6389
3532	65.4667	65.4737
3533	65.4667	65.5757
3534	65.4667	65.4683
3535	65.4667	65.4667
3536	65.4667	65.5623
3537	65.4667	65.5138
3538	65.4667	65.5249
3539	65.4667	65.5217
3540	65.4667	65.4692
3541	65.4667	65.5296
3542	65.4667	65.4667
3543	65.4667	65.4667
3544	65.4667	65.4667
3545	65.4667	65.4667
3546	65.4667	65.4667
3547	65.4667	65.5705
3548	65.4667	65.5058
3549	65.4667	65.4761
3550	65.4667	65.7712
3551	65.4667	65.6519
3552	65.4667	65.7096
3553	65.4667	65.8093
3554	65.4667	65.4667
3555	65.4667	65.5061
3556	65.4667	65.5426
3557	65.4667	65.4729
3558	65.4667	65.5219
3559	65.4667	65.4667
3560	65.4667	65.4667
3561	65.4667	65.4667
3562	65.4667	65.4739
3563	65.4667	65.4903
3564	65.4667	65.6471
3565	65.4667	65.6511
3566	65.4667	65.4965
3567	65.4667	65.4865
3568	65.4667	65.4933
3569	65.4667	65.4667
3570	65.4667	65.5966
3571	65.4667	65.4922
3572	65.4667	65.6099
3573	65.4667	65.6324
3574	65.4667	65.4667
3575	65.4667	65.5971
3576	65.4667	65.5835
3577	65.4667	65.548
3578	65.4667	65.4734
3579	65.4667	65.4834
3580	65.4667	65.4756
3581	65.4667	65.4912
3582	65.4667	65.4694
3583	65.4667	65.5365
3584	65.4667	65.5519
3585	65.4667	65.5708
3586	65.4667	65.4667
3587	65.4667	65.4667
3588	65.4667	65.4841
3589	65.4667	65.5272
3590	65.4667	65.5118
3591	65.4667	65.548
3592	65.4667	65.4703
3593	65.4667	65.5687
3594	65.4667	65.4877
3595	65.4667	65.5095
3596	65.4667	65.467
3597	65.4667	65.4667
3598	65.4667	65.4719
3599	65.4667	65.4667
3600	65.4667	65.4746
3601	65.4667	65.6484
3602	65.4667	65.5046
3603	65.4667	65.5817
3604	65.4667	65.628
3605	65.4667	65.5576
3606	65.4667	65.4751
3607	65.4667	65.4667
3608	65.4667	65.4667
3609	65.4667	65.4689
3610	65.4667	65.4667
3611	65.4667	65.4667
3612	65.4667	65.5361
3613	65.4667	65.5751
3614	65.4667	65.4667
3615	65.4667	65.5066
3616	65.4667	65.4712
3617	65.4667	65.4696
3618	65.4667	65.502
3619	65.4667	65.5594
3620	65.4667	65.4837
3621	65.4667	65.5141
3622	65.4667	65.5517
3623	65.4667	65.7341
3624	65.4667	65.6955
3625	65.4667	65.5107
3626	65.4667	65.4667
3627	65.4667	65.4942
3628	65.4667	65.475
3629	65.4667	65.4939
3630	65.4667	65.4667
3631	65.4667	65.4667
3632	65.4667	65.4882
3633	65.4667	65.5158
3634	65.4667	65.6845
3635	65.4667	65.694
3636	65.4667	65.735
3637	65.4667	65.667
3638	65.4667	65.5303
3639	65.4667	65.5964
3640	65.4667	65.478
3641	65.4667	65.5462
3642	65.4667	65.4667
3643	65.4667	65.4873
3644	65.4667	65.5068
3645	65.4667	65.4667
3646	65.4667	65.4667
3647	65.4667	65.493
3648	65.4667	65.4914
3649	65.4667	65.7343
3650	65.4667	65.7372
3651	65.4667	65.6162
3652	65.4667	65.5283
3653	65.4667	65.5136
3654	65.4667	65.7378
3655	65.4667	65.5697
3656	65.4667	65.6381
3657	65.4667	65.5031
3658	65.4667	65.5283
3659	65.4667	65.485
3660	65.4667	65.6977
3661	65.4667	65.6021
3662	65.4667	65.4715
3663	65.4667	65.4667
3664	65.4667	65.5654
3665	65.4667	65.4829
3666	65.4667	65.4989
3667	65.4667	65.4667
3668	65.4667	65.4797
3669	65.4667	65.4671
3670	65.4667	65.5462
3671	65.4667	65.4869
3672	65.4667	65.4703
3673	65.4667	65.4737
3674	65.4667	65.4996
3675	65.4667	65.4667
3676	65.4667	65.4668
3677	65.4667	65.4667
3678	65.4667	65.4667
3679	65.4667	65.4667
3680	65.4667	65.4781
3681	65.4667	65.5504
3682	65.4667	65.5835
3683	65.4667	65.5172
3684	65.4667	65.4667
3685	65.4667	65.4698
3686	65.4667	65.4729
3687	65.4667	65.4667
3688	65.4667	65.4667
3689	65.4667	65.4763
3690	65.4667	65.5106
3691	65.4667	65.4667
3692	65.4667	65.4667
3693	65.4667	65.4667
3694	65.4667	65.5444
3695	65.4667	65.4667
3696	65.4667	65.4667
3697	65.4667	65.4667
3698	65.4667	65.4667
3699	65.4667	65.4667
3700	65.4667	65.475
3701	65.4667	65.6184
3702	65.4667	65.5148
3703	65.4667	65.4667
3704	65.4667	65.4667
3705	65.4667	65.4864
3706	65.4667	65.4667
3707	65.4667	65.4837
3708	65.4667	65.5392
3709	65.4667	65.4667
3710	65.4667	65.4667
3711	65.4667	65.5099
3712	65.4667	65.8689
3713	65.4667	65.7231
3714	65.4667	65.4709
3715	65.4667	65.4723
3716	65.4667	65.4667
3717	65.4667	65.4667
3718	65.4667	65.4667
3719	65.4667	65.5874
3720	65.4667	65.7105
3721	65.4667	65.5589
3722	65.4667	65.699
3723	65.4667	65.4732
3724	65.4667	65.5382
3725	65.4667	65.4778
3726	65.4667	65.4667
3727	65.4667	65.4716
3728	65.4667	65.548
3729	65.4667	65.6376
3730	65.4667	65.7637
3731	65.4667	65.5909
3732	65.4667	65.6706
3733	65.4667	65.5294
3734	65.4667	65.4891
3735	65.4667	65.4667
3736	65.4667	65.5295
3737	65.4667	65.5427
3738	65.4667	65.4674
3739	65.4667	65.4886
3740	65.4667	65.587
3741	65.4667	65.5372
3742	65.4667	65.4667
3743	65.4667	65.4805
3744	65.4667	65.4667
3745	65.4667	65.4955
3746	65.4667	65.4667
3747	65.4667	65.4803
3748	65.4667	65.4703
3749	65.4667	65.4967
3750	65.4667	65.4688
3751	65.4667	65.4936
3752	65.4667	65.4729
3753	65.4667	65.5066
3754	65.4667	65.5837
3755	65.4667	65.5275
3756	65.4667	65.502
3757	65.4667	65.4891
3758	65.4667	65.4676
3759	65.4667	65.5027
3760	65.4667	65.4695
3761	65.4667	65.6924
3762	65.4667	65.8175
3763	65.4667	65.4902
3764	65.4667	65.6
3765	65.4667	65.5112
3766	65.4667	65.4667
3767	65.4667	65.4667
3768	65.4667	65.4694
3769	65.4667	65.5181
3770	65.4667	65.5151
3771	65.4667	65.4667
3772	65.4667	65.4667
3773	65.4667	65.4935
3774	65.4667	65.6038
3775	65.4667	65.4671
3776	65.4667	65.542
3777	65.4667	65.4667
3778	65.4667	65.4667
3779	65.4667	65.4667
3780	65.4667	65.568
3781	65.4667	65.5204
3782	65.4667	65.514
3783	65.4667	65.4852
3784	65.4667	65.4667
3785	65.4667	65.4691
3786	65.4667	65.5248
3787	65.4667	65.5025
3788	65.4667	65.4713
3789	65.4667	65.4682
3790	65.4667	65.4798
3791	65.4667	65.5563
3792	65.4667	65.626
3793	65.4667	65.5151
3794	65.4667	65.4667
3795	65.4667	65.4874
3796	65.4667	65.6181
3797	65.4667	65.5265
3798	65.4667	65.5573
3799	65.4667	65.4901
3800	65.4667	65.4667
3801	65.4667	65.4667
3802	65.4667	65.4667
3803	65.4667	65.5386
3804	65.4667	65.4667
3805	65.4667	65.5615
3806	65.4667	65.479
3807	65.4667	65.56
3808	65.4667	65.5511
3809	65.4667	65.5619
3810	65.4667	65.4667
3811	65.4667	65.4667
3812	65.4667	65.5013
3813	65.4667	65.4881
3814	65.4667	65.4896
3815	65.4667	65.4667
3816	65.4667	65.4667
3817	65.4667	65.4667
3818	65.4667	65.4667
3819	65.4667	65.4667
3820	65.4667	65.5169
3821	65.4667	65.4667
3822	65.4667	65.4667
3823	65.4667	65.51
3824	65.4667	65.4807
3825	65.4667	65.4667
3826	65.4667	65.4891
3827	65.4667	65.4869
3828	65.4667	65.5458
3829	65.4667	65.5071
3830	65.4667	65.4871
3831	65.4667	65.5006
3832	65.4667	65.8145
3833	65.4667	65.497
3834	65.4667	65.5127
3835	65.4667	65.6051
3836	65.4667	65.4906
3837	65.4667	65.4732
3838	65.4667	65.471
3839	65.4667	65.4704
3840	65.4667	65.5103
3841	65.4667	65.4667
3842	65.4667	65.5505
3843	65.4667	65.5244
3844	65.4667	65.4672
3845	65.4667	65.5533
3846	65.4667	65.4853
3847	65.4667	65.4785
3848	65.4667	65.5075
3849	65.4667	65.4855
3850	65.4667	65.4667
3851	65.4667	65.4672
3852	65.4667	65.4712
3853	65.4667	65.5009
3854	65.4667	65.4726
3855	65.4667	65.5212
3856	65.4667	65.4667
3857	65.4667	65.6195
3858	65.4667	65.5373
3859	65.4667	65.5767
3860	65.4667	65.4667
3861	65.4667	65.4667
3862	65.4667	65.5367
3863	65.4667	65.5496
3864	65.4667	65.5948
3865	65.4667	65.526
3866	65.4667	65.5352
3867	65.4667	65.4667
3868	65.4667	65.4749
3869	65.4667	65.5377
3870	65.4667	65.4667
3871	65.4667	65.5979
3872	65.4667	65.5023
3873	65.4667	65.4948
3874	65.4667	65.4678
3875	65.4667	65.5182
3876	65.4667	65.6385
3877	65.4667	65.5456
3878	65.4667	65.4744
3879	65.4667	65.4667
3880	65.4667	65.5668
3881	65.4667	65.7296
3882	65.4667	65.9308
3883	65.4667	65.4668
3884	65.4667	65.4667
3885	65.4667	65.4667
3886	65.4667	65.5384
3887	65.4667	65.4667
3888	65.4667	65.4758
3889	65.4667	65.6645
3890	65.4667	65.558
3891	65.4667	65.4667
3892	65.4667	65.5548
3893	65.4667	65.5167
3894	65.4667	65.5359
3895	65.4667	65.4838
3896	65.4667	65.4679
3897	65.4667	65.5671
3898	65.4667	65.6333
3899	65.4667	65.6359
3900	65.4667	65.865
3901	65.4667	65.689
3902	65.4667	65.4812
3903	65.4667	65.5393
3904	65.4667	65.4908
3905	65.4667	65.5449
3906	65.4667	65.582
3907	65.4667	65.4667
3908	65.4667	65.5465
3909	65.4667	65.5205
3910	65.4667	65.4667
3911	65.4667	65.6029
3912	65.4667	65.4796
3913	65.4667	65.4865
3914	65.4667	65.5303
3915	65.4667	65.4667
3916	65.4667	65.6026
3917	65.4667	65.5407
3918	65.4667	65.4699
3919	65.4667	65.4667
3920	65.4667	65.4667
3921	65.4667	65.4667
3922	65.4667	65.5703
3923	65.4667	65.4963
3924	65.4667	65.6925
3925	65.4667	65.6837
3926	65.4667	65.5597
3927	65.4667	65.59
3928	65.4667	65.6302
3929	65.4667	65.5838
3930	65.4667	65.4975
3931	65.4667	65.5324
3932	65.4667	65.4946
3933	65.4667	65.5213
3934	65.4667	65.5022
3935	65.4667	65.8331
3936	65.4667	65.6463
3937	65.4667	65.4993
3938	65.4667	65.5
3939	65.4667	65.4667
3940	65.4667	65.4806
3941	65.4667	65.481
3942	65.4667	65.5216
3943	65.4667	65.6489
3944	65.4667	65.5915
3945	65.4667	65.5311
3946	65.4667	65.501
3947	65.4667	65.5024
3948	65.4667	65.4756
3949	65.4667	65.4667
3950	65.4667	65.4667
3951	65.4667	65.4667
3952	65.4667	65.5099
3953	65.4667	65.5988
3954	65.4667	65.5412
3955	65.4667	65.4951
3956	65.4667	65.4667
3957	65.4667	65.4867
3958	65.4667	65.5625
3959	65.4667	65.7723
3960	65.4667	65.6644
3961	65.4667	65.5655
3962	65.4667	65.5738
3963	65.4667	65.6357
3964	65.4667	65.4978
3965	65.4667	65.4667
3966	65.4667	65.4667
3967	65.4667	65.4667
3968	65.4667	65.4667
3969	65.4667	65.4667
3970	65.4667	65.4667
3971	65.4667	65.4952
3972	65.4667	65.504
3973	65.4667	65.4769
3974	65.4667	65.4667
3975	65.4667	65.5025
3976	65.4667	65.4782
3977	65.4667	65.5367
3978	65.4667	65.476
3979	65.4667	65.4667
3980	65.4667	65.4784
3981	65.4667	65.4701
3982	65.4667	65.4837
3983	65.4667	65.4667
3984	65.4667	65.499
3985	65.4667	65.6137
3986	65.4667	65.6314
3987	65.4667	65.5746
3988	65.4667	65.5274
3989	65.4667	65.5284
3990	65.4667	65.6671
3991	65.4667	65.8606
3992	65.4667	66.1005
3993	65.4667	65.5765
3994	65.4667	65.4846
3995	65.4667	65.4667
3996	65.4667	65.6704
3997	65.4667	65.6219
3998	65.4667	65.6483
3999	65.4667	65.5798
