0	398.723	463.384
1	392.362	431.907
2	383.4	403.45
3	375.72	390.681
4	367.201	382.908
5	355.258	374.754
6	351.139	366.424
7	344.547	357.809
8	339.857	351.152
9	332.889	345.368
10	322.953	339.075
11	312.388	332.214
12	305.345	322.182
13	296.85	314.495
14	286.548	307.523
15	283.716	299.179
16	279.675	291.474
17	273.894	285.316
18	269.236	281.261
19	263.827	276.237
20	258.154	272.027
21	253.815	266.981
22	247.403	260.431
23	241.977	255.606
24	241.093	249.231
25	234.4	244.594
26	226.424	240.772
27	222.915	234.738
28	221.677	230.069
29	219.167	226.202
30	212.604	223.12
31	210.397	220.06
32	204.474	215.409
33	200.011	210.464
34	197.803	206.474
35	194.061	201.873
36	192.287	199.501
37	191.004	196.561
38	188.792	194.168
39	185.172	192.24
40	182.327	189.559
41	177.101	186.624
42	176.402	183.257
43	173.264	179.682
44	172.372	177.294
45	172.372	175.489
46	169.697	173.775
47	166.14	172.759
48	164.02	171.63
49	161.638	169.344
50	159.142	165.873
51	157.889	163.365
52	156.214	160.742
53	154.526	158.75
54	152.715	157.144
55	150.071	155.909
56	147.602	155.12
57	147.189	153.063
58	145.971	150.76
59	145.748	148.984
60	143.852	146.918
61	143.399	146.121
62	141.446	145.068
63	140.454	144.108
64	140.276	142.85
65	137.896	141.441
66	136.281	140.233
67	135.127	138.572
68	133.445	137.11
69	133.077	136.32
70	131.711	135.413
71	130.574	133.87
72	129.959	132.885
73	128.835	131.705
74	128.777	130.588
75	127.653	129.938
76	125.584	129.038
77	125.229	128.116
78	125.035	127.067
79	124.709	126.086
80	124.496	125.192
81	122.964	125.008
82	122.527	124.665
83	121.694	123.899
84	121.123	122.955
85	120.989	122.131
86	120.964	121.943
87	119.73	121.504
88	118.003	121.128
89	118.003	120.624
90	118.003	120.024
91	117.92	119.516
92	116.815	119.238
93	115.845	118.148
94	115.845	117.125
95	114.719	116.509
96	114.604	115.947
97	114.544	115.337
98	114.218	114.917
99	114.218	114.726
100	114.138	114.43
101	111.973	114.27
102	111.247	113.912
103	111.247	113.146
104	111.247	111.878
105	110.411	111.353
106	109.87	111.094
107	109.87	110.669
108	109.41	110.3
109	109.1	109.989
110	106.907	110.241
111	106.907	109.589
112	106.086	108.528
113	105.642	107.535
114	105.642	106.556
115	105.359	106.006
116	104.125	105.848
117	103.698	105.261
118	102.332	104.699
119	101.899	103.908
120	101.892	102.875
121	101.742	102.276
122	101.646	102.005
123	101.646	101.91
124	100.752	101.743
125	99.9418	101.572
126	99.9418	101.442
127	99.7203	101.002
128	99.3981	100.36
129	98.8241	100.269
130	98.3707	99.5567
131	97.7967	99.1684
132	97.7967	98.652
133	97.2454	98.323
134	97.2454	97.9579
135	96.6483	97.5873
136	96.6483	97.3747
137	96.6483	97.0392
138	96.6483	96.7844
139	96.5909	96.7559
140	96.4125	96.7668
141	95.5718	96.858
142	95.1509	96.3889
143	94.014	95.9977
144	93.9567	95.4897
145	93.6575	94.9623
146	93.4163	94.6697
147	93.0598	93.9801
148	92.4298	93.5362
149	92.2005	93.0763
150	92.0387	92.7084
151	92.0387	92.3936
152	91.641	92.2004
153	91.641	92.104
154	91.641	92.0763
155	91.641	91.9112
156	91.4086	91.8484
157	91.4086	91.8146
158	91.4086	91.5502
159	91.4086	91.5072
160	91.2942	91.4364
161	90.4199	91.3909
162	90.4199	91.2763
163	89.998	90.9941
164	89.998	90.7282
165	89.9816	90.3954
166	89.9816	90.284
167	89.9193	90.2491
168	89.3538	90.2086
169	89.3538	90.3132
170	89.3538	90.6507
171	88.475	90.709
172	87.6122	89.7149
173	87.6122	89.1098
174	87.2197	88.1869
175	86.4056	87.8049
176	86.4056	87.3502
177	86.2899	86.9577
178	85.8328	86.678
179	85.717	86.3386
180	84.9784	86.0428
181	84.817	85.7401
182	84.817	85.3712
183	84.4001	85.0529
184	84.2387	84.8085
185	84.2387	84.5345
186	84.1196	84.3712
187	83.7857	84.2559
188	83.6243	84.1537
189	83.6243	84.1038
190	83.6243	83.781
191	83.2382	83.667
192	83.0928	83.5584
193	83.0928	83.4073
194	82.6447	83.213
195	82.6447	83.0882
196	82.5782	82.8619
197	82.5782	82.7381
198	82.5782	82.6425
199	82.0649	82.6037
200	81.9984	82.5357
201	81.8999	82.4874
202	81.8999	82.1763
203	81.8999	82.1254
204	81.8999	81.9677
205	81.8999	81.9094
206	81.8999	81.9047
207	81.8999	81.9928
208	81.8999	81.9526
209	81.8999	81.9406
210	81.8999	82.0984
211	81.8999	82.0088
212	81.8657	82.0265
213	81.8657	82.0937
214	81.8657	81.8796
215	81.5774	81.8692
216	81.5774	81.8712
217	81.5774	81.7431
218	81.5774	81.6809
219	80.6663	81.6086
220	80.6663	81.5646
221	80.6195	81.1384
222	80.6195	80.968
223	80.6195	80.8101
224	80.6195	80.7359
225	80.6195	80.6557
226	80.576	80.725
227	80.576	80.6504
228	80.576	80.5983
229	79.897	80.7209
230	79.8535	80.7065
231	79.8535	80.2538
232	79.8535	80.0086
233	79.8535	79.9544
234	79.8535	79.91
235	79.5674	79.8925
236	79.5674	79.8454
237	79.5674	79.7212
238	79.5315	79.6152
239	79.2454	79.5905
240	79.2454	79.4822
241	79.2454	79.3537
242	79.2454	79.2805
243	79.2454	79.2563
244	79.2454	79.2663
245	79.2454	79.2515
246	79.2454	79.2454
247	79.2454	79.2762
248	79.2454	79.2462
249	79.2454	79.3064
250	79.2454	79.2465
251	78.8826	79.2938
252	78.4156	79.2104
253	78.4156	79.0909
254	78.4156	78.7462
255	78.4156	78.5566
256	78.4156	78.5479
257	77.6229	78.4412
258	77.6229	78.2909
259	77.6229	78.2174
260	77.6085	78.1146
261	77.6085	77.7686
262	77.6085	77.7018
263	77.6085	77.7356
264	77.6085	77.6585
265	77.6085	77.6464
266	77.6085	77.6616
267	77.6085	77.8785
268	77.1346	77.7783
269	77.1346	77.6775
270	77.1346	77.4788
271	77.1346	77.3362
272	77.1346	77.2864
273	77.0385	77.1368
274	76.6206	77.1197
275	76.6206	77.0574
276	76.6206	76.9162
277	76.6206	76.7547
278	76.6206	76.7322
279	76.6206	76.6349
280	76.6206	76.6206
281	76.6206	76.6206
282	76.6206	76.6669
283	76.6206	76.634
284	76.6206	76.8981
285	76.6206	76.7992
286	75.9122	76.6185
287	75.9122	76.5153
288	75.9122	76.2044
289	75.9122	76.0097
290	75.9122	76.0545
291	75.9122	75.9728
292	75.9122	75.9873
293	75.9122	76.0238
294	75.9122	76.0013
295	75.9122	75.9207
296	75.9122	75.9207
297	75.9122	75.9154
298	75.9122	76.0246
299	75.9122	76.0154
300	75.9122	75.9486
301	75.9122	75.9553
302	75.9122	75.9131
303	75.9122	75.9122
304	75.2725	76.0274
305	75.2725	75.8716
306	75.2725	75.6575
307	74.8645	75.4342
308	74.8645	75.3984
309	74.8645	75.1188
310	74.8645	75.085
311	73.3499	74.9661
312	73.3499	74.7443
313	73.3499	74.0995
314	73.3499	73.7317
315	73.3499	73.4757
316	73.3499	73.4454
317	72.4954	73.3477
318	72.4954	73.6391
319	72.4954	74.2443
320	72.4954	75.6801
321	72.3425	74.7731
322	72.3425	72.99
323	71.9131	72.5142
324	71.9131	72.4106
325	71.8528	72.177
326	71.7488	72.1599
327	71.4222	72.0244
328	71.3619	71.8833
329	71.3619	71.6151
330	70.9358	71.5988
331	70.9358	71.4013
332	70.9358	71.3379
333	70.8442	71.2134
334	70.8442	71.1529
335	70.8442	70.9974
336	70.8442	70.8603
337	70.8442	70.8485
338	70.8442	70.8442
339	70.8442	70.8782
340	70.8442	71.0158
341	70.8442	71.1038
342	70.8442	70.9013
343	70.8442	70.8732
344	70.1414	70.8422
345	69.9326	70.8507
346	69.9326	70.664
347	69.9326	70.5675
348	69.791	70.1542
349	69.791	70.0308
350	69.791	69.9035
351	69.791	69.8245
352	69.6666	69.7961
353	69.6666	69.7836
354	69.6666	69.8515
355	69.6666	69.7457
356	69.6666	69.6946
357	69.6666	69.683
358	69.6666	69.7914
359	69.6666	69.7087
360	69.6666	69.7279
361	69.6666	69.7954
362	69.6666	69.682
363	69.6666	69.6666
364	69.6666	69.6666
365	69.6666	69.6802
366	69.6666	69.7025
367	69.144	69.8379
368	69.144	69.7891
369	69.144	69.8069
370	69.144	69.3119
371	69.0626	69.1676
372	68.9378	69.4083
373	68.9378	69.3097
374	68.5685	69.323
375	68.3623	69.0305
376	68.3623	68.7957
377	68.3623	68.7812
378	68.3623	68.5707
379	68.3623	68.4025
380	68.3623	68.3639
381	68.3623	68.3623
382	68.3623	68.3893
383	68.3623	68.3623
384	68.3623	68.3623
385	68.3623	68.3693
386	68.3623	68.4225
387	68.3623	68.3775
388	68.3623	68.3633
389	68.3623	68.411
390	68.3623	68.3952
391	68.3623	68.3623
392	68.3623	68.3623
393	68.3623	68.4575
394	68.3623	68.5755
395	68.3623	68.4182
396	68.3623	68.3785
397	68.3623	68.366
398	68.3623	68.3623
399	68.3623	68.4201
400	68.3623	68.5167
401	68.3623	68.3805
402	68.3623	68.4169
403	68.3623	68.3678
404	68.3623	68.4184
405	68.3623	68.3623
406	68.3623	68.3623
407	68.0453	68.3614
408	68.0453	68.3251
409	68.0453	68.3122
410	68.0453	68.1867
411	67.8942	68.1309
412	67.8942	68.0627
413	67.8942	68.0618
414	67.8942	67.9215
415	67.8942	67.9493
416	67.8942	67.9179
417	67.8942	67.9299
418	67.8942	67.9174
419	67.8942	67.9443
420	67.8942	67.9172
421	67.8942	67.8991
422	67.8942	67.9872
423	67.8942	68.208
424	67.8942	67.9367
425	67.8942	67.9211
426	67.8942	67.9791
427	67.8942	67.9602
428	67.8942	68.1745
429	67.8942	67.9777
430	67.8942	67.9316
431	67.8942	67.8942
432	67.8942	67.9452
433	67.8942	68.0044
434	67.8942	67.8942
435	67.8942	67.929
436	67.8942	68.0071
437	67.8942	67.8942
438	67.8942	67.8942
439	67.8942	67.8942
440	67.8942	67.8942
441	67.8942	67.9128
442	67.8942	67.8958
443	67.8942	67.8942
444	67.8942	67.9105
445	67.8942	67.9342
446	67.6923	68.0027
447	67.6923	68.0224
448	67.6923	67.8691
449	67.6513	67.8059
450	67.6513	67.7246
451	67.6513	67.7438
452	67.6513	67.7949
453	67.6513	67.7635
454	67.6513	67.8834
455	67.6513	67.6818
456	67.6513	67.6634
457	67.6513	67.6765
458	67.6513	67.6731
459	67.6513	67.7318
460	67.6513	67.699
461	67.6513	67.8622
462	67.6513	67.7436
463	67.6513	67.7536
464	67.6513	67.722
465	67.6513	67.7306
466	67.6513	67.6787
467	67.6513	67.6539
468	67.6513	67.6697
469	67.6513	67.6849
470	67.6513	67.6513
471	67.6513	67.6513
472	67.6513	67.6531
473	67.6513	67.6513
474	67.6513	67.6995
475	67.6513	67.7815
476	67.6513	67.6513
477	67.6513	67.6513
478	67.6513	67.6676
479	67.6513	67.6763
480	67.6513	67.7501
481	67.6513	67.7379
482	67.6513	67.7067
483	67.6513	67.724
484	67.6513	67.6513
485	67.6513	67.6706
486	67.6513	67.6683
487	67.6513	67.7067
488	67.1086	67.6491
489	67.1086	67.5748
490	67.1086	67.3493
491	67.1086	67.2263
492	67.1086	67.2357
493	67.1086	67.1984
494	67.1086	67.2506
495	67.1086	67.1086
496	67.1086	67.1086
497	67.1086	67.1554
498	67.1086	67.1632
499	67.1086	67.1106
500	67.1086	67.1288
501	67.1086	67.1695
502	67.1086	67.3574
503	67.1086	67.1619
504	67.1086	67.2028
505	67.1086	67.1381
506	67.1086	67.1123
507	67.1086	67.1221
508	67.1086	67.1621
509	67.1086	67.1816
510	67.1086	67.2555
511	67.1086	67.1105
512	67.1086	67.1121
513	67.1086	67.2282
514	67.1086	67.1611
515	67.1086	67.2863
516	67.1086	67.3134
517	67.1086	67.1643
518	67.1086	67.1501
519	67.1086	67.1086
520	67.1086	67.2237
521	67.1086	67.1527
522	67.1086	67.1364
523	67.1086	67.1404
524	67.1086	67.138
525	67.1086	67.1296
526	67.1086	67.1969
527	67.1086	67.188
528	67.1086	67.1815
529	67.1086	67.1457
530	67.1086	67.1449
531	67.1086	67.111
532	67.1086	67.1086
533	67.1086	67.1086
534	67.1086	67.1456
535	67.1086	67.1517
536	67.1086	67.1143
537	67.1086	67.1751
538	67.1086	67.2184
539	67.1086	67.1086
540	67.1086	67.1256
541	67.1086	67.1162
542	67.1086	67.1086
543	67.1086	67.165
544	67.1086	67.1086
545	67.1086	67.1567
546	67.1086	67.1178
547	67.1086	67.1472
548	67.1086	67.2196
549	67.1086	67.1613
550	67.1086	67.1398
551	67.1086	67.1219
552	67.1086	67.1833
553	67.1086	67.2246
554	67.1086	67.2474
555	67.1086	67.2118
556	67.1086	67.1658
557	67.1086	67.1357
558	67.1086	67.1086
559	67.1086	67.1717
560	67.1086	67.1723
561	67.1086	67.1299
562	67.1086	67.2288
563	67.1086	67.207
564	67.1086	67.16
565	67.1086	67.1696
566	67.1086	67.1217
567	67.1086	67.128
568	67.1086	67.1452
569	67.1086	67.1087
570	67.1086	67.1086
571	67.1086	67.1205
572	67.1086	67.3686
573	67.1086	67.1086
574	67.1086	67.1648
575	67.1086	67.1086
576	67.1086	67.1532
577	67.1086	67.1728
578	67.1086	67.2328
579	67.1086	67.1865
580	67.1086	67.1422
581	67.1086	67.1086
582	67.1086	67.138
583	67.1086	67.145
584	67.1086	67.2867
585	67.1086	67.2223
586	67.1086	67.2058
587	67.1086	67.1135
588	67.1086	67.1478
589	67.1086	67.1086
590	67.1086	67.1144
591	67.1086	67.111
592	67.1086	67.1086
593	67.1086	67.1376
594	67.1086	67.1086
595	67.1086	67.24
596	67.1086	67.4791
597	67.1086	67.1663
598	67.1086	67.4736
599	67.1086	67.325
600	67.1086	67.1703
601	67.1086	67.2052
602	67.1086	67.1307
603	67.1086	67.1154
604	67.1086	67.1782
605	67.1086	67.2143
606	67.1086	67.1086
607	67.1086	67.1086
608	67.1086	67.1199
609	67.1086	67.1086
610	67.1086	67.1098
611	67.1086	67.1086
612	67.1086	67.5613
613	67.1086	68.9953
614	67.1086	69.6477
615	67.1086	68.9083
616	67.1086	67.7683
617	67.1086	67.5126
618	67.1086	67.8201
619	67.1086	67.5392
620	67.1086	67.4179
621	67.1086	67.2506
622	67.1086	67.1691
623	67.1086	67.1698
624	67.1086	67.1539
625	67.1086	67.1159
626	67.1086	67.1086
627	67.1086	67.1086
628	67.1086	67.159
629	67.1086	67.1602
630	67.1086	67.1761
631	67.1086	67.1086
632	67.1086	67.1161
633	67.1086	67.1086
634	67.1086	67.1086
635	67.1086	67.1086
636	67.1086	67.1455
637	67.1086	67.1086
638	67.1086	67.1086
639	67.1086	67.1861
640	67.1086	67.1371
641	67.1086	67.1149
642	67.1086	67.1114
643	67.1086	67.1417
644	67.1086	67.1926
645	67.0139	67.1084
646	67.0084	67.2793
647	67.0084	67.1178
648	67.0084	67.1358
649	67.0084	67.0331
650	67.0084	67.0277
651	67.0084	67.0091
652	67.0084	67.1411
653	67.0084	67.0276
654	67.0084	67.0933
655	67.0084	67.0273
656	67.0084	67.0245
657	67.0084	67.0084
658	67.0084	67.0084
659	67.0084	67.0328
660	67.0084	67.0117
661	67.0084	67.0611
662	67.0084	67.0084
663	67.0084	67.0377
664	67.0084	67.0323
665	67.0084	67.0084
666	67.0084	67.0189
667	67.0084	67.0084
668	67.0084	67.0391
669	67.0084	67.0162
670	67.0084	67.0872
671	67.0084	67.0084
672	67.0084	67.013
673	67.0084	67.1895
674	67.0084	67.0253
675	67.0084	67.199
676	67.0084	67.0084
677	67.0084	67.1113
678	67.0084	67.0187
679	67.0084	67.0084
680	67.0084	67.0084
681	67.0084	67.0084
682	67.0084	67.0089
683	67.0084	67.0084
684	67.0084	67.0086
685	67.0084	67.0149
686	67.0084	67.0084
687	67.0084	67.131
688	67.0084	67.0084
689	67.0084	67.0568
690	67.0084	67.0084
691	67.0084	67.0119
692	67.0084	67.0088
693	67.0084	67.0084
694	67.0084	67.0084
695	67.0084	67.077
696	67.0084	67.0084
697	67.0084	67.0211
698	67.0084	67.0471
699	67.0084	67.1849
700	67.0084	67.4933
701	67.0084	67.2549
702	67.0084	67.1374
703	67.0084	67.0233
704	67.0084	67.0102
705	67.0084	67.2652
706	67.0084	67.1224
707	67.0084	67.0397
708	67.0084	67.0901
709	67.0084	67.3078
710	67.0084	67.1932
711	67.0084	67.2283
712	67.0084	67.0839
713	67.0084	67.0089
714	67.0084	67.0167
715	67.0084	67.0084
716	67.0084	67.0084
717	67.0084	67.0803
718	67.0084	67.0907
719	67.0084	67.0795
720	67.0084	67.0084
721	67.0084	67.0084
722	67.0084	67.0084
723	67.0084	67.024
724	67.0084	67.0084
725	67.0084	67.0084
726	67.0084	67.0215
727	67.0084	67.0106
728	67.0084	67.0084
729	67.0084	67.0084
730	67.0084	67.0084
731	67.0084	67.0084
732	67.0084	67.0969
733	67.0084	67.08
734	67.0084	67.2009
735	67.0084	67.1715
736	67.0084	67.0084
737	67.0084	67.0084
738	67.0084	67.0085
739	67.0084	67.2574
740	67.0084	67.2097
741	67.0084	67.1314
742	67.0084	67.0091
743	67.0084	67.0084
744	67.0084	67.0084
745	67.0084	67.0084
746	67.0084	67.0084
747	67.0084	67.0139
748	67.0084	67.0084
749	67.0084	67.0084
750	67.0084	67.0084
751	67.0084	67.0084
752	67.0084	67.0216
753	67.0084	67.0344
754	67.0084	67.2039
755	67.0084	67.053
756	67.0084	67.1001
757	67.0084	67.062
758	67.0084	67.0789
759	67.0084	67.0146
760	67.0084	67.0084
761	67.0084	67.0192
762	67.0084	67.0091
763	67.0084	67.2026
764	67.0084	67.1105
765	67.0084	67.0147
766	67.0084	67.0084
767	67.0084	67.0438
768	67.0084	67.0538
769	67.0084	67.0794
770	67.0084	67.1008
771	67.0084	67.0873
772	67.0084	67.0105
773	67.0084	67.023
774	67.0084	67.0084
775	67.0084	67.0088
776	67.0084	67.0168
777	67.0084	67.0329
778	67.0084	67.0289
779	67.0084	67.0125
780	67.0084	67.0142
781	67.0084	67.109
782	67.0084	67.0441
783	67.0084	67.0979
784	67.0084	67.0275
785	67.0084	67.0084
786	67.0084	67.0084
787	67.0084	67.0084
788	67.0084	67.0771
789	67.0084	67.0084
790	67.0084	67.0198
791	67.0084	67.0084
792	67.0084	67.0173
793	67.0084	67.13
794	67.0084	67.3753
795	67.0084	67.1071
796	67.0084	67.0179
797	67.0084	67.0137
798	67.0084	67.0084
799	67.0084	67.0084
800	67.0084	67.0084
801	67.0084	67.0084
802	67.0084	67.0941
803	67.0084	67.0084
804	67.0084	67.0084
805	67.0084	67.0134
806	67.0084	67.3482
807	67.0084	67.3058
808	67.0084	67.2799
809	67.0084	67.0632
810	67.0084	67.2426
811	67.0084	67.0434
812	67.0084	67.1053
813	67.0084	67.0498
814	67.0084	67.0084
815	67.0084	67.0554
816	67.0084	67.0795
817	67.0084	67.0095
818	67.0084	67.0088
819	67.0084	67.04
820	67.0084	67.0169
821	67.0084	67.0084
822	67.0084	67.0084
823	67.0084	67.0084
824	67.0084	67.0084
825	67.0084	67.0084
826	67.0084	67.0494
827	67.0084	67.462
828	67.0084	67.0407
829	67.0084	67.2622
830	67.0084	67.0707
831	67.0084	67.0411
832	67.0084	67.0406
833	67.0084	67.0094
834	67.0084	67.0084
835	67.0084	67.0084
836	67.0084	67.0084
837	67.0084	67.0084
838	67.0084	67.0084
839	67.0084	67.0091
840	67.0084	67.0268
841	67.0084	67.0158
842	67.0084	67.0424
843	67.0084	67.0346
844	67.0084	67.1208
845	67.0084	67.0181
846	67.0084	67.0846
847	67.0084	67.0222
848	67.0084	67.0084
849	67.0084	67.0556
850	67.0084	67.2407
851	67.0084	67.0114
852	67.0084	67.0115
853	67.0084	67.1766
854	67.0084	67.0211
855	67.0084	67.1269
856	67.0084	67.0138
857	67.0084	67.0518
858	67.0084	67.0096
859	67.0084	67.1235
860	67.0084	67.0793
861	67.0084	67.0129
862	67.0084	67.0341
863	67.0084	67.0297
864	67.0084	67.1407
865	67.0084	67.0348
866	67.0084	67.1317
867	67.0084	67.0965
868	67.0084	67.0138
869	67.0084	67.0714
870	67.0084	67.0224
871	67.0084	67.1627
872	67.0084	67.1197
873	67.0084	67.2956
874	67.0084	67.1284
875	67.0084	67.061
876	67.0084	67.0084
877	67.0084	67.0084
878	67.0084	67.0251
879	67.0084	67.0084
880	67.0084	67.1019
881	67.0084	67.0362
882	67.0084	67.0084
883	67.0084	67.0084
884	67.0084	67.0415
885	67.0084	67.0428
886	67.0084	67.0228
887	67.0084	67.0097
888	67.0084	67.0382
889	67.0084	67.0084
890	67.0084	67.0536
891	67.0084	67.0175
892	67.0084	67.0217
893	67.0084	67.1158
894	67.0084	67.1231
895	67.0084	67.1793
896	67.0084	67.076
897	67.0084	67.0357
898	67.0084	67.0222
899	67.0084	67.0084
900	67.0084	67.0084
901	67.0084	67.0084
902	67.0084	67.011
903	67.0084	67.0084
904	67.0084	67.0084
905	67.0084	67.0084
906	67.0084	67.2461
907	67.0084	67.0084
908	67.0084	67.0986
909	67.0084	67.03
910	67.0084	67.0084
911	67.0084	67.1009
912	67.0084	67.0479
913	67.0084	67.0202
914	67.0084	67.0088
915	67.0084	67.0411
916	67.0084	67.0148
917	67.0084	67.0192
918	67.0084	67.0251
919	67.0084	67.0512
920	67.0084	67.0084
921	67.0084	67.0856
922	67.0084	67.1398
923	67.0084	67.0223
924	67.0084	67.0084
925	66.9361	67.0335
926	66.9361	67.0101
927	66.9361	66.9922
928	66.9361	67.0237
929	66.9361	66.9487
930	66.9361	66.9499
931	66.9361	66.9655
932	66.9361	67.0006
933	66.9361	67.2382
934	66.9361	66.9733
935	66.9361	66.9361
936	66.9361	66.9361
937	66.9361	66.9361
938	66.9361	66.9361
939	66.9361	66.9662
940	66.9361	66.9361
941	66.9361	66.9361
942	66.9361	66.9361
943	66.9361	66.9361
944	66.9361	66.9383
945	66.9361	66.9361
946	66.9361	66.9361
947	66.9361	66.9361
948	66.9361	66.9664
949	66.9361	66.9361
950	66.9361	66.9465
951	66.9361	66.9504
952	66.9361	66.9361
953	66.9361	66.9447
954	66.9361	66.9589
955	66.9361	66.9361
956	66.9361	66.9361
957	66.9361	66.9361
958	66.9361	66.9361
959	66.9361	67.0319
960	66.9361	66.9897
961	66.9361	66.9361
962	66.9361	66.9361
963	66.9361	66.9361
964	66.9361	66.9365
965	66.9361	66.969
966	66.9361	66.9487
967	66.9361	66.9361
968	66.9361	66.9496
969	66.9361	66.9361
970	66.9361	66.9655
971	66.9361	66.9696
972	66.9361	66.9411
973	66.9361	66.9537
974	66.9361	66.9361
975	66.9361	66.9361
976	66.9361	66.9361
977	66.9361	66.9458
978	66.9361	66.9598
979	66.9361	67.0772
980	66.9361	67.1246
981	66.9361	67.333
982	66.9361	67.5863
983	66.9361	67.0762
984	66.9361	66.9595
985	66.9361	66.9412
986	66.9361	66.937
987	66.9361	66.9537
988	66.9361	66.9361
989	66.9361	66.9528
990	66.9361	66.9882
991	66.9361	66.9383
992	66.9361	66.9361
993	66.9361	66.9423
994	66.9361	66.9361
995	66.9361	66.9361
996	66.9361	67.0361
997	66.9361	67.2492
998	66.9361	67.0469
999	66.9361	66.9361
1000	66.9361	66.9361
1001	66.9361	66.9361
1002	66.9361	66.9672
1003	66.9361	67.162
1004	66.9361	67.0414
1005	66.9361	66.9444
1006	66.9361	66.9361
1007	66.9361	66.9361
1008	66.9361	66.9361
1009	66.9361	66.9361
1010	66.9361	66.9361
1011	66.9361	66.9361
1012	66.9361	67.0757
1013	66.9361	66.985
1014	66.9361	66.9374
1015	66.9361	66.9628
1016	66.9361	66.9529
1017	66.9361	67.0409
1018	66.9361	66.9944
1019	66.9361	67.0102
1020	66.9361	67.0875
1021	66.9361	66.9709
1022	66.9361	66.9361
1023	66.9361	67.0017
1024	66.9361	66.9361
1025	66.9361	66.9361
1026	66.9361	66.9579
1027	66.9361	66.9361
1028	66.9361	66.9361
1029	66.9361	66.9369
1030	66.9361	66.9361
1031	66.9361	66.9886
1032	66.9361	66.9522
1033	66.9361	66.9361
1034	66.9361	66.9555
1035	66.9361	66.9361
1036	66.9361	67.0073
1037	66.9361	66.9405
1038	66.9361	66.9669
1039	66.9361	66.9667
1040	66.9361	67.0869
1041	66.9361	67.1996
1042	66.9361	67.033
1043	66.9361	66.9389
1044	66.9361	66.9911
1045	66.9361	67.0353
1046	66.9361	67.0872
1047	66.9361	67.0745
1048	66.9361	66.9361
1049	66.9361	66.9361
1050	66.9361	66.9436
1051	66.9361	66.9483
1052	66.9361	66.9452
1053	66.9361	67.0481
1054	66.9361	66.9361
1055	66.9361	66.9378
1056	66.9361	67.0234
1057	66.9361	66.9361
1058	66.9361	66.9374
1059	66.9361	67.0528
1060	66.9361	67.0011
1061	66.9361	66.9361
1062	66.9361	66.9361
1063	66.9361	66.9428
1064	66.9361	66.9361
1065	66.9361	66.9361
1066	66.7873	67.026
1067	66.7873	66.9538
1068	66.7873	66.9797
1069	66.7873	66.8213
1070	66.7873	66.795
1071	66.7873	66.7916
1072	66.7873	66.8028
1073	66.7873	66.8514
1074	66.7873	66.7873
1075	66.7873	66.7944
1076	66.7873	66.8075
1077	66.7873	66.818
1078	66.7873	66.916
1079	66.7873	66.8645
1080	66.7873	66.7899
1081	66.7873	66.809
1082	66.7873	66.7873
1083	66.7873	66.8094
1084	66.7873	66.7873
1085	66.7873	66.8327
1086	66.7873	66.8761
1087	66.7873	66.7873
1088	66.7873	66.7894
1089	66.7873	66.8446
1090	66.7873	66.7917
1091	66.7873	66.819
1092	66.7873	66.9388
1093	66.7873	66.7873
1094	66.7873	66.7873
1095	66.7873	66.7873
1096	66.7873	66.7873
1097	66.7873	66.8211
1098	66.7873	66.8257
1099	66.7873	66.8451
1100	66.7873	66.919
1101	66.7873	66.8465
1102	66.7873	66.7873
1103	66.7873	66.8597
1104	66.7873	66.802
1105	66.7873	66.8722
1106	66.7873	66.8032
1107	66.7873	66.8184
1108	66.7873	66.8638
1109	66.7873	66.8626
1110	66.7873	66.7953
1111	66.7873	66.7873
1112	66.7873	66.7873
1113	66.7873	66.7873
1114	66.7873	66.7873
1115	66.7873	66.7873
1116	66.7873	66.9064
1117	66.7873	66.7873
1118	66.7873	66.8152
1119	66.7873	66.7873
1120	66.7873	66.7973
1121	66.7873	66.7873
1122	66.7873	66.7873
1123	66.7873	66.7873
1124	66.7873	66.8012
1125	66.7873	66.7873
1126	66.7873	66.8223
1127	66.7873	66.8682
1128	66.7873	66.9649
1129	66.7873	66.7875
1130	66.7873	66.7873
1131	66.7873	66.8199
1132	66.7873	66.8097
1133	66.7873	66.8202
1134	66.7873	66.8597
1135	66.7873	66.8506
1136	66.7873	66.8781
1137	66.7873	66.7947
1138	66.7873	66.7953
1139	66.7873	66.9323
1140	66.7873	66.9955
1141	66.7873	66.89
1142	66.7873	66.8399
1143	66.7873	66.9037
1144	66.7873	66.9446
1145	66.7873	66.8141
1146	66.7873	66.7873
1147	66.7873	66.8018
1148	66.7873	66.7873
1149	66.7873	66.7951
1150	66.7873	66.7873
1151	66.7873	66.7873
1152	66.7873	66.7873
1153	66.7873	66.7873
1154	66.7873	66.8678
1155	66.7873	67.0629
1156	66.7873	66.8268
1157	66.7873	66.887
1158	66.7873	66.7873
1159	66.7873	66.7873
1160	66.7873	66.7957
1161	66.7873	66.8045
1162	66.7873	66.8139
1163	66.7873	66.845
1164	66.7873	66.828
1165	66.7873	66.999
1166	66.7873	66.9018
1167	66.7873	66.822
1168	66.7873	66.7895
1169	66.7873	66.8034
1170	66.7873	66.7873
1171	66.7873	66.7873
1172	66.7873	66.7873
1173	66.7873	66.8533
1174	66.7873	66.7987
1175	66.7873	66.915
1176	66.7873	66.8052
1177	66.7873	66.8548
1178	66.7873	66.8654
1179	66.7873	66.7873
1180	66.7873	66.8338
1181	66.7873	66.8586
1182	66.7873	66.7873
1183	66.7873	67.0247
1184	66.7873	66.9024
1185	66.7873	66.9471
1186	66.7873	67.0069
1187	66.7873	66.7884
1188	66.7873	66.8805
1189	66.7873	66.831
1190	66.7873	66.8435
1191	66.7873	66.8491
1192	66.7873	66.7873
1193	66.7873	66.8991
1194	66.7873	66.8822
1195	66.7873	66.8258
1196	66.7873	66.7873
1197	66.7873	66.7873
1198	66.7873	66.8345
1199	66.7873	66.8092
1200	66.7873	66.903
1201	66.7873	66.7896
1202	66.7873	66.7986
1203	66.7873	66.7873
1204	66.7873	66.9736
1205	66.7873	66.8131
1206	66.7873	66.7873
1207	66.7873	66.7873
1208	66.7873	66.8884
1209	66.7873	67.1237
1210	66.7873	66.8679
1211	66.7873	66.7873
1212	66.7873	66.83
1213	66.7873	66.7981
1214	66.7873	66.8166
1215	66.7873	66.7897
1216	66.7873	67.0078
1217	66.7873	66.9365
1218	66.7873	66.8877
1219	66.7873	66.8597
1220	66.7873	66.7873
1221	66.7873	66.8576
1222	66.7873	66.8207
1223	66.7873	66.8803
1224	66.7873	66.8576
1225	66.7873	66.7996
1226	66.7873	66.792
1227	66.7873	66.8207
1228	66.7873	66.9838
1229	66.7873	66.97
1230	66.7873	66.802
1231	66.7873	66.7873
1232	66.7873	66.7901
1233	66.7873	66.8495
1234	66.7873	66.7901
1235	66.7873	66.929
1236	66.7873	66.8469
1237	66.7873	66.8267
1238	66.7873	66.8719
1239	66.7873	66.7873
1240	66.7873	66.8006
1241	66.7873	66.8274
1242	66.7873	66.8901
1243	66.7873	66.8036
1244	66.7873	66.8938
1245	66.7873	66.8655
1246	66.7873	66.8229
1247	66.7873	66.7882
1248	66.7873	66.8295
1249	66.7873	66.8107
1250	66.7873	67.0352
1251	66.7873	67.2092
1252	66.7873	66.881
1253	66.7873	66.8413
1254	66.7873	66.7873
1255	66.597	66.8014
1256	66.597	66.7639
1257	66.597	66.715
1258	66.597	66.6801
1259	66.597	66.647
1260	66.597	66.6003
1261	66.597	66.6037
1262	66.597	66.5977
1263	66.597	66.6498
1264	66.597	66.6387
1265	66.597	66.597
1266	66.597	66.597
1267	66.597	66.5977
1268	66.597	66.597
1269	66.597	66.597
1270	66.597	66.597
1271	66.597	66.5979
1272	66.597	66.597
1273	66.597	66.6034
1274	66.597	66.597
1275	66.597	66.6437
1276	66.597	66.6272
1277	66.597	66.6374
1278	66.597	66.5985
1279	66.597	66.597
1280	66.597	66.6709
1281	66.597	66.597
1282	66.597	66.6227
1283	66.597	66.6081
1284	66.597	66.6124
1285	66.597	66.6661
1286	66.597	66.6859
1287	66.597	66.692
1288	66.597	66.5997
1289	66.597	66.6982
1290	66.597	66.597
1291	66.597	66.6421
1292	66.597	66.6262
1293	66.597	66.5978
1294	66.597	66.597
1295	66.597	66.6983
1296	66.597	66.597
1297	66.597	66.8658
1298	66.597	66.6163
1299	66.597	66.8123
1300	66.597	66.62
1301	66.597	66.6461
1302	66.597	66.597
1303	66.597	66.597
1304	66.597	66.597
1305	66.597	66.597
1306	66.597	66.6025
1307	66.597	66.5985
1308	66.597	66.8896
1309	66.597	66.8665
1310	66.597	66.6982
1311	66.597	66.6906
1312	66.597	66.6652
1313	66.597	66.6397
1314	66.597	66.597
1315	66.597	66.7662
1316	66.597	66.6259
1317	66.597	66.707
1318	66.597	66.6047
1319	66.597	66.6384
1320	66.597	66.7525
1321	66.597	66.6643
1322	66.597	66.597
1323	66.597	66.6293
1324	66.597	66.8029
1325	66.597	66.6388
1326	66.597	66.874
1327	66.597	66.7279
1328	66.597	66.6707
1329	66.597	66.6308
1330	66.597	66.597
1331	66.597	66.597
1332	66.597	66.8403
1333	66.597	66.7094
1334	66.597	66.7938
1335	66.597	66.597
1336	66.597	66.6122
1337	66.597	66.622
1338	66.597	66.6915
1339	66.597	66.7513
1340	66.597	66.7073
1341	66.597	66.6606
1342	66.597	66.6121
1343	66.597	66.597
1344	66.597	66.597
1345	66.597	66.6283
1346	66.597	66.5973
1347	66.597	66.606
1348	66.597	66.597
1349	66.597	66.7033
1350	66.597	66.668
1351	66.597	66.597
1352	66.597	66.597
1353	66.597	66.597
1354	66.597	66.6624
1355	66.597	66.6195
1356	66.597	66.6626
1357	66.597	66.7804
1358	66.597	66.6476
1359	66.597	66.597
1360	66.597	66.597
1361	66.597	66.597
1362	66.597	66.6013
1363	66.597	66.597
1364	66.597	66.597
1365	66.597	66.6117
1366	66.597	66.597
1367	66.597	66.597
1368	66.597	66.597
1369	66.597	66.6021
1370	66.597	66.597
1371	66.597	66.5976
1372	66.597	66.5999
1373	66.597	66.597
1374	66.597	66.6121
1375	66.597	66.597
1376	66.597	66.597
1377	66.597	66.6178
1378	66.597	66.616
1379	66.597	66.6626
1380	66.597	66.7193
1381	66.597	66.6159
1382	66.597	66.6021
1383	66.597	66.6251
1384	66.597	66.6085
1385	66.597	66.7391
1386	66.597	66.6212
1387	66.597	66.6584
1388	66.597	66.6081
1389	66.597	66.597
1390	66.597	66.597
1391	66.597	66.597
1392	66.597	66.597
1393	66.597	66.6822
1394	66.597	66.7402
1395	66.597	66.7367
1396	66.597	66.6891
1397	66.597	66.6575
1398	66.597	66.597
1399	66.597	66.6139
1400	66.597	66.6163
1401	66.597	66.635
1402	66.597	66.6059
1403	66.597	66.6858
1404	66.597	66.597
1405	66.597	66.597
1406	66.597	66.6729
1407	66.597	66.597
1408	66.597	66.602
1409	66.597	66.6287
1410	66.597	66.597
1411	66.597	66.6075
1412	66.597	66.6467
1413	66.597	66.8214
1414	66.597	66.675
1415	66.597	66.9247
1416	66.597	66.7605
1417	66.597	66.7644
1418	66.597	66.9338
1419	66.597	66.7376
1420	66.597	66.597
1421	66.597	66.6365
1422	66.597	66.7048
1423	66.597	66.7151
1424	66.597	66.7475
1425	66.597	66.62
1426	66.597	66.6578
1427	66.597	66.6645
1428	66.597	66.597
1429	66.597	66.597
1430	66.597	66.597
1431	66.597	66.6761
1432	66.597	66.6246
1433	66.597	66.7128
1434	66.597	66.7309
1435	66.597	66.7424
1436	66.597	66.7326
1437	66.597	66.7365
1438	66.597	66.6801
1439	66.597	66.662
1440	66.597	66.6015
1441	66.597	66.6263
1442	66.597	66.6612
1443	66.597	66.6929
1444	66.597	66.6858
1445	66.597	66.6132
1446	66.597	66.6426
1447	66.597	66.597
1448	66.597	66.597
1449	66.597	66.6212
1450	66.597	66.6011
1451	66.597	66.597
1452	66.597	66.6977
1453	66.597	66.597
1454	66.597	66.6631
1455	66.597	66.597
1456	66.597	66.6511
1457	66.597	66.6947
1458	66.597	66.5978
1459	66.597	66.597
1460	66.597	66.6071
1461	66.597	66.6061
1462	66.597	66.6183
1463	66.597	66.634
1464	66.597	66.597
1465	66.597	66.597
1466	66.597	66.597
1467	66.597	66.597
1468	66.597	66.597
1469	66.597	66.597
1470	66.597	66.597
1471	66.597	66.6443
1472	66.597	66.6526
1473	66.597	66.5979
1474	66.597	66.6279
1475	66.597	66.6523
1476	66.597	66.6116
1477	66.597	66.6147
1478	66.597	66.7631
1479	66.597	66.6357
1480	66.597	66.597
1481	66.597	66.597
1482	66.597	66.718
1483	66.597	66.6715
1484	66.597	66.7099
1485	66.597	66.6176
1486	66.597	66.597
1487	66.597	66.6484
1488	66.597	66.6227
1489	66.597	66.6899
1490	66.597	66.6313
1491	66.597	66.6157
1492	66.597	66.597
1493	66.597	66.597
1494	66.597	66.597
1495	66.597	66.6769
1496	66.597	66.7318
1497	66.597	66.6138
1498	66.597	66.6411
1499	66.597	66.597
1500	66.597	66.597
1501	66.597	66.6308
1502	66.597	66.7215
1503	66.597	66.6189
1504	66.597	66.6263
1505	66.597	66.6104
1506	66.597	66.597
1507	66.597	66.597
1508	66.597	66.6036
1509	66.597	66.5995
1510	66.597	66.6158
1511	66.597	66.6313
1512	66.597	66.6178
1513	66.597	66.597
1514	66.597	66.6329
1515	66.597	66.9658
1516	66.597	66.814
1517	66.597	66.6898
1518	66.597	66.5995
1519	66.597	66.597
1520	66.597	66.6493
1521	66.597	66.7263
1522	66.597	66.7007
1523	66.597	66.7585
1524	66.597	66.597
1525	66.597	66.7384
1526	66.597	66.6509
1527	66.597	66.8497
1528	66.597	66.7162
1529	66.597	66.648
1530	66.597	66.6309
1531	66.597	66.597
1532	66.597	66.597
1533	66.597	66.597
1534	66.597	66.597
1535	66.597	66.597
1536	66.597	66.597
1537	66.597	66.6196
1538	66.597	66.597
1539	66.597	66.597
1540	66.597	66.597
1541	66.597	66.6212
1542	66.597	66.7322
1543	66.597	66.6176
1544	66.597	66.597
1545	66.597	66.7149
1546	66.597	66.8037
1547	66.597	66.9616
1548	66.597	66.8405
1549	66.597	66.6482
1550	66.597	66.597
1551	66.597	66.5999
1552	66.597	66.6074
1553	66.597	66.6629
1554	66.597	66.6062
1555	66.597	66.6322
1556	66.597	66.6903
1557	66.597	66.7562
1558	66.597	66.6092
1559	66.597	66.6516
1560	66.597	66.5987
1561	66.597	66.6104
1562	66.597	66.597
1563	66.597	66.643
1564	66.597	66.6
1565	66.597	66.597
1566	66.597	66.6654
1567	66.597	66.648
1568	66.597	66.6056
1569	66.597	66.6
1570	66.597	66.6002
1571	66.597	66.6136
1572	66.597	66.597
1573	66.597	66.597
1574	66.597	66.5999
1575	66.597	66.597
1576	66.597	66.6001
1577	66.597	66.597
1578	66.597	66.597
1579	66.597	66.6773
1580	66.597	66.597
1581	66.597	66.597
1582	66.597	66.6136
1583	66.597	66.5995
1584	66.597	66.597
1585	66.597	66.6049
1586	66.597	66.6937
1587	66.597	66.6541
1588	66.597	66.6104
1589	66.597	66.597
1590	66.597	66.597
1591	66.597	66.597
1592	66.597	66.6336
1593	66.597	66.7575
1594	66.597	66.6882
1595	66.597	66.7547
1596	66.597	66.7105
1597	66.597	66.6838
1598	66.597	66.6153
1599	66.597	66.6042
1600	66.597	66.6028
1601	66.597	66.631
1602	66.597	66.5975
1603	66.597	66.7068
1604	66.597	66.597
1605	66.597	66.597
1606	66.597	66.5983
1607	66.597	66.597
1608	66.597	66.597
1609	66.597	66.597
1610	66.597	66.597
1611	66.597	66.597
1612	66.597	66.6276
1613	66.597	66.6761
1614	66.597	66.5983
1615	66.597	66.8108
1616	66.597	66.6731
1617	66.597	66.6061
1618	66.597	66.6023
1619	66.597	66.597
1620	66.597	66.6198
1621	66.597	66.6177
1622	66.597	66.6168
1623	66.597	66.6027
1624	66.597	66.6222
1625	66.597	66.692
1626	66.597	66.6629
1627	66.597	66.6398
1628	66.597	66.6485
1629	66.597	66.6768
1630	66.597	66.5979
1631	66.597	66.6191
1632	66.597	66.693
1633	66.597	66.8006
1634	66.597	66.7559
1635	66.597	66.6066
1636	66.597	66.598
1637	66.597	66.597
1638	66.597	66.597
1639	66.597	66.597
1640	66.597	66.597
1641	66.597	66.5994
1642	66.597	66.597
1643	66.597	66.597
1644	66.597	66.597
1645	66.597	66.597
1646	66.597	66.7003
1647	66.597	66.6181
1648	66.597	66.7071
1649	66.597	66.6585
1650	66.597	66.6198
1651	66.597	66.597
1652	66.597	66.669
1653	66.597	66.6165
1654	66.597	66.6143
1655	66.597	66.597
1656	66.597	66.6003
1657	66.597	66.6032
1658	66.597	66.597
1659	66.597	66.604
1660	66.597	66.6709
1661	66.597	66.6998
1662	66.597	66.597
1663	66.597	66.597
1664	66.597	66.6432
1665	66.597	66.597
1666	66.597	66.6863
1667	66.597	66.8207
1668	66.597	66.716
1669	66.597	66.6092
1670	66.597	66.597
1671	66.597	66.597
1672	66.597	66.597
1673	66.597	66.597
1674	66.597	66.597
1675	66.597	66.6194
1676	66.597	66.6847
1677	66.597	66.6089
1678	66.597	66.597
1679	66.597	66.597
1680	66.597	66.597
1681	66.597	66.597
1682	66.597	66.597
1683	66.597	66.6298
1684	66.597	66.645
1685	66.597	66.6105
1686	66.597	66.6243
1687	66.597	66.597
1688	66.597	66.597
1689	66.597	66.6244
1690	66.597	66.6781
1691	66.597	66.628
1692	66.597	66.597
1693	66.597	66.7046
1694	66.597	66.6997
1695	66.597	67.0432
1696	66.597	66.8763
1697	66.597	66.9459
1698	66.597	66.6745
1699	66.597	66.6568
1700	66.597	66.6565
1701	66.597	66.6979
1702	66.597	66.6318
1703	66.597	66.6707
1704	66.597	66.6426
1705	66.597	66.6249
1706	66.597	66.6097
1707	66.597	66.6032
1708	66.597	66.6663
1709	66.597	66.6015
1710	66.597	66.7098
1711	66.597	66.7356
1712	66.597	66.8523
1713	66.597	66.7009
1714	66.597	66.6087
1715	66.597	66.7154
1716	66.597	66.6571
1717	66.597	66.597
1718	66.597	66.597
1719	66.597	66.597
1720	66.597	66.597
1721	66.597	66.597
1722	66.597	66.9293
1723	66.597	66.6178
1724	66.597	66.6796
1725	66.597	66.7516
1726	66.597	66.7565
1727	66.597	66.672
1728	66.597	66.6814
1729	66.597	66.597
1730	66.597	66.597
1731	66.597	66.597
1732	66.597	66.6299
1733	66.597	66.6143
1734	66.597	66.657
1735	66.597	66.652
1736	66.597	66.7897
1737	66.597	66.597
1738	66.597	66.597
1739	66.597	66.597
1740	66.597	66.6068
1741	66.597	66.597
1742	66.597	66.6057
1743	66.597	66.6089
1744	66.597	66.597
1745	66.597	66.5989
1746	66.597	66.6851
1747	66.597	66.6369
1748	66.597	66.597
1749	66.597	66.6325
1750	66.597	66.724
1751	66.597	66.6176
1752	66.597	66.6757
1753	66.597	66.6918
1754	66.597	66.6651
1755	66.597	66.597
1756	66.597	66.5986
1757	66.597	66.6413
1758	66.597	66.8162
1759	66.597	66.6306
1760	66.597	66.5996
1761	66.597	66.6017
1762	66.597	66.6542
1763	66.597	66.8218
1764	66.597	66.6375
1765	66.597	66.7064
1766	66.597	66.646
1767	66.597	66.623
1768	66.597	66.6747
1769	66.597	66.7304
1770	66.597	66.619
1771	66.597	66.6583
1772	66.597	66.6041
1773	66.597	66.6123
1774	66.597	66.7553
1775	66.597	66.6109
1776	66.597	66.7169
1777	66.597	66.6213
1778	66.597	66.6297
1779	66.597	66.6582
1780	66.597	66.723
1781	66.597	66.6074
1782	66.597	66.597
1783	66.597	66.597
1784	66.597	66.6001
1785	66.597	66.5985
1786	66.597	66.6496
1787	66.597	66.6233
1788	66.597	66.653
1789	66.597	66.6165
1790	66.597	66.6467
1791	66.597	66.597
1792	66.597	66.597
1793	66.597	66.597
1794	66.597	66.597
1795	66.597	66.6357
1796	66.597	66.6854
1797	66.597	66.6902
1798	66.597	66.7107
1799	66.597	66.6288
1800	66.597	66.6959
1801	66.597	66.6102
1802	66.597	66.917
1803	66.597	66.6578
1804	66.597	66.6848
1805	66.597	66.6216
1806	66.597	66.6477
1807	66.597	66.6709
1808	66.597	66.6446
1809	66.597	66.6321
1810	66.597	66.6632
1811	66.597	66.6152
1812	66.597	66.6794
1813	66.597	66.7759
1814	66.597	66.6281
1815	66.597	66.6441
1816	66.597	66.597
1817	66.597	66.597
1818	66.597	66.6737
1819	66.597	66.8333
1820	66.597	66.6927
1821	66.597	66.597
1822	66.597	66.6304
1823	66.597	66.597
1824	66.597	66.6203
1825	66.597	66.6036
1826	66.597	66.597
1827	66.597	66.6912
1828	66.597	66.6019
1829	66.597	66.6455
1830	66.597	66.653
1831	66.597	66.7118
1832	66.597	66.6358
1833	66.597	66.597
1834	66.597	66.597
1835	66.597	66.6642
1836	66.597	66.6006
1837	66.597	66.649
1838	66.597	66.7489
1839	66.597	66.6592
1840	66.597	66.597
1841	66.597	66.597
1842	66.597	66.6343
1843	66.597	66.6083
1844	66.597	66.6072
1845	66.597	66.597
1846	66.597	66.597
1847	66.597	66.6216
1848	66.597	66.6515
1849	66.597	66.6958
1850	66.597	66.5983
1851	66.597	66.6409
1852	66.597	66.8042
1853	66.597	66.7392
1854	66.597	66.6797
1855	66.597	66.597
1856	66.597	66.597
1857	66.597	66.597
1858	66.597	66.597
1859	66.597	66.597
1860	66.597	66.6086
1861	66.597	66.7523
1862	66.597	66.6197
1863	66.597	66.6597
1864	66.597	66.597
1865	66.597	66.597
1866	66.597	66.647
1867	66.597	66.633
1868	66.597	66.6375
1869	66.597	66.6036
1870	66.597	66.597
1871	66.597	66.597
1872	66.597	66.625
1873	66.597	66.597
1874	66.597	66.5984
1875	66.597	66.5977
1876	66.597	66.597
1877	66.597	66.645
1878	66.597	66.6317
1879	66.597	66.597
1880	66.597	66.6739
1881	66.597	66.597
1882	66.597	66.597
1883	66.597	66.6629
1884	66.597	66.7023
1885	66.597	66.6683
1886	66.597	66.6159
1887	66.597	66.605
1888	66.597	66.6178
1889	66.597	66.6524
1890	66.597	66.7036
1891	66.597	66.597
1892	66.597	66.5994
1893	66.597	66.597
1894	66.597	66.597
1895	66.597	66.5988
1896	66.597	66.6242
1897	66.597	66.6987
1898	66.597	66.6569
1899	66.597	66.6029
1900	66.597	66.6628
1901	66.597	66.6737
1902	66.597	66.6327
1903	66.597	66.6283
1904	66.597	66.597
1905	66.597	66.597
1906	66.597	66.597
1907	66.597	66.6012
1908	66.597	66.6703
1909	66.597	66.7948
1910	66.597	66.6673
1911	66.597	66.6643
1912	66.597	66.6779
1913	66.597	66.8127
1914	66.597	67.0584
1915	66.597	66.9206
1916	66.597	66.6909
1917	66.597	66.6723
1918	66.597	66.597
1919	66.597	66.6385
1920	66.597	66.6719
1921	66.597	66.7775
1922	66.597	66.8265
1923	66.597	66.8306
1924	66.597	66.9019
1925	66.597	66.6744
1926	66.597	66.597
1927	66.597	66.597
1928	66.597	66.597
1929	66.597	66.597
1930	66.597	66.6428
1931	66.597	66.6377
1932	66.597	66.6498
1933	66.597	66.6166
1934	66.597	66.5978
1935	66.597	66.5972
1936	66.597	66.679
1937	66.597	66.7396
1938	66.597	66.8093
1939	66.597	66.7417
1940	66.597	66.6162
1941	66.597	66.7345
1942	66.597	66.7696
1943	66.597	66.8434
1944	66.597	66.6333
1945	66.597	66.6303
1946	66.597	66.6035
1947	66.597	66.6153
1948	66.597	66.6346
1949	66.597	66.6145
1950	66.597	66.7613
1951	66.597	66.6234
1952	66.597	66.6256
1953	66.597	66.597
1954	66.597	66.6005
1955	66.597	66.597
1956	66.597	66.6201
1957	66.597	66.597
1958	66.597	66.6852
1959	66.597	66.7406
1960	66.597	66.6056
1961	66.597	66.597
1962	66.597	66.6876
1963	66.597	66.6524
1964	66.597	66.597
1965	66.597	66.597
1966	66.597	66.597
1967	66.597	66.597
1968	66.597	66.6045
1969	66.597	66.6966
1970	66.597	66.616
1971	66.597	66.6513
1972	66.597	66.597
1973	66.597	66.5984
1974	66.597	66.597
1975	66.597	66.6884
1976	66.597	66.7009
1977	66.597	66.597
1978	66.597	66.597
1979	66.597	66.597
1980	66.597	66.597
1981	66.597	66.7393
1982	66.597	66.6332
1983	66.597	66.6244
1984	66.597	66.6449
1985	66.597	66.6873
1986	66.597	66.6536
1987	66.597	66.6302
1988	66.597	66.6599
1989	66.597	66.6417
1990	66.597	66.614
1991	66.597	66.6902
1992	66.597	66.597
1993	66.597	66.7632
1994	66.597	66.6022
1995	66.597	66.597
1996	66.597	66.6162
1997	66.597	66.7214
1998	66.597	66.5991
1999	66.597	66.597
2000	66.597	66.6025
2001	66.597	66.6067
2002	66.597	66.597
2003	66.597	66.6115
2004	66.597	66.6289
2005	66.597	66.8253
2006	66.597	66.7288
2007	66.597	66.6097
2008	66.597	66.6479
2009	66.597	66.6056
2010	66.597	66.6229
2011	66.597	66.6081
2012	66.597	66.6137
2013	66.597	66.6025
2014	66.597	66.598
2015	66.597	66.6781
2016	66.597	66.6421
2017	66.597	66.7391
2018	66.597	66.5999
2019	66.597	66.6024
2020	66.597	66.7504
2021	66.597	66.7966
2022	66.597	66.8878
2023	66.597	66.7868
2024	66.597	66.8029
2025	66.597	66.622
2026	66.597	66.6204
2027	66.597	66.597
2028	66.597	66.597
2029	66.597	66.597
2030	66.597	66.6106
2031	66.597	66.597
2032	66.597	66.597
2033	66.597	66.597
2034	66.597	66.597
2035	66.597	66.6257
2036	66.597	66.6402
2037	66.597	66.6001
2038	66.597	66.6647
2039	66.597	66.6329
2040	66.597	66.7304
2041	66.597	66.6347
2042	66.597	66.6133
2043	66.597	66.597
2044	66.597	66.6636
2045	66.597	66.6495
2046	66.597	66.597
2047	66.597	66.597
2048	66.597	66.6961
2049	66.597	66.6733
2050	66.597	66.7683
2051	66.597	66.6431
2052	66.597	66.597
2053	66.597	66.6057
2054	66.597	66.6103
2055	66.597	66.6758
2056	66.597	66.7137
2057	66.597	66.7768
2058	66.597	66.6161
2059	66.597	66.6155
2060	66.597	66.598
2061	66.597	66.9432
2062	66.597	66.7458
2063	66.597	66.6004
2064	66.597	66.597
2065	66.597	66.597
2066	66.597	66.597
2067	66.597	66.597
2068	66.597	66.597
2069	66.597	66.6278
2070	66.597	66.597
2071	66.597	66.597
2072	66.597	66.597
2073	66.597	66.6124
2074	66.597	66.6476
2075	66.597	66.597
2076	66.597	66.597
2077	66.597	66.6507
2078	66.597	66.6906
2079	66.597	66.6598
2080	66.597	66.8623
2081	66.597	66.989
2082	66.597	66.6648
2083	66.597	66.597
2084	66.597	66.632
2085	66.597	66.6571
2086	66.597	66.824
2087	66.597	66.6933
2088	66.597	66.6693
2089	66.597	66.6544
2090	66.597	66.6236
2091	66.597	66.597
2092	66.597	66.6355
2093	66.597	66.7778
2094	66.597	66.6524
2095	66.597	66.6323
2096	66.597	66.6231
2097	66.597	66.7098
2098	66.597	66.638
2099	66.597	66.597
2100	66.597	66.6
2101	66.597	66.6137
2102	66.597	66.7194
2103	66.597	66.6065
2104	66.597	66.6378
2105	66.597	66.597
2106	66.597	66.597
2107	66.597	66.7243
2108	66.597	66.7961
2109	66.597	66.7636
2110	66.597	66.6211
2111	66.597	66.7571
2112	66.597	66.6409
2113	66.597	66.6497
2114	66.597	66.8472
2115	66.597	66.7297
2116	66.597	66.597
2117	66.597	66.597
2118	66.597	66.597
2119	66.597	66.597
2120	66.597	66.597
2121	66.597	66.597
2122	66.597	66.597
2123	66.597	66.6232
2124	66.597	66.6414
2125	66.597	66.6669
2126	66.597	67.0344
2127	66.597	66.597
2128	66.597	66.597
2129	66.597	66.6092
2130	66.597	66.597
2131	66.597	66.6625
2132	66.597	66.6944
2133	66.597	66.7039
2134	66.597	66.6657
2135	66.597	66.8191
2136	66.597	66.7504
2137	66.597	66.6487
2138	66.597	66.597
2139	66.597	66.7091
2140	66.597	66.7342
2141	66.597	66.8133
2142	66.597	66.7264
2143	66.597	66.7011
2144	66.597	66.701
2145	66.597	66.6274
2146	66.597	66.6012
2147	66.597	66.597
2148	66.597	66.597
2149	66.597	66.597
2150	66.597	66.611
2151	66.597	66.7166
2152	66.597	66.6494
2153	66.597	66.6251
2154	66.597	66.597
2155	66.597	66.597
2156	66.597	66.6101
2157	66.597	66.597
2158	66.597	66.61
2159	66.597	66.6128
2160	66.597	66.6033
2161	66.597	66.6003
2162	66.597	66.6953
2163	66.597	66.597
2164	66.597	66.606
2165	66.597	66.6225
2166	66.597	66.6588
2167	66.597	66.6281
2168	66.597	66.6564
2169	66.597	66.597
2170	66.597	66.6579
2171	66.597	66.7404
2172	66.597	66.6789
2173	66.597	66.6903
2174	66.597	66.6206
2175	66.597	66.6302
2176	66.597	66.614
2177	66.597	66.597
2178	66.597	66.84
2179	66.597	66.6113
2180	66.597	66.6892
2181	66.597	66.692
2182	66.597	66.6861
2183	66.597	66.597
2184	66.597	66.6172
2185	66.597	66.6789
2186	66.597	66.6097
2187	66.597	66.6755
2188	66.597	66.6596
2189	66.597	66.597
2190	66.597	66.7348
2191	66.597	66.6138
2192	66.597	66.597
2193	66.597	66.597
2194	66.597	66.597
2195	66.597	66.597
2196	66.597	66.6173
2197	66.597	66.8764
2198	66.597	66.597
2199	66.597	66.597
2200	66.597	66.597
2201	66.597	66.6405
2202	66.597	66.6399
2203	66.597	66.597
2204	66.597	66.6299
2205	66.597	66.7371
2206	66.597	66.6808
2207	66.597	66.6303
2208	66.597	66.6129
2209	66.597	66.6162
2210	66.597	66.6305
2211	66.597	66.5984
2212	66.597	66.6244
2213	66.597	66.6197
2214	66.597	66.6238
2215	66.597	66.6254
2216	66.597	66.597
2217	66.597	66.6073
2218	66.597	66.6016
2219	66.597	66.8086
2220	66.597	66.7549
2221	66.597	66.6631
2222	66.597	66.6048
2223	66.597	66.597
2224	66.597	66.597
2225	66.597	66.6359
2226	66.597	66.6964
2227	66.597	66.7726
2228	66.597	66.671
2229	66.597	66.597
2230	66.597	66.8023
2231	66.597	66.7314
2232	66.597	66.6093
2233	66.597	66.7043
2234	66.597	66.8184
2235	66.597	66.66
2236	66.597	66.6044
2237	66.597	66.8198
2238	66.597	66.597
2239	66.597	66.597
2240	66.597	66.6585
2241	66.597	66.6612
2242	66.597	66.597
2243	66.597	66.597
2244	66.597	66.597
2245	66.597	66.597
2246	66.597	66.597
2247	66.597	66.597
2248	66.597	66.597
2249	66.597	66.8154
2250	66.597	66.7098
2251	66.597	67.0745
2252	66.597	66.8587
2253	66.597	66.597
2254	66.597	66.597
2255	66.597	66.6017
2256	66.597	66.6384
2257	66.597	66.597
2258	66.597	66.6634
2259	66.597	66.6015
2260	66.597	66.6152
2261	66.597	66.6078
2262	66.597	66.642
2263	66.597	66.5971
2264	66.597	66.597
2265	66.597	66.597
2266	66.597	66.597
2267	66.597	66.597
2268	66.597	66.598
2269	66.597	66.597
2270	66.597	66.6486
2271	66.597	66.6353
2272	66.597	66.597
2273	66.597	66.7222
2274	66.597	66.6859
2275	66.597	66.7623
2276	66.597	66.6938
2277	66.597	66.597
2278	66.597	66.597
2279	66.597	66.6237
2280	66.597	66.6869
2281	66.597	66.7168
2282	66.597	66.597
2283	66.597	66.602
2284	66.597	66.6524
2285	66.597	66.6262
2286	66.597	66.6428
2287	66.597	66.7167
2288	66.597	66.6519
2289	66.597	66.6931
2290	66.597	66.6867
2291	66.597	66.597
2292	66.597	66.6304
2293	66.597	66.5986
2294	66.597	66.6742
2295	66.597	66.6155
2296	66.597	66.6315
2297	66.597	66.8046
2298	66.597	66.7665
2299	66.597	66.697
2300	66.597	66.718
2301	66.597	66.6664
2302	66.597	66.6849
2303	66.597	66.597
2304	66.597	66.597
2305	66.597	66.597
2306	66.597	66.6114
2307	66.597	66.674
2308	66.597	66.8184
2309	66.597	66.6806
2310	66.597	66.6668
2311	66.597	66.597
2312	66.597	66.597
2313	66.597	66.5988
2314	66.597	66.597
2315	66.597	66.628
2316	66.597	66.598
2317	66.597	66.6078
2318	66.597	66.597
2319	66.597	66.597
2320	66.597	66.6436
2321	66.597	66.6615
2322	66.597	66.597
2323	66.597	66.597
2324	66.597	66.6134
2325	66.597	66.597
2326	66.597	66.597
2327	66.597	66.597
2328	66.597	66.597
2329	66.597	66.6122
2330	66.597	66.597
2331	66.597	66.6694
2332	66.597	66.6332
2333	66.597	66.7003
2334	66.597	66.6792
2335	66.597	66.7022
2336	66.597	66.7073
2337	66.597	66.597
2338	66.597	66.597
2339	66.597	66.597
2340	66.597	66.597
2341	66.597	66.6538
2342	66.597	66.7407
2343	66.597	66.6109
2344	66.597	66.6094
2345	66.597	66.597
2346	66.597	66.6076
2347	66.597	66.6344
2348	66.597	66.7308
2349	66.597	66.8353
2350	66.597	66.756
2351	66.597	66.7677
2352	66.597	66.6647
2353	66.597	66.689
2354	66.597	66.6057
2355	66.597	66.6062
2356	66.597	66.597
2357	66.597	66.597
2358	66.597	66.597
2359	66.597	66.5986
2360	66.597	66.6092
2361	66.597	66.6413
2362	66.597	66.6444
2363	66.597	66.6067
2364	66.597	66.5979
2365	66.597	66.597
2366	66.597	66.597
2367	66.597	66.597
2368	66.597	66.611
2369	66.597	66.7505
2370	66.597	66.695
2371	66.597	66.597
2372	66.597	66.6558
2373	66.597	66.5992
2374	66.597	66.7452
2375	66.597	66.7039
2376	66.597	66.6029
2377	66.597	66.6038
2378	66.597	66.597
2379	66.597	66.6034
2380	66.597	66.6106
2381	66.597	66.6169
2382	66.597	66.6178
2383	66.597	66.7037
2384	66.597	66.597
2385	66.597	66.6404
2386	66.597	66.6232
2387	66.597	66.6219
2388	66.597	66.6535
2389	66.597	66.6596
2390	66.597	66.5997
2391	66.597	66.6115
2392	66.597	66.6076
2393	66.597	66.597
2394	66.597	66.6099
2395	66.597	66.597
2396	66.597	66.6001
2397	66.597	66.6183
2398	66.597	66.6897
2399	66.597	66.597
2400	66.597	66.597
2401	66.597	66.6522
2402	66.597	66.5977
2403	66.597	66.6111
2404	66.597	66.6104
2405	66.597	66.6061
2406	66.597	66.7109
2407	66.597	66.6785
2408	66.597	66.791
2409	66.597	66.6725
2410	66.597	66.6549
2411	66.597	66.597
2412	66.597	66.597
2413	66.597	66.597
2414	66.597	66.597
2415	66.597	66.6033
2416	66.597	66.597
2417	66.597	66.6457
2418	66.597	66.6128
2419	66.597	66.632
2420	66.597	66.597
2421	66.597	66.597
2422	66.597	66.6607
2423	66.597	66.6148
2424	66.597	66.6124
2425	66.597	66.7043
2426	66.597	66.6831
2427	66.597	66.6144
2428	66.597	66.6056
2429	66.597	66.597
2430	66.597	66.6113
2431	66.597	66.597
2432	66.597	66.597
2433	66.597	66.597
2434	66.597	66.6037
2435	66.597	66.6386
2436	66.597	66.597
2437	66.597	66.6731
2438	66.597	66.597
2439	66.597	66.6961
2440	66.597	66.8076
2441	66.597	66.8973
2442	66.597	66.7687
2443	66.597	66.6181
2444	66.597	66.8428
2445	66.597	66.9548
2446	66.597	66.7414
2447	66.597	66.6043
2448	66.597	66.6331
2449	66.597	66.6814
2450	66.597	66.6064
2451	66.597	66.6118
2452	66.597	66.597
2453	66.597	66.597
2454	66.597	66.5992
2455	66.597	66.597
2456	66.597	66.597
2457	66.597	66.6073
2458	66.597	66.6184
2459	66.597	66.597
2460	66.597	66.597
2461	66.597	66.6349
2462	66.597	66.597
2463	66.597	66.597
2464	66.597	66.6096
2465	66.597	66.6211
2466	66.597	66.597
2467	66.597	66.6014
2468	66.597	66.597
2469	66.597	66.597
2470	66.597	66.6478
2471	66.597	66.8461
2472	66.597	66.8527
2473	66.597	66.6471
2474	66.597	66.597
2475	66.597	66.6525
2476	66.597	66.597
2477	66.597	66.597
2478	66.597	66.597
2479	66.597	66.597
2480	66.597	66.598
2481	66.597	66.597
2482	66.597	66.6562
2483	66.597	66.597
2484	66.597	66.597
2485	66.597	66.597
2486	66.597	66.597
2487	66.597	66.597
2488	66.597	66.6479
2489	66.597	66.6703
2490	66.597	66.6366
2491	66.597	66.8101
2492	66.597	66.8564
2493	66.597	66.6127
2494	66.597	66.597
2495	66.597	66.597
2496	66.597	66.6165
2497	66.597	66.6398
2498	66.597	66.7542
2499	66.597	66.6045
2500	66.597	66.597
2501	66.597	66.5991
2502	66.597	66.5998
2503	66.597	67.0186
2504	66.597	66.7027
2505	66.597	66.6894
2506	66.597	66.7094
2507	66.597	66.597
2508	66.597	66.611
2509	66.597	66.6034
2510	66.597	66.6733
2511	66.597	66.6428
2512	66.597	66.6678
2513	66.597	66.6402
2514	66.597	66.6352
2515	66.597	66.5989
2516	66.597	66.688
2517	66.597	66.8074
2518	66.597	66.6963
2519	66.597	66.8091
2520	66.597	66.6524
2521	66.597	66.597
2522	66.597	66.597
2523	66.597	66.6346
2524	66.597	66.6889
2525	66.597	66.7575
2526	66.597	66.6093
2527	66.597	66.597
2528	66.597	66.597
2529	66.597	66.6586
2530	66.597	66.6487
2531	66.597	66.6184
2532	66.597	66.597
2533	66.597	66.597
2534	66.597	66.597
2535	66.597	66.6586
2536	66.597	66.6245
2537	66.597	66.6074
2538	66.597	66.597
2539	66.597	66.597
2540	66.597	66.597
2541	66.597	66.6161
2542	66.597	66.597
2543	66.597	66.5985
2544	66.597	66.597
2545	66.597	66.597
2546	66.597	66.5982
2547	66.597	66.665
2548	66.597	66.597
2549	66.597	66.597
2550	66.597	66.597
2551	66.597	66.6111
2552	66.597	66.7246
2553	66.597	66.9764
2554	66.597	66.692
2555	66.597	66.643
2556	66.597	67.0825
2557	66.597	66.6167
2558	66.597	66.6779
2559	66.597	66.9052
2560	66.597	66.6826
2561	66.597	66.6794
2562	66.597	66.6152
2563	66.597	66.6415
2564	66.597	66.753
2565	66.597	66.6668
2566	66.597	66.6491
2567	66.597	66.6294
2568	66.597	66.723
2569	66.597	66.6331
2570	66.597	66.696
2571	66.597	66.6384
2572	66.597	66.6211
2573	66.597	66.597
2574	66.597	66.6003
2575	66.597	66.5982
2576	66.597	66.597
2577	66.597	66.597
2578	66.597	66.6455
2579	66.597	66.6076
2580	66.597	66.6874
2581	66.597	66.6135
2582	66.597	66.7323
2583	66.597	66.6194
2584	66.597	66.6868
2585	66.597	66.6028
2586	66.597	66.6519
2587	66.597	66.6434
2588	66.597	66.597
2589	66.597	66.787
2590	66.597	66.6895
2591	66.597	66.7396
2592	66.597	66.6381
2593	66.597	66.6792
2594	66.597	66.597
2595	66.597	66.597
2596	66.597	66.6769
2597	66.597	66.6012
2598	66.597	66.6992
2599	66.597	66.6284
2600	66.597	66.6353
2601	66.597	66.6002
2602	66.597	66.6323
2603	66.597	66.6073
2604	66.597	66.597
2605	66.597	66.597
2606	66.597	66.597
2607	66.597	66.6361
2608	66.597	66.5974
2609	66.597	66.5989
2610	66.597	66.597
2611	66.597	66.6027
2612	66.597	66.597
2613	66.597	66.615
2614	66.597	66.597
2615	66.597	66.597
2616	66.597	66.6667
2617	66.597	66.7095
2618	66.597	66.6482
2619	66.597	66.6603
2620	66.597	66.6631
2621	66.597	66.6692
2622	66.597	66.7283
2623	66.597	66.6338
2624	66.597	66.6659
2625	66.597	66.6672
2626	66.597	66.597
2627	66.597	66.6093
2628	66.597	66.6087
2629	66.597	66.6349
2630	66.597	66.597
2631	66.597	66.6047
2632	66.597	66.8106
2633	66.597	66.6702
2634	66.597	66.5974
2635	66.597	66.597
2636	66.597	66.597
2637	66.597	66.597
2638	66.597	66.627
2639	66.597	66.5989
2640	66.597	66.6202
2641	66.597	66.6719
2642	66.597	66.7165
2643	66.597	66.6128
2644	66.597	66.6512
2645	66.597	66.6056
2646	66.597	66.6977
2647	66.597	66.6101
2648	66.597	66.6173
2649	66.597	66.6114
2650	66.597	66.6535
2651	66.597	66.8406
2652	66.597	66.759
2653	66.597	66.6854
2654	66.597	66.7028
2655	66.597	66.606
2656	66.597	66.6503
2657	66.597	66.597
2658	66.597	66.9272
2659	66.597	66.6432
2660	66.597	66.6082
2661	66.597	66.6026
2662	66.597	66.7045
2663	66.597	66.6257
2664	66.597	66.6105
2665	66.597	66.5995
2666	66.597	66.632
2667	66.597	66.6671
2668	66.597	66.6276
2669	66.597	66.6036
2670	66.597	66.597
2671	66.597	66.6048
2672	66.597	66.7705
2673	66.597	66.6343
2674	66.597	66.6855
2675	66.597	66.6249
2676	66.597	66.6401
2677	66.597	66.5979
2678	66.597	66.633
2679	66.597	66.6261
2680	66.597	66.7012
2681	66.597	66.6087
2682	66.597	66.6052
2683	66.597	66.6422
2684	66.597	66.597
2685	66.597	66.6052
2686	66.597	66.6046
2687	66.597	66.5978
2688	66.597	66.597
2689	66.597	66.597
2690	66.597	66.6639
2691	66.597	66.6111
2692	66.597	66.597
2693	66.597	66.6081
2694	66.597	66.6501
2695	66.597	66.6624
2696	66.597	66.597
2697	66.597	66.597
2698	66.597	66.816
2699	66.597	66.7525
2700	66.597	66.6118
2701	66.597	66.597
2702	66.597	66.7055
2703	66.597	66.728
2704	66.597	66.6882
2705	66.597	66.6664
2706	66.597	66.6263
2707	66.597	66.6614
2708	66.597	66.785
2709	66.597	66.6971
2710	66.597	66.616
2711	66.597	66.597
2712	66.597	66.597
2713	66.597	66.6032
2714	66.597	66.6214
2715	66.597	66.597
2716	66.597	66.7278
2717	66.597	66.6028
2718	66.597	66.6097
2719	66.597	66.597
2720	66.597	66.598
2721	66.597	66.7283
2722	66.597	66.597
2723	66.597	66.5995
2724	66.597	66.597
2725	66.597	66.6986
2726	66.597	66.6996
2727	66.597	66.597
2728	66.597	66.597
2729	66.597	66.597
2730	66.597	66.597
2731	66.597	66.597
2732	66.597	66.6025
2733	66.597	66.6386
2734	66.597	66.6543
2735	66.597	66.7722
2736	66.597	66.8691
2737	66.597	66.7986
2738	66.597	66.6092
2739	66.597	66.6037
2740	66.597	66.61
2741	66.597	66.6128
2742	66.597	66.7915
2743	66.597	66.8052
2744	66.597	66.9496
2745	66.597	66.7577
2746	66.597	66.7221
2747	66.597	66.6489
2748	66.597	66.597
2749	66.597	66.5988
2750	66.597	66.6192
2751	66.597	66.6311
2752	66.597	66.6854
2753	66.597	66.6671
2754	66.597	66.6122
2755	66.597	66.7018
2756	66.597	66.7253
2757	66.597	66.6524
2758	66.597	66.6416
2759	66.597	66.597
2760	66.597	66.597
2761	66.597	66.6598
2762	66.597	67.0155
2763	66.597	66.9159
2764	66.597	66.6524
2765	66.597	66.6315
2766	66.597	66.6435
2767	66.597	66.8059
2768	66.597	66.9909
2769	66.597	67.0084
2770	66.597	66.652
2771	66.597	66.6225
2772	66.597	66.597
2773	66.597	66.597
2774	66.597	66.5983
2775	66.597	66.5997
2776	66.597	66.6967
2777	66.597	66.6589
2778	66.597	66.6287
2779	66.597	66.6702
2780	66.597	66.6248
2781	66.597	66.597
2782	66.597	66.6063
2783	66.597	66.5978
2784	66.597	66.6853
2785	66.597	66.608
2786	66.597	66.597
2787	66.597	66.6043
2788	66.597	66.6692
2789	66.597	66.6154
2790	66.597	66.6081
2791	66.597	66.6017
2792	66.597	66.597
2793	66.597	66.6328
2794	66.597	66.597
2795	66.597	66.7022
2796	66.597	66.597
2797	66.597	66.597
2798	66.597	66.6067
2799	66.597	66.6036
2800	66.597	66.597
2801	66.597	66.6987
2802	66.597	66.5981
2803	66.597	66.597
2804	66.597	66.597
2805	66.597	66.6153
2806	66.597	66.651
2807	66.597	66.94
2808	66.597	66.7124
2809	66.597	66.6131
2810	66.597	66.597
2811	66.597	66.6161
2812	66.597	66.597
2813	66.597	66.6919
2814	66.597	66.7174
2815	66.597	66.7076
2816	66.597	66.6153
2817	66.597	66.6423
2818	66.597	66.6913
2819	66.597	66.7591
2820	66.597	66.7688
2821	66.597	66.9293
2822	66.597	66.7456
2823	66.597	66.6245
2824	66.597	66.6309
2825	66.597	66.6824
2826	66.597	66.6171
2827	66.597	66.9332
2828	66.597	66.8946
2829	66.597	66.6763
2830	66.597	66.6591
2831	66.597	66.6229
2832	66.597	66.597
2833	66.597	66.6104
2834	66.597	66.597
2835	66.597	66.6551
2836	66.597	66.672
2837	66.597	66.6972
2838	66.597	66.597
2839	66.597	66.6201
2840	66.597	66.6781
2841	66.597	66.7509
2842	66.597	66.7009
2843	66.597	66.5977
2844	66.597	66.597
2845	66.597	66.6282
2846	66.597	66.597
2847	66.597	66.597
2848	66.597	66.6088
2849	66.597	66.7435
2850	66.597	66.642
2851	66.597	66.6616
2852	66.597	66.7831
2853	66.597	66.6559
2854	66.597	66.7084
2855	66.597	66.6046
2856	66.597	66.6256
2857	66.597	66.6023
2858	66.597	66.6562
2859	66.597	66.7578
2860	66.597	66.8922
2861	66.597	66.6789
2862	66.597	66.6135
2863	66.597	66.597
2864	66.597	66.603
2865	66.597	66.7121
2866	66.597	66.597
2867	66.597	66.597
2868	66.597	66.597
2869	66.597	66.729
2870	66.597	66.597
2871	66.597	66.6372
2872	66.597	66.6127
2873	66.597	66.7973
2874	66.597	66.8235
2875	66.597	66.6642
2876	66.597	66.6508
2877	66.597	66.6099
2878	66.597	66.6358
2879	66.597	66.597
2880	66.597	66.6536
2881	66.597	66.6574
2882	66.597	66.6091
2883	66.597	66.6483
2884	66.597	66.613
2885	66.597	66.6152
2886	66.597	66.6091
2887	66.597	66.6232
2888	66.597	66.7816
2889	66.597	66.6969
2890	66.597	66.6231
2891	66.597	66.6054
2892	66.597	66.6551
2893	66.597	66.5975
2894	66.597	66.6018
2895	66.597	66.6133
2896	66.597	66.6732
2897	66.597	66.6236
2898	66.597	66.7215
2899	66.597	66.6166
2900	66.597	66.715
2901	66.597	66.695
2902	66.597	66.5999
2903	66.597	66.6991
2904	66.597	66.635
2905	66.597	66.6234
2906	66.597	66.6082
2907	66.597	66.8003
2908	66.597	66.6236
2909	66.597	66.6255
2910	66.597	66.597
2911	66.597	66.597
2912	66.597	66.597
2913	66.597	66.597
2914	66.597	66.6086
2915	66.597	66.6012
2916	66.597	66.597
2917	66.597	66.597
2918	66.597	66.597
2919	66.597	66.597
2920	66.597	66.647
2921	66.597	66.6901
2922	66.597	66.6977
2923	66.597	66.597
2924	66.597	66.597
2925	66.597	66.6021
2926	66.597	66.6685
2927	66.597	66.5987
2928	66.597	66.6001
2929	66.597	66.597
2930	66.597	66.628
2931	66.597	66.5991
2932	66.597	66.6488
2933	66.597	66.597
2934	66.597	66.597
2935	66.597	66.6423
2936	66.597	66.6151
2937	66.597	66.597
2938	66.597	66.597
2939	66.597	66.7292
2940	66.597	66.6046
2941	66.597	66.5985
2942	66.597	66.597
2943	66.597	66.5977
2944	66.597	66.6705
2945	66.597	66.6208
2946	66.597	66.6815
2947	66.597	66.836
2948	66.597	66.6232
2949	66.597	66.6664
2950	66.597	66.6016
2951	66.597	66.6502
2952	66.597	66.6501
2953	66.597	66.6973
2954	66.597	66.7241
2955	66.597	66.6665
2956	66.597	66.7072
2957	66.597	66.6034
2958	66.597	66.597
2959	66.597	66.6728
2960	66.597	66.7282
2961	66.597	66.597
2962	66.597	66.6152
2963	66.597	66.597
2964	66.597	66.597
2965	66.597	66.6163
2966	66.597	66.5981
2967	66.597	66.597
2968	66.597	66.6041
2969	66.597	66.8878
2970	66.597	66.8013
2971	66.597	66.6388
2972	66.597	66.7201
2973	66.597	66.7541
2974	66.597	66.6685
2975	66.597	66.6379
2976	66.597	66.6579
2977	66.597	66.8041
2978	66.597	66.6372
2979	66.597	66.6115
2980	66.597	66.6493
2981	66.597	66.6203
2982	66.597	66.6991
2983	66.597	66.597
2984	66.597	66.597
2985	66.597	66.6596
2986	66.597	66.8212
2987	66.597	66.6848
2988	66.597	66.8587
2989	66.597	66.8565
2990	66.597	66.7636
2991	66.597	66.597
2992	66.597	66.597
2993	66.597	66.6086
2994	66.597	66.634
2995	66.597	66.8854
2996	66.597	66.6945
2997	66.597	66.8455
2998	66.597	66.6837
2999	66.597	66.5989
3000	66.597	66.597
3001	66.597	66.597
3002	66.597	66.5972
3003	66.597	66.6431
3004	66.597	66.597
3005	66.597	66.6688
3006	66.597	66.6061
3007	66.597	66.7948
3008	66.597	66.6231
3009	66.597	66.597
3010	66.597	66.597
3011	66.597	66.5997
3012	66.597	66.597
3013	66.597	66.6083
3014	66.597	66.6175
3015	66.597	66.597
3016	66.597	66.597
3017	66.597	66.597
3018	66.597	66.6516
3019	66.597	66.6406
3020	66.597	66.597
3021	66.597	66.6224
3022	66.597	66.597
3023	66.597	66.613
3024	66.597	66.6019
3025	66.597	66.6973
3026	66.597	66.6729
3027	66.597	66.6213
3028	66.597	66.597
3029	66.597	66.6594
3030	66.597	66.6265
3031	66.597	66.6887
3032	66.597	66.6188
3033	66.597	66.597
3034	66.597	66.6149
3035	66.597	66.651
3036	66.597	66.6222
3037	66.597	66.6117
3038	66.597	66.6305
3039	66.597	66.6981
3040	66.597	66.6741
3041	66.597	66.6143
3042	66.597	66.7326
3043	66.597	66.7464
3044	66.597	66.6594
3045	66.597	66.5989
3046	66.597	66.597
3047	66.597	66.5999
3048	66.597	66.6763
3049	66.597	66.6536
3050	66.597	66.65
3051	66.597	66.6418
3052	66.597	66.6547
3053	66.597	66.6197
3054	66.597	66.6075
3055	66.597	66.597
3056	66.597	66.6194
3057	66.597	66.6487
3058	66.597	66.7242
3059	66.597	66.597
3060	66.597	66.597
3061	66.597	66.597
3062	66.597	66.6224
3063	66.597	66.6065
3064	66.597	66.6784
3065	66.597	66.7049
3066	66.597	66.6325
3067	66.597	66.6839
3068	66.597	66.6237
3069	66.597	66.597
3070	66.597	66.597
3071	66.597	66.597
3072	66.597	66.6178
3073	66.597	66.5989
3074	66.597	66.6136
3075	66.597	66.6028
3076	66.597	66.6788
3077	66.597	66.9519
3078	66.597	66.7483
3079	66.597	66.7396
3080	66.597	66.6021
3081	66.597	66.6074
3082	66.597	66.7653
3083	66.597	66.6185
3084	66.597	66.597
3085	66.597	66.597
3086	66.597	66.597
3087	66.597	66.643
3088	66.597	66.787
3089	66.597	66.6367
3090	66.597	66.7455
3091	66.597	66.6357
3092	66.597	66.6824
3093	66.597	66.6867
3094	66.597	66.629
3095	66.597	66.6179
3096	66.597	66.7187
3097	66.597	66.7993
3098	66.597	66.6412
3099	66.597	66.597
3100	66.597	66.597
3101	66.597	66.6383
3102	66.597	66.754
3103	66.597	66.6007
3104	66.597	66.6313
3105	66.597	66.6041
3106	66.597	66.6296
3107	66.597	66.6287
3108	66.597	66.5997
3109	66.597	66.597
3110	66.597	66.6535
3111	66.597	66.597
3112	66.597	66.597
3113	66.597	66.6422
3114	66.597	66.5971
3115	66.597	66.6536
3116	66.597	66.6006
3117	66.597	66.597
3118	66.597	66.597
3119	66.597	66.6808
3120	66.597	66.6115
3121	66.597	66.597
3122	66.597	66.597
3123	66.597	66.597
3124	66.597	66.597
3125	66.597	66.6034
3126	66.597	66.597
3127	66.597	66.597
3128	66.597	66.5972
3129	66.597	66.597
3130	66.597	66.6981
3131	66.597	66.6101
3132	66.597	66.5987
3133	66.597	66.597
3134	66.597	66.6456
3135	66.597	66.6953
3136	66.597	66.6735
3137	66.597	66.6289
3138	66.597	66.6257
3139	66.597	66.597
3140	66.597	66.703
3141	66.597	66.597
3142	66.597	66.597
3143	66.597	66.597
3144	66.597	66.597
3145	66.597	66.597
3146	66.597	66.597
3147	66.597	66.6037
3148	66.597	66.7724
3149	66.597	66.724
3150	66.597	66.7463
3151	66.597	66.6751
3152	66.597	66.6229
3153	66.597	66.597
3154	66.597	66.6615
3155	66.597	66.8764
3156	66.597	66.6794
3157	66.597	66.7655
3158	66.597	66.5977
3159	66.597	66.8959
3160	66.597	66.6846
3161	66.597	66.618
3162	66.597	66.597
3163	66.597	66.7259
3164	66.597	66.6207
3165	66.597	66.6755
3166	66.597	66.7067
3167	66.597	66.6336
3168	66.597	66.6034
3169	66.597	66.693
3170	66.597	66.6247
3171	66.597	66.6164
3172	66.597	66.597
3173	66.597	66.7392
3174	66.597	66.8672
3175	66.597	66.6073
3176	66.597	66.6491
3177	66.597	66.6959
3178	66.597	66.6386
3179	66.597	66.597
3180	66.597	66.6011
3181	66.597	66.6088
3182	66.597	66.6169
3183	66.597	66.597
3184	66.597	66.6056
3185	66.597	66.597
3186	66.597	66.597
3187	66.597	66.6005
3188	66.597	66.6381
3189	66.597	66.5999
3190	66.597	66.597
3191	66.597	66.652
3192	66.597	66.597
3193	66.597	66.6308
3194	66.597	66.6442
3195	66.597	66.597
3196	66.597	66.6127
3197	66.597	66.6246
3198	66.597	66.621
3199	66.597	66.6294
3200	66.597	66.658
3201	66.597	66.662
3202	66.597	66.6873
3203	66.597	66.6556
3204	66.597	66.725
3205	66.597	66.5978
3206	66.597	66.6552
3207	66.597	66.5986
3208	66.597	66.7368
3209	66.597	66.8334
3210	66.597	66.611
3211	66.597	66.8639
3212	66.597	66.6237
3213	66.597	66.6347
3214	66.597	66.7416
3215	66.597	66.6861
3216	66.597	66.6878
3217	66.597	66.7501
3218	66.597	66.7326
3219	66.597	66.9623
3220	66.597	66.6735
3221	66.597	66.6346
3222	66.597	66.6582
3223	66.597	66.7133
3224	66.597	66.6702
3225	66.597	66.6014
3226	66.597	66.7231
3227	66.597	66.6319
3228	66.597	66.8015
3229	66.597	66.597
3230	66.597	66.6344
3231	66.597	66.6469
3232	66.597	66.6423
3233	66.597	66.6875
3234	66.597	66.6423
3235	66.597	66.7016
3236	66.597	66.6094
3237	66.597	66.6043
3238	66.597	66.6059
3239	66.597	66.7081
3240	66.597	66.7993
3241	66.597	66.6083
3242	66.597	66.6379
3243	66.597	66.6069
3244	66.597	66.6444
3245	66.597	66.7616
3246	66.597	66.784
3247	66.597	66.7361
3248	66.597	66.6107
3249	66.597	66.6158
3250	66.597	66.597
3251	66.597	66.5974
3252	66.597	66.598
3253	66.597	66.6426
3254	66.597	66.597
3255	66.597	66.6115
3256	66.597	66.9142
3257	66.597	66.9644
3258	66.597	66.7539
3259	66.597	66.6086
3260	66.597	66.6413
3261	66.597	66.6588
3262	66.597	66.597
3263	66.597	66.597
3264	66.597	66.6039
3265	66.597	66.6092
3266	66.597	66.6054
3267	66.597	66.6943
3268	66.597	66.6218
3269	66.597	66.6826
3270	66.597	66.6259
3271	66.597	66.7494
3272	66.597	66.5977
3273	66.597	66.6077
3274	66.597	66.597
3275	66.597	66.6382
3276	66.597	66.597
3277	66.597	66.6224
3278	66.597	66.597
3279	66.597	66.648
3280	66.597	66.7535
3281	66.597	66.6644
3282	66.597	66.8187
3283	66.597	66.6068
3284	66.597	66.597
3285	66.597	66.6473
3286	66.597	66.6788
3287	66.597	66.6167
3288	66.597	66.6139
3289	66.597	66.663
3290	66.597	66.597
3291	66.597	66.597
3292	66.597	66.6599
3293	66.597	66.6563
3294	66.597	66.6986
3295	66.597	66.6231
3296	66.597	66.6333
3297	66.597	66.608
3298	66.597	66.5983
3299	66.597	66.6466
3300	66.597	66.597
3301	66.597	66.597
3302	66.597	66.597
3303	66.597	66.6493
3304	66.597	66.6007
3305	66.597	66.6455
3306	66.597	66.597
3307	66.597	66.6431
3308	66.597	66.7066
3309	66.597	66.8599
3310	66.597	66.638
3311	66.597	66.6423
3312	66.597	66.6488
3313	66.597	66.6727
3314	66.597	66.597
3315	66.597	66.5993
3316	66.597	66.6129
3317	66.597	66.9457
3318	66.597	66.6279
3319	66.597	66.597
3320	66.597	66.64
3321	66.597	66.8424
3322	66.597	66.6381
3323	66.597	66.6921
3324	66.597	66.8566
3325	66.597	66.8528
3326	66.597	66.5997
3327	66.597	66.597
3328	66.597	66.5997
3329	66.597	66.608
3330	66.597	66.6462
3331	66.597	66.7132
3332	66.597	66.7256
3333	66.597	66.6033
3334	66.597	66.597
3335	66.597	66.6222
3336	66.597	66.6559
3337	66.597	66.6877
3338	66.597	66.6727
3339	66.597	66.6214
3340	66.597	66.7001
3341	66.597	66.6845
3342	66.597	66.7349
3343	66.597	66.8576
3344	66.597	66.6869
3345	66.597	66.6735
3346	66.597	66.6402
3347	66.597	66.728
3348	66.597	66.597
3349	66.597	66.6667
3350	66.597	66.6867
3351	66.597	66.6197
3352	66.597	66.6433
3353	66.597	66.6394
3354	66.597	66.6233
3355	66.597	66.5996
3356	66.597	66.6117
3357	66.597	66.7315
3358	66.597	66.6163
3359	66.597	66.8674
3360	66.597	66.597
3361	66.597	66.6109
3362	66.597	66.6169
3363	66.597	66.597
3364	66.597	66.597
3365	66.597	66.597
3366	66.597	66.597
3367	66.597	66.6132
3368	66.597	66.5991
3369	66.597	66.597
3370	66.597	66.6071
3371	66.597	66.597
3372	66.597	66.6148
3373	66.597	66.597
3374	66.597	66.597
3375	66.597	66.7409
3376	66.597	66.597
3377	66.597	66.597
3378	66.597	66.5981
3379	66.597	66.6195
3380	66.597	66.7751
3381	66.597	66.7704
3382	66.597	66.597
3383	66.597	66.6416
3384	66.597	66.6755
3385	66.597	66.6375
3386	66.597	66.6801
3387	66.597	66.6137
3388	66.597	66.6627
3389	66.597	66.6016
3390	66.597	66.676
3391	66.597	66.6772
3392	66.597	66.7152
3393	66.597	66.7023
3394	66.597	66.7783
3395	66.597	66.897
3396	66.597	66.6058
3397	66.597	66.6068
3398	66.597	66.605
3399	66.597	66.6643
3400	66.597	66.6205
3401	66.597	67.026
3402	66.597	66.8967
3403	66.597	66.6324
3404	66.597	66.6211
3405	66.597	66.6762
3406	66.597	66.7699
3407	66.597	66.6136
3408	66.597	66.6563
3409	66.597	66.597
3410	66.597	66.5976
3411	66.597	66.676
3412	66.597	66.6066
3413	66.597	66.6529
3414	66.597	66.8062
3415	66.597	66.6963
3416	66.597	66.7038
3417	66.597	66.6462
3418	66.597	66.6712
3419	66.597	66.597
3420	66.597	66.7197
3421	66.597	66.6112
3422	66.597	66.5998
3423	66.597	66.7469
3424	66.597	66.7283
3425	66.597	66.613
3426	66.597	66.6096
3427	66.597	66.597
3428	66.597	66.597
3429	66.597	66.597
3430	66.597	66.6748
3431	66.597	66.6053
3432	66.597	66.6238
3433	66.597	66.7554
3434	66.597	66.597
3435	66.597	66.6458
3436	66.597	66.6808
3437	66.597	66.6116
3438	66.597	66.6161
3439	66.597	66.6162
3440	66.597	66.597
3441	66.597	66.6293
3442	66.597	66.7865
3443	66.597	66.7051
3444	66.597	66.7521
3445	66.597	66.6595
3446	66.597	66.611
3447	66.597	66.6417
3448	66.597	66.7277
3449	66.597	66.6545
3450	66.597	66.6002
3451	66.597	66.6059
3452	66.597	66.597
3453	66.597	66.6543
3454	66.597	66.597
3455	66.597	66.5984
3456	66.597	66.597
3457	66.597	66.6247
3458	66.597	66.6923
3459	66.597	66.6105
3460	66.597	66.7631
3461	66.597	66.6148
3462	66.597	66.6106
3463	66.597	66.731
3464	66.597	66.6124
3465	66.597	66.7308
3466	66.597	66.5978
3467	66.597	66.6246
3468	66.597	66.6373
3469	66.597	66.6609
3470	66.597	66.6103
3471	66.597	66.681
3472	66.597	66.6555
3473	66.597	66.6261
3474	66.597	66.6585
3475	66.597	66.7522
3476	66.597	66.669
3477	66.597	66.6111
3478	66.597	66.599
3479	66.597	66.6446
3480	66.597	66.5994
3481	66.597	66.597
3482	66.597	66.597
3483	66.597	66.6476
3484	66.597	66.6386
3485	66.597	66.6543
3486	66.597	66.6143
3487	66.597	66.6263
3488	66.597	66.5984
3489	66.597	66.597
3490	66.597	66.597
3491	66.597	66.597
3492	66.597	66.7056
3493	66.597	66.597
3494	66.597	66.597
3495	66.597	66.6875
3496	66.597	66.597
3497	66.597	66.6114
3498	66.597	66.597
3499	66.597	66.5979
3500	66.597	66.7007
3501	66.597	66.597
3502	66.597	66.6031
3503	66.597	66.7212
3504	66.597	66.6669
3505	66.597	66.6436
3506	66.597	66.7228
3507	66.597	66.6739
3508	66.597	66.6747
3509	66.597	66.597
3510	66.597	66.8324
3511	66.597	66.7697
3512	66.597	66.6276
3513	66.597	66.7147
3514	66.597	66.597
3515	66.597	66.597
3516	66.597	66.597
3517	66.597	66.6759
3518	66.597	66.5976
3519	66.597	66.6572
3520	66.597	66.6117
3521	66.597	66.8083
3522	66.597	66.6271
3523	66.597	66.7093
3524	66.597	66.6204
3525	66.597	66.6947
3526	66.597	66.695
3527	66.597	66.7018
3528	66.597	66.6151
3529	66.597	66.7366
3530	66.597	66.6634
3531	66.597	66.6086
3532	66.597	66.6187
3533	66.597	66.6119
3534	66.597	66.597
3535	66.597	66.6729
3536	66.597	66.597
3537	66.597	66.597
3538	66.597	66.6987
3539	66.597	66.6379
3540	66.597	66.6088
3541	66.597	66.6088
3542	66.597	66.6633
3543	66.597	66.6498
3544	66.597	66.597
3545	66.597	66.6332
3546	66.597	66.6081
3547	66.597	66.597
3548	66.597	66.7537
3549	66.597	66.6945
3550	66.597	66.6973
3551	66.597	66.7473
3552	66.597	66.6076
3553	66.597	66.7152
3554	66.597	66.6028
3555	66.597	66.6101
3556	66.597	66.6726
3557	66.597	66.597
3558	66.597	66.597
3559	66.597	66.613
3560	66.597	66.597
3561	66.597	66.6233
3562	66.597	66.6084
3563	66.597	66.597
3564	66.597	66.6192
3565	66.597	66.6349
3566	66.597	66.6145
3567	66.597	66.6791
3568	66.597	66.6251
3569	66.597	66.756
3570	66.597	66.5975
3571	66.597	66.6076
3572	66.597	66.6194
3573	66.597	66.6158
3574	66.597	66.6034
3575	66.597	66.597
3576	66.597	66.597
3577	66.597	66.597
3578	66.597	66.597
3579	66.597	66.597
3580	66.597	66.6142
3581	66.597	66.5983
3582	66.597	66.597
3583	66.597	66.6143
3584	66.597	66.6188
3585	66.597	66.5976
3586	66.597	66.5985
3587	66.597	66.597
3588	66.597	66.6179
3589	66.597	66.6421
3590	66.597	66.6003
3591	66.597	66.597
3592	66.597	66.6364
3593	66.597	66.6009
3594	66.597	66.597
3595	66.597	66.6016
3596	66.597	66.66
3597	66.597	66.597
3598	66.597	66.597
3599	66.597	66.597
3600	66.597	66.597
3601	66.597	66.6689
3602	66.597	66.6444
3603	66.597	66.6706
3604	66.597	66.6625
3605	66.597	66.619
3606	66.597	66.6869
3607	66.597	66.6699
3608	66.597	66.6288
3609	66.597	66.597
3610	66.597	66.6076
3611	66.597	66.597
3612	66.597	66.5988
3613	66.597	66.6133
3614	66.597	66.6123
3615	66.597	66.597
3616	66.597	66.6299
3617	66.597	66.6315
3618	66.597	66.6259
3619	66.597	66.597
3620	66.597	66.597
3621	66.597	66.5987
3622	66.597	66.6472
3623	66.597	66.6109
3624	66.597	66.6116
3625	66.597	66.597
3626	66.597	66.597
3627	66.597	66.7301
3628	66.597	66.597
3629	66.597	66.658
3630	66.597	66.6414
3631	66.597	66.6441
3632	66.597	66.6702
3633	66.597	66.6417
3634	66.597	66.6573
3635	66.597	66.597
3636	66.597	66.6088
3637	66.597	66.6118
3638	66.597	66.6222
3639	66.597	66.5981
3640	66.597	66.597
3641	66.597	66.597
3642	66.597	66.597
3643	66.597	66.597
3644	66.597	66.597
3645	66.597	66.597
3646	66.597	66.597
3647	66.597	66.597
3648	66.597	66.6086
3649	66.597	66.7128
3650	66.597	66.6312
3651	66.597	66.6867
3652	66.597	66.9892
3653	66.597	66.8657
3654	66.597	66.918
3655	66.597	66.7146
3656	66.597	66.6062
3657	66.597	66.597
3658	66.597	66.597
3659	66.597	66.6059
3660	66.597	66.597
3661	66.597	66.597
3662	66.597	66.612
3663	66.597	66.597
3664	66.597	66.6354
3665	66.597	66.7856
3666	66.597	66.6316
3667	66.597	66.597
3668	66.597	66.717
3669	66.597	66.597
3670	66.597	66.597
3671	66.597	66.597
3672	66.597	66.597
3673	66.597	66.6021
3674	66.597	66.713
3675	66.597	66.6903
3676	66.597	66.7145
3677	66.597	66.6795
3678	66.597	66.597
3679	66.597	66.6898
3680	66.597	66.727
3681	66.597	66.597
3682	66.597	66.597
3683	66.597	66.597
3684	66.597	66.597
3685	66.597	66.597
3686	66.597	66.597
3687	66.597	66.597
3688	66.597	66.6125
3689	66.597	66.6099
3690	66.597	66.6335
3691	66.597	66.702
3692	66.597	66.7092
3693	66.597	66.9381
3694	66.597	66.6219
3695	66.597	66.597
3696	66.597	66.597
3697	66.597	66.597
3698	66.597	66.6891
3699	66.597	66.597
3700	66.597	66.597
3701	66.597	66.597
3702	66.597	66.597
3703	66.597	66.6206
3704	66.597	66.6372
3705	66.597	66.6837
3706	66.597	66.6636
3707	66.597	66.597
3708	66.597	66.597
3709	66.597	66.597
3710	66.597	66.599
3711	66.597	66.597
3712	66.597	66.597
3713	66.597	66.6059
3714	66.597	66.6804
3715	66.597	66.6868
3716	66.597	66.6181
3717	66.597	66.6027
3718	66.597	66.6315
3719	66.597	66.6159
3720	66.597	66.597
3721	66.597	66.6157
3722	66.597	66.8292
3723	66.597	66.653
3724	66.597	66.597
3725	66.597	66.597
3726	66.597	66.6827
3727	66.597	66.6096
3728	66.597	66.6091
3729	66.597	66.597
3730	66.597	66.597
3731	66.597	66.597
3732	66.597	66.597
3733	66.597	66.597
3734	66.597	66.597
3735	66.597	66.6393
3736	66.597	66.8056
3737	66.597	66.6603
3738	66.597	66.6746
3739	66.597	66.6106
3740	66.597	66.597
3741	66.597	66.6335
3742	66.597	66.6063
3743	66.597	66.6523
3744	66.597	66.7438
3745	66.597	66.6183
3746	66.597	66.7801
3747	66.597	66.7328
3748	66.597	66.8529
3749	66.597	66.9701
3750	66.597	66.6733
3751	66.597	66.597
3752	66.597	66.6042
3753	66.597	66.6252
3754	66.597	66.6397
3755	66.597	66.6264
3756	66.597	66.9368
3757	66.597	66.6924
3758	66.597	66.6232
3759	66.597	66.598
3760	66.597	66.6107
3761	66.597	66.597
3762	66.597	66.6416
3763	66.597	66.597
3764	66.597	66.597
3765	66.597	66.597
3766	66.597	66.597
3767	66.597	66.597
3768	66.597	66.6579
3769	66.597	66.6412
3770	66.597	66.6045
3771	66.597	66.6112
3772	66.597	66.597
3773	66.597	66.597
3774	66.597	66.597
3775	66.597	66.6104
3776	66.597	66.597
3777	66.597	66.6055
3778	66.597	66.597
3779	66.597	66.683
3780	66.597	66.6965
3781	66.597	66.8736
3782	66.597	66.7469
3783	66.597	66.6677
3784	66.597	66.6164
3785	66.597	66.597
3786	66.597	66.597
3787	66.597	66.597
3788	66.597	66.6012
3789	66.597	66.6273
3790	66.597	66.6215
3791	66.597	66.597
3792	66.597	66.628
3793	66.597	66.6089
3794	66.597	66.6396
3795	66.597	66.6334
3796	66.597	66.6157
3797	66.597	66.597
3798	66.597	66.5978
3799	66.597	66.7645
3800	66.597	66.6343
3801	66.597	66.652
3802	66.597	66.6247
3803	66.597	66.597
3804	66.597	66.6154
3805	66.597	66.9758
3806	66.597	66.7333
3807	66.597	66.6154
3808	66.597	66.6343
3809	66.597	66.597
3810	66.597	66.597
3811	66.597	66.5977
3812	66.597	66.7881
3813	66.597	66.62
3814	66.597	66.597
3815	66.597	66.597
3816	66.597	66.6667
3817	66.597	66.8496
3818	66.597	66.6101
3819	66.597	66.6532
3820	66.597	66.622
3821	66.597	66.7068
3822	66.597	67.089
3823	66.597	66.8758
3824	66.597	66.597
3825	66.597	66.6108
3826	66.597	66.598
3827	66.597	66.597
3828	66.597	66.597
3829	66.597	66.6694
3830	66.597	66.7337
3831	66.597	66.6347
3832	66.597	66.6108
3833	66.597	66.7206
3834	66.597	66.612
3835	66.597	66.6283
3836	66.597	66.6431
3837	66.597	66.6305
3838	66.597	66.597
3839	66.597	66.597
3840	66.597	66.597
3841	66.597	66.597
3842	66.597	66.597
3843	66.597	66.7101
3844	66.597	66.597
3845	66.597	66.597
3846	66.597	66.597
3847	66.597	66.5978
3848	66.597	66.6112
3849	66.597	66.7874
3850	66.597	66.7347
3851	66.597	66.597
3852	66.597	66.6079
3853	66.597	66.597
3854	66.597	66.597
3855	66.597	66.597
3856	66.597	66.597
3857	66.597	66.6156
3858	66.597	66.6565
3859	66.597	66.6863
3860	66.597	66.7876
3861	66.597	66.9664
3862	66.597	66.6587
3863	66.597	66.5987
3864	66.597	66.597
3865	66.597	66.597
3866	66.597	66.597
3867	66.597	66.7028
3868	66.597	66.6164
3869	66.597	66.6209
3870	66.597	66.597
3871	66.597	66.5977
3872	66.597	66.597
3873	66.597	66.597
3874	66.597	66.597
3875	66.597	66.597
3876	66.597	66.597
3877	66.597	66.7254
3878	66.597	66.597
3879	66.597	66.5996
3880	66.597	66.6203
3881	66.597	66.7262
3882	66.597	66.6588
3883	66.597	66.6135
3884	66.597	66.6385
3885	66.597	66.6084
3886	66.597	66.628
3887	66.597	66.6078
3888	66.597	66.597
3889	66.597	66.597
3890	66.597	66.6078
3891	66.597	66.6061
3892	66.597	66.997
3893	66.597	66.6993
3894	66.597	66.5981
3895	66.597	66.597
3896	66.597	66.597
3897	66.597	66.604
3898	66.597	66.597
3899	66.597	66.7178
3900	66.597	66.6732
3901	66.597	66.6861
3902	66.597	66.6112
3903	66.597	66.597
3904	66.597	66.6163
3905	66.597	66.6067
3906	66.597	66.6006
3907	66.597	66.597
3908	66.597	66.6294
3909	66.597	66.597
3910	66.597	66.597
3911	66.597	66.599
3912	66.597	66.597
3913	66.597	66.597
3914	66.597	66.597
3915	66.597	66.597
3916	66.597	66.6242
3917	66.597	66.6371
3918	66.597	66.6237
3919	66.597	66.6952
3920	66.597	66.6267
3921	66.597	66.6268
3922	66.597	66.6329
3923	66.597	66.6935
3924	66.597	66.6061
3925	66.597	66.658
3926	66.597	66.597
3927	66.597	66.6822
3928	66.597	66.6356
3929	66.597	66.6178
3930	66.597	66.7094
3931	66.597	66.6431
3932	66.597	66.6106
3933	66.597	66.597
3934	66.597	66.597
3935	66.597	66.597
3936	66.597	66.8536
3937	66.597	66.6535
3938	66.597	66.7403
3939	66.597	66.6765
3940	66.597	66.7439
3941	66.597	66.7975
3942	66.597	66.8725
3943	66.597	66.7149
3944	66.597	66.6202
3945	66.597	66.6557
3946	66.597	66.6312
3947	66.597	66.8727
3948	66.597	66.7126
3949	66.597	66.8439
3950	66.597	66.8235
3951	66.597	66.597
3952	66.597	66.6969
3953	66.597	66.6848
3954	66.597	66.6924
3955	66.597	66.597
3956	66.597	66.597
3957	66.597	66.6167
3958	66.597	66.597
3959	66.597	66.6071
3960	66.597	66.597
3961	66.597	66.597
3962	66.597	66.6765
3963	66.597	66.6034
3964	66.597	66.6606
3965	66.597	66.6602
3966	66.597	66.6316
3967	66.597	66.6983
3968	66.597	66.597
3969	66.597	66.6093
3970	66.597	66.597
3971	66.597	66.597
3972	66.597	66.6101
3973	66.597	66.7145
3974	66.597	66.7275
3975	66.597	66.6306
3976	66.597	66.597
3977	66.597	66.597
3978	66.597	66.6572
3979	66.597	66.7051
3980	66.597	66.6323
3981	66.597	66.671
3982	66.597	66.6265
3983	66.597	66.6913
3984	66.597	66.6033
3985	66.597	66.6538
3986	66.597	66.6229
3987	66.597	66.6694
3988	66.597	66.7266
3989	66.597	66.597
3990	66.597	66.597
3991	66.597	66.6256
3992	66.597	66.7238
3993	66.597	66.597
3994	66.597	66.597
3995	66.597	66.6081
3996	66.597	66.6454
3997	66.597	66.6375
3998	66.597	66.597
3999	66.597	66.6046
