0	416.777	467.13
1	411.489	443.182
2	392.778	424.374
3	379.118	409.551
4	372.079	394.345
5	365.736	382.836
6	358.971	373.38
7	352.344	366.343
8	343.205	358.728
9	332.102	350.963
10	322.657	342.944
11	319.075	333.304
12	311.44	324.367
13	304.045	318.125
14	295.331	311.954
15	287.412	305.493
16	283.491	297.203
17	274.336	290.061
18	268.234	283.828
19	260.788	277.095
20	253.354	269.45
21	249.014	261.361
22	244.546	255.075
23	243.746	250.226
24	238.07	246.405
25	236.949	243.94
26	231.034	241.003
27	230.142	237.997
28	226.427	234.293
29	222.422	231.331
30	218.786	228.406
31	216.949	225.133
32	212.989	221.916
33	208.841	218.717
34	204.637	215.33
35	203.252	212.187
36	196.737	208.854
37	193.822	204.884
38	193.822	200.941
39	191.442	197.997
40	189.039	195.082
41	189.039	193.758
42	187.341	192.573
43	186.883	190.345
44	185.215	189.017
45	181.562	187.687
46	180.026	186.221
47	177.154	183.944
48	175.199	182.269
49	171.988	179.512
50	171.095	176.724
51	170.148	174.547
52	170.107	172.972
53	167.856	171.939
54	165.244	170.951
55	164.098	168.943
56	163.642	166.859
57	161.74	165.863
58	161.429	164.49
59	161.295	163.52
60	160.623	162.531
61	159.325	161.975
62	157.976	161.403
63	157.008	160.496
64	153.432	159.496
65	151.799	157.573
66	151.799	155.169
67	150.137	153.416
68	150.137	152.699
69	148.173	151.668
70	148.173	150.632
71	146.524	149.415
72	145.184	148.36
73	145.184	147.319
74	144.607	146.104
75	142.836	145.366
76	142.231	144.844
77	139.542	144.257
78	134.572	142.959
79	133.181	140.55
80	133.181	137.435
81	132.065	135.075
82	131.378	133.386
83	129.378	132.526
84	129.191	131.975
85	129.165	130.785
86	128.873	129.964
87	128.081	129.478
88	127.789	129.135
89	127.513	128.587
90	127.085	128.331
91	127.041	127.968
92	126.473	127.63
93	125.845	127.272
94	124.653	126.83
95	124.653	126.419
96	124.013	125.965
97	123.37	125.289
98	123.253	124.435
99	122.712	123.946
100	122.539	123.365
101	122.076	123.161
102	122.021	122.944
103	121.466	122.612
104	120.844	122.273
105	120.555	122.242
106	120.264	122.145
107	119.996	121.718
108	119.705	120.916
109	118.198	120.517
110	118.114	119.88
111	117.039	119.04
112	117.039	118.417
113	116.528	117.723
114	116.528	117.172
115	116.024	117.045
116	115.84	116.736
117	115.84	116.652
118	115.029	116.123
119	114.506	115.95
120	114.506	115.781
121	113.652	115.165
122	113.652	115.122
123	113.365	114.273
124	113.252	114.354
125	112.965	113.845
126	112.689	113.913
127	112.402	113.67
128	112.17	113.303
129	111.645	113.428
130	111.412	113.004
131	109.629	112.683
132	108.871	112.47
133	108.434	110.921
134	108.384	109.529
135	107.946	108.955
136	107.506	108.522
137	107.018	108.248
138	107.018	107.891
139	106.412	107.436
140	106.412	107.157
141	106.191	106.958
142	106.191	106.584
143	105.818	106.656
144	105.451	106.341
145	105.077	106.236
146	105.077	105.891
147	103.89	105.594
148	103.775	105.118
149	103.775	104.763
150	103.757	104.77
151	103.273	104.767
152	102.48	104.82
153	102.48	103.924
154	102.48	102.942
155	102.216	102.686
156	101.442	102.561
157	101.178	102.354
158	100.637	101.861
159	100.078	101.485
160	100.078	101.002
161	100.078	100.565
162	99.5741	100.223
163	99.5741	100.12
164	99.4481	99.8442
165	99.3459	100.123
166	99.2198	99.9071
167	99.077	99.8106
168	97.8706	99.5295
169	97.4995	99.1104
170	97.0755	98.4522
171	96.7578	98.0181
172	96.7564	97.526
173	96.4386	97.3117
174	95.8976	97.0707
175	95.8976	96.6682
176	95.5814	96.2882
177	95.2441	96.0122
178	94.4803	95.6895
179	93.8268	95.3233
180	93.5105	94.8261
181	93.5105	94.2619
182	92.9909	93.8892
183	92.6747	93.6322
184	92.5234	93.4414
185	92.5234	93.0946
186	92.5234	92.7986
187	91.8331	92.5761
188	91.6256	92.4296
189	91.4476	92.3031
190	91.2014	92.1094
191	90.8122	91.7001
192	90.6609	91.363
193	90.6609	91.0606
194	89.9407	90.925
195	89.7894	90.8253
196	89.7894	90.5495
197	89.0897	90.4039
198	89.0897	90.0481
199	89.0897	89.7455
200	88.7578	89.5121
201	88.7578	89.4163
202	88.6664	89.1138
203	88.5809	88.8046
204	88.5065	88.7869
205	88.1366	88.6233
206	87.692	88.5028
207	87.6006	88.3899
208	87.521	88.0018
209	86.8686	87.8264
210	86.7359	87.5955
211	86.562	87.137
212	86.562	86.8529
213	86.562	86.7026
214	86.176	86.6486
215	86.0022	86.6813
216	85.8695	86.6795
217	85.4776	86.26
218	84.9907	85.8289
219	84.9811	85.676
220	84.9811	85.3342
221	84.9811	85.2606
222	84.9811	85.1549
223	84.703	85.1269
224	84.703	85.0077
225	84.703	85.0358
226	84.703	84.8489
227	84.4961	84.7827
228	84.4961	84.7353
229	84.4961	84.7013
230	84.3343	84.6414
231	84.3343	84.5681
232	84.3343	84.4662
233	84.3343	84.4992
234	84.0302	84.4914
235	84.0302	84.294
236	84.0302	84.1979
237	84.0302	84.1449
238	84.0302	84.0889
239	84.0302	84.1757
240	84.0302	84.0607
241	83.7858	84.029
242	83.6209	83.9837
243	83.4423	83.9644
244	83.1644	83.8258
245	82.5766	83.6767
246	82.2818	83.2427
247	82.2818	82.9076
248	82.2818	82.635
249	82.2818	82.4457
250	82.2818	82.429
251	82.2244	82.3469
252	82.0864	82.2924
253	82.0291	82.3619
254	81.9209	82.2753
255	81.9209	82.1274
256	81.8636	82.0493
257	81.8636	81.968
258	81.8636	81.9604
259	81.0114	81.9381
260	81.0114	81.8522
261	81.0114	81.4642
262	81.0114	81.3062
263	81.0114	81.1469
264	80.8459	81.2546
265	80.5894	81.0929
266	80.0353	80.9943
267	79.6133	80.8502
268	79.6133	80.4162
269	79.6133	79.989
270	79.5093	79.7695
271	79.5093	79.7168
272	79.5093	79.8307
273	79.5093	79.6306
274	79.5093	79.5799
275	79.5093	79.5203
276	79.5093	79.5625
277	79.5093	79.5696
278	79.5093	79.5872
279	79.4945	79.5248
280	79.4945	79.6281
281	79.4581	79.9757
282	79.4106	79.813
283	78.993	79.8844
284	78.9091	79.9675
285	78.9091	79.5779
286	78.8243	79.5717
287	78.4417	79.4786
288	78.3569	79.2939
289	78.2943	78.7882
290	78.1753	78.5119
291	78.1753	78.3208
292	78.1753	78.568
293	78.1753	78.2401
294	78.1753	78.1838
295	78.1285	78.1751
296	77.7834	78.1679
297	77.7365	78.0995
298	77.7365	77.953
299	77.6336	77.8069
300	77.6336	77.7498
301	77.6336	77.7292
302	76.1815	78.0019
303	76.1815	77.7024
304	76.0786	77.1153
305	75.7736	76.5905
306	75.7736	76.5864
307	75.7736	76.1773
308	75.7736	75.9113
309	75.7736	75.7908
310	75.7736	75.7779
311	75.7736	75.78
312	75.7736	75.877
313	75.7736	75.7742
314	75.7736	75.7876
315	75.7736	75.8868
316	75.6345	75.8141
317	75.6345	75.8999
318	75.0687	75.7747
319	75.0687	75.72
320	75.0687	75.678
321	75.0687	75.3458
322	75.0687	75.2287
323	74.8631	75.0882
324	74.8631	75.0325
325	74.7184	75.0792
326	74.7184	74.979
327	74.5128	74.8386
328	74.5128	74.7109
329	74.5128	74.6516
330	74.5128	74.5766
331	74.5128	74.5352
332	74.3285	74.5421
333	74.3285	74.621
334	74.3285	74.5834
335	74.3285	74.7895
336	74.3115	74.5204
337	74.3115	74.3272
338	74.3115	74.3224
339	74.3115	74.3203
340	74.3115	74.3906
341	74.3115	74.4694
342	74.3115	74.3162
343	74.1213	74.3167
344	74.1213	74.33
345	73.9339	74.3368
346	73.9339	74.2811
347	73.919	74.1968
348	73.919	74.1028
349	73.919	73.9407
350	73.919	73.931
351	73.919	73.9373
352	73.919	73.919
353	73.919	73.919
354	73.919	73.9355
355	73.919	73.9332
356	72.6574	73.9192
357	72.6574	73.7552
358	72.6574	73.2773
359	72.6574	73.2673
360	72.6574	72.8869
361	72.6574	72.8604
362	72.6574	72.6902
363	72.6574	72.6815
364	72.6574	72.6574
365	72.6574	72.6574
366	72.5248	72.6591
367	72.5248	72.6929
368	72.5248	72.6658
369	72.5248	72.6258
370	72.5248	72.6845
371	72.5248	72.6281
372	72.5248	72.558
373	72.5248	72.526
374	72.5248	72.5248
375	72.5248	72.5968
376	72.5248	72.6708
377	72.5248	72.5891
378	72.5248	72.5426
379	72.1461	72.5846
380	72.1461	72.5401
381	72.1461	72.3471
382	72.1461	72.2524
383	72.1461	72.2349
384	72.1461	72.1533
385	72.1461	72.2593
386	72.1461	72.1461
387	72.1461	72.2633
388	72.1461	72.27
389	71.9204	72.1708
390	71.9204	72.1132
391	71.9204	72.0425
392	71.9204	71.9988
393	71.9204	71.932
394	71.9204	71.9891
395	71.9204	71.9319
396	71.9204	72.0113
397	71.9204	71.9204
398	71.9204	71.9204
399	71.9204	71.9516
400	71.9204	71.9204
401	71.9204	72.1086
402	71.9204	72.0446
403	70.9863	72.0794
404	70.9863	72.0582
405	70.9863	71.5621
406	70.9863	71.3933
407	70.9694	71.3588
408	70.9432	71.1402
409	70.9432	71.0081
410	70.9432	70.9605
411	70.9432	71.185
412	70.9432	70.9809
413	70.7461	71.0936
414	70.7461	71.0987
415	70.7461	70.9243
416	70.7461	70.8669
417	70.7461	70.7595
418	70.7461	70.7461
419	70.7461	70.7461
420	70.7461	70.8163
421	70.7461	70.8009
422	70.7461	70.8171
423	70.7461	70.8914
424	70.7461	70.7971
425	70.7461	70.7461
426	70.7461	70.7461
427	70.3143	70.7458
428	70.3143	70.6881
429	70.3143	70.6284
430	70.3143	70.5295
431	70.3143	70.4244
432	70.3143	70.4305
433	70.3143	70.565
434	70.3143	70.852
435	70.3143	70.3496
436	70.3143	70.4426
437	70.3143	70.3619
438	70.3143	70.3199
439	70.0944	70.3692
440	70.0944	70.7985
441	70.0944	71.6858
442	70.0944	71.3227
443	70.0944	71.9525
444	69.4598	71.2888
445	69.4598	71.1198
446	69.4598	71.0123
447	69.4598	70.5393
448	69.4598	69.6134
449	69.4598	69.4683
450	69.4598	69.4598
451	69.4598	69.4615
452	69.4598	69.4598
453	69.4598	69.4598
454	69.4598	69.4719
455	69.21	69.4591
456	69.21	69.5033
457	69.21	69.3303
458	68.988	69.2871
459	68.988	69.1862
460	68.8811	69.1338
461	68.8811	69.0107
462	68.8811	68.9517
463	68.8811	69.0372
464	68.8811	69.1198
465	68.8811	69.0845
466	68.8811	68.9848
467	68.8811	68.8811
468	68.8811	68.8942
469	68.8811	69.0499
470	68.8811	68.9458
471	68.8811	68.8811
472	68.8811	68.9121
473	68.8811	68.8811
474	68.8811	68.9405
475	68.8811	68.8899
476	68.8811	68.9552
477	68.8811	69.0782
478	68.8811	68.9179
479	68.8811	68.9054
480	68.8811	68.906
481	68.8811	68.937
482	68.8811	68.8811
483	68.8811	68.9515
484	68.8811	68.9484
485	68.8811	68.8966
486	68.8811	68.9142
487	68.8811	69.0458
488	68.8811	68.9286
489	68.8811	68.8811
490	68.8811	68.8815
491	68.8811	68.902
492	68.8811	69.0379
493	68.8811	68.9281
494	68.8811	68.9369
495	68.8811	69.001
496	68.8811	68.9588
497	68.8811	68.8811
498	68.8811	68.8811
499	68.8811	68.8847
500	68.8811	68.9185
501	68.8811	68.9008
502	68.8811	68.9015
503	68.8811	68.9217
504	68.8811	68.8811
505	68.8811	68.8811
506	68.8811	68.9033
507	68.8811	69.0658
508	68.8811	68.9024
509	68.8811	69.0681
510	68.515	68.9301
511	68.515	68.8854
512	68.515	68.7208
513	68.515	68.6485
514	68.515	68.7967
515	68.515	68.6041
516	68.515	68.5238
517	68.515	68.5177
518	68.515	68.5241
519	68.515	68.5975
520	68.515	68.5543
521	68.515	68.5469
522	68.515	68.5218
523	68.515	68.515
524	68.515	68.6184
525	68.515	68.515
526	68.515	68.5168
527	68.515	68.515
528	68.515	68.515
529	68.515	68.5208
530	68.515	68.5223
531	68.515	68.515
532	68.515	68.5281
533	68.515	68.5456
534	68.515	68.5506
535	68.515	68.6191
536	68.515	68.515
537	68.515	68.5382
538	68.515	68.5442
539	68.515	68.5829
540	68.515	68.8136
541	68.515	68.515
542	68.515	68.5361
543	68.515	68.5795
544	68.515	68.515
545	68.515	68.5286
546	68.515	68.515
547	68.515	68.638
548	68.515	68.5631
549	68.515	68.7584
550	68.515	68.5489
551	68.515	68.5969
552	68.515	68.7319
553	68.515	68.5741
554	68.515	68.6155
555	68.515	68.5548
556	68.515	68.5453
557	68.515	68.5298
558	68.515	68.5852
559	68.515	68.5871
560	68.515	68.5634
561	68.515	68.515
562	68.515	68.6105
563	68.515	68.5418
564	68.515	68.6509
565	68.515	68.5718
566	68.515	68.5393
567	68.515	68.5174
568	68.515	68.6081
569	68.515	68.6
570	68.515	68.5585
571	68.515	68.5253
572	68.515	68.5516
573	68.515	68.5659
574	68.515	68.5894
575	68.515	68.515
576	68.515	68.5248
577	68.515	68.5551
578	68.515	68.626
579	68.515	68.5537
580	68.515	68.6317
581	68.515	68.5325
582	68.515	68.5634
583	68.515	68.5574
584	68.515	68.5223
585	68.515	68.5748
586	68.515	68.5859
587	68.515	68.515
588	68.515	68.5383
589	68.515	68.5408
590	68.515	68.6789
591	68.515	68.7191
592	68.515	68.8143
593	68.515	68.6277
594	68.515	68.5711
595	68.515	68.5574
596	68.515	68.5762
597	68.515	68.6295
598	68.515	68.5202
599	68.515	68.5419
600	68.515	68.515
601	68.515	68.5733
602	68.515	68.5482
603	68.515	68.515
604	68.515	68.5347
605	68.515	68.53
606	68.515	68.5548
607	68.515	68.5182
608	68.515	68.5694
609	68.515	68.5394
610	68.515	68.515
611	68.515	68.5915
612	68.515	68.5496
613	68.515	68.5586
614	68.515	68.6056
615	68.515	68.5843
616	68.515	68.5697
617	68.515	68.5173
618	68.515	68.5451
619	68.515	68.5743
620	68.515	68.6074
621	68.515	68.626
622	68.515	68.665
623	68.515	68.5673
624	68.515	68.5674
625	68.515	68.521
626	68.515	68.5615
627	68.515	68.5573
628	68.515	68.5263
629	68.515	68.6043
630	68.515	68.5739
631	68.515	68.515
632	68.515	68.5879
633	68.515	68.6543
634	68.515	68.67
635	68.515	68.5968
636	68.515	68.5259
637	68.515	68.6673
638	68.515	68.6274
639	68.515	68.5482
640	68.515	68.515
641	68.515	68.515
642	68.515	68.6507
643	68.515	68.5925
644	68.515	68.5171
645	68.515	68.5234
646	68.515	68.6158
647	68.515	68.6969
648	68.515	68.5688
649	68.515	68.6224
650	68.515	68.5326
651	68.515	68.5413
652	68.515	68.5578
653	68.515	68.5187
654	68.515	68.5438
655	68.515	68.607
656	68.515	68.5543
657	68.515	68.5365
658	68.515	68.5408
659	68.515	68.515
660	68.515	68.515
661	68.515	68.6022
662	68.515	68.5924
663	68.515	68.515
664	68.515	68.515
665	68.515	68.5406
666	68.515	68.5181
667	68.515	68.56
668	68.515	68.5437
669	68.515	68.515
670	68.515	68.5388
671	68.515	68.6631
672	68.515	68.5627
673	68.515	68.672
674	68.515	68.6365
675	68.515	68.5257
676	68.515	68.515
677	68.515	68.5444
678	68.515	68.699
679	68.515	68.7433
680	68.515	68.5951
681	68.515	68.5224
682	68.515	68.6521
683	68.515	68.516
684	68.515	68.515
685	68.515	68.515
686	68.515	68.515
687	68.515	68.515
688	68.515	68.5742
689	68.515	68.515
690	68.515	68.515
691	68.515	68.5547
692	68.515	68.5156
693	68.515	68.525
694	68.515	68.515
695	68.515	68.515
696	68.515	68.5219
697	68.515	68.6876
698	68.515	68.7961
699	68.515	68.6171
700	68.515	68.7089
701	68.515	68.515
702	68.515	68.5403
703	68.515	68.515
704	68.515	68.515
705	68.515	68.5338
706	68.515	68.516
707	68.515	68.5407
708	68.515	68.5597
709	68.515	68.7545
710	68.515	68.6269
711	68.515	68.515
712	68.515	68.515
713	68.515	68.5819
714	68.515	68.605
715	68.515	68.6005
716	68.515	68.6582
717	68.515	68.515
718	68.515	68.5424
719	68.515	68.5212
720	68.515	68.5932
721	68.515	68.8095
722	68.515	68.7314
723	68.515	68.5279
724	68.2236	68.5506
725	68.2236	68.4951
726	68.2236	68.3951
727	68.2236	68.3342
728	68.2236	68.2371
729	68.2236	68.2236
730	68.2236	68.2286
731	68.2236	68.2532
732	68.2236	68.2236
733	68.2236	68.2241
734	68.2236	68.2321
735	68.2236	68.2236
736	68.2236	68.2402
737	68.2236	68.3058
738	68.2236	68.2293
739	68.2236	68.2267
740	68.2236	68.2965
741	68.2236	68.2292
742	68.2236	68.2236
743	68.2236	68.2236
744	68.2236	68.2521
745	68.2236	68.2236
746	68.2236	68.2236
747	68.2236	68.2293
748	68.2236	68.2236
749	68.2236	68.3194
750	68.2236	68.2314
751	68.2236	68.2236
752	68.2236	68.2236
753	68.2236	68.2236
754	68.2236	68.2583
755	68.2236	68.2657
756	68.2236	68.2962
757	68.2236	68.2994
758	68.2236	68.2334
759	68.2236	68.2837
760	68.2236	68.308
761	68.2236	68.2642
762	68.2236	68.2552
763	68.2236	68.227
764	68.2236	68.2352
765	68.2236	68.2834
766	68.2236	68.2993
767	68.2236	68.4414
768	68.2236	68.3482
769	68.2236	68.2544
770	68.2236	68.2236
771	68.2236	68.2236
772	68.2236	68.2953
773	68.2236	68.2236
774	68.2236	68.338
775	68.2236	68.259
776	68.2236	68.2578
777	68.2236	68.2351
778	68.2236	68.2238
779	68.2236	68.2236
780	68.2236	68.2236
781	68.2236	68.2236
782	68.2236	68.2236
783	68.2236	68.2236
784	68.2236	68.2236
785	68.2236	68.2249
786	68.2236	68.2554
787	68.2236	68.2837
788	68.2236	68.2236
789	68.2236	68.2761
790	68.2236	68.2236
791	68.2236	68.2236
792	68.2236	68.3002
793	68.2236	68.2236
794	68.2236	68.2236
795	68.2236	68.2425
796	68.2236	68.31
797	68.2236	68.3673
798	68.2236	68.3322
799	68.2236	68.3596
800	68.2236	68.2501
801	68.2236	68.2238
802	68.2236	68.2968
803	68.2236	68.2855
804	68.2236	68.4189
805	68.2236	68.2236
806	68.2236	68.2254
807	68.2236	68.2236
808	68.2236	68.2412
809	68.2236	68.2238
810	68.2236	68.2238
811	68.2236	68.2288
812	68.2236	68.2254
813	68.2236	68.2236
814	68.2236	68.2388
815	68.2236	68.4539
816	68.2236	68.2813
817	68.2236	68.2236
818	68.2236	68.2535
819	68.2236	68.2243
820	68.2236	68.3182
821	68.2236	68.2262
822	68.2236	68.2743
823	68.2236	68.3583
824	68.2236	68.4379
825	68.2236	68.539
826	68.2236	68.2572
827	68.2236	68.2565
828	68.2236	68.2701
829	68.2236	68.2349
830	68.2236	68.2533
831	68.2236	68.2236
832	68.2236	68.242
833	68.2236	68.2236
834	68.2236	68.2236
835	68.2236	68.2236
836	68.2236	68.2635
837	68.2236	68.2342
838	68.2236	68.2411
839	68.2236	68.2236
840	68.2236	68.2816
841	68.2236	68.2439
842	68.2236	68.2794
843	68.2236	68.2387
844	68.2236	68.2236
845	68.2236	68.2236
846	68.2236	68.2903
847	68.2236	68.2241
848	68.2236	68.2808
849	68.2236	68.2446
850	68.2236	68.2236
851	68.2236	68.2287
852	68.2236	68.2881
853	68.2236	68.274
854	68.2236	68.2236
855	68.2236	68.2236
856	68.2236	68.2777
857	68.2236	68.3688
858	68.2236	68.2236
859	68.2236	68.2699
860	68.2236	68.27
861	68.2236	68.2665
862	68.2236	68.2236
863	68.2236	68.2236
864	68.2236	68.2236
865	68.2236	68.2236
866	68.2236	68.3688
867	68.2236	68.2351
868	68.2236	68.2965
869	68.2236	68.2363
870	68.2236	68.3455
871	68.2236	68.2255
872	68.2236	68.2236
873	68.2236	68.2524
874	68.2236	68.2236
875	68.2236	68.2236
876	68.2236	68.2236
877	68.2236	68.326
878	68.2236	68.2236
879	68.2236	68.2289
880	68.2236	68.2276
881	68.2236	68.2236
882	68.2236	68.2267
883	68.2236	68.2336
884	68.2236	68.3457
885	68.2236	68.3665
886	68.2236	68.334
887	68.2236	68.2236
888	68.2236	68.3066
889	68.2236	68.2243
890	68.2236	68.2236
891	68.2236	68.2236
892	68.2236	68.2236
893	68.2236	68.332
894	68.2236	68.2236
895	68.2236	68.2352
896	68.2236	68.3448
897	68.2236	68.2274
898	68.2236	68.3849
899	68.2236	68.2236
900	68.2236	68.2446
901	68.2236	68.2236
902	68.2236	68.2236
903	68.2236	68.2236
904	68.2236	68.2344
905	68.2236	68.3813
906	68.2236	68.2881
907	68.2236	68.3313
908	68.2236	68.4014
909	68.2236	68.3095
910	68.2236	68.3928
911	68.2236	68.2558
912	68.2236	68.3294
913	68.2236	68.2755
914	68.2236	68.2528
915	68.2236	68.2942
916	68.2236	68.3458
917	68.2236	68.2734
918	68.2236	68.229
919	68.2236	68.2236
920	68.2236	68.2335
921	68.2236	68.248
922	68.2236	68.2236
923	68.2236	68.289
924	68.2236	68.3121
925	68.2236	68.2236
926	68.2236	68.2236
927	68.2236	68.3382
928	68.2236	68.3362
929	68.2236	68.3023
930	68.2236	68.2597
931	68.2236	68.2236
932	68.2236	68.2389
933	68.2236	68.2283
934	68.2236	68.2497
935	68.2236	68.2574
936	68.2236	68.2884
937	68.2236	68.2236
938	68.2236	68.2348
939	68.2236	68.3276
940	68.2236	68.2258
941	68.2236	68.2552
942	68.2236	68.3156
943	68.2236	68.2413
944	68.2236	68.2236
945	68.2236	68.2744
946	68.2236	68.2713
947	68.2236	68.2236
948	68.2236	68.314
949	68.2236	68.2331
950	68.2236	68.388
951	68.2236	68.396
952	68.2236	68.3805
953	68.2236	68.2667
954	68.2236	68.2257
955	68.2236	68.2396
956	68.2236	68.2502
957	68.2236	68.3086
958	68.2236	68.2282
959	68.2236	68.5444
960	68.2236	68.2374
961	68.2236	68.3697
962	68.2236	68.3004
963	68.2236	68.2549
964	68.2236	68.2236
965	68.2236	68.2236
966	68.2236	68.2236
967	68.2236	68.2979
968	68.2236	68.2837
969	68.2236	68.2622
970	68.2236	68.2236
971	68.2236	68.2236
972	68.2236	68.2236
973	68.2236	68.2236
974	68.2236	68.2236
975	68.2236	68.2236
976	68.2236	68.2236
977	68.2236	68.2243
978	68.2236	68.3797
979	68.2236	68.2469
980	68.2236	68.2528
981	68.2236	68.4125
982	68.2236	68.235
983	68.2236	68.3214
984	68.2236	68.2236
985	68.2236	68.2355
986	68.2236	68.2997
987	68.2236	68.3146
988	68.2236	68.2644
989	68.2236	68.2464
990	68.2236	68.298
991	68.2236	68.3932
992	68.2236	68.6185
993	68.2236	68.3573
994	68.2236	68.2954
995	68.2236	68.2311
996	68.2236	68.2475
997	68.2236	68.2468
998	68.2236	68.2296
999	68.2236	68.2303
1000	68.2236	68.2731
1001	68.2236	68.2901
1002	68.2236	68.2262
1003	68.2236	68.2368
1004	68.2236	68.2716
1005	68.2236	68.2236
1006	68.2236	68.2765
1007	68.2236	68.2865
1008	68.2236	68.3452
1009	68.2236	68.287
1010	68.2236	68.3064
1011	68.2236	68.2678
1012	68.2236	68.2236
1013	68.2236	68.2552
1014	68.2236	68.248
1015	68.2236	68.2236
1016	68.2236	68.2733
1017	68.2236	68.283
1018	68.2236	68.454
1019	68.2236	68.2733
1020	68.2236	68.2707
1021	68.2236	68.2337
1022	68.2236	68.2313
1023	68.2236	68.235
1024	68.2236	68.2773
1025	68.2236	68.2681
1026	68.2236	68.235
1027	68.2236	68.3394
1028	68.2236	68.3123
1029	68.2236	68.3921
1030	68.2236	68.4454
1031	68.2236	68.2746
1032	68.2236	68.268
1033	68.2236	68.3212
1034	68.2236	68.2266
1035	68.2236	68.3588
1036	68.2236	68.2236
1037	68.2236	68.3552
1038	68.2236	68.2629
1039	68.2236	68.2724
1040	68.2236	68.2436
1041	68.2236	68.2633
1042	68.2236	68.2236
1043	68.2236	68.2236
1044	68.2236	68.2236
1045	68.2236	68.2558
1046	68.2236	68.2843
1047	68.2236	68.3175
1048	68.2236	68.3923
1049	68.2236	68.2933
1050	68.2236	68.2394
1051	68.2236	68.2321
1052	68.2236	68.2495
1053	68.2236	68.2236
1054	68.2236	68.2503
1055	68.2236	68.2724
1056	68.2236	68.3066
1057	68.2236	68.3367
1058	68.2236	68.3039
1059	68.2236	68.3928
1060	68.2236	68.2236
1061	68.2236	68.2672
1062	68.2236	68.4302
1063	68.2236	68.2701
1064	68.2236	68.2461
1065	68.2236	68.3529
1066	68.2236	68.3289
1067	68.2236	68.2236
1068	68.2236	68.2236
1069	68.2236	68.2288
1070	68.2236	68.3769
1071	68.2236	68.3769
1072	68.2236	68.4705
1073	68.2236	68.3992
1074	68.2236	68.5364
1075	68.2236	68.2844
1076	68.2236	68.2581
1077	68.2236	68.3223
1078	68.2236	68.5978
1079	68.2236	68.362
1080	68.2236	68.3087
1081	68.2236	68.2236
1082	68.2236	68.2266
1083	68.2236	68.2775
1084	68.2236	68.3428
1085	68.2236	68.2635
1086	68.2236	68.3504
1087	68.2236	68.2932
1088	68.2236	68.2609
1089	68.2236	68.4984
1090	68.2236	68.3504
1091	68.2236	68.3184
1092	68.2236	68.2761
1093	68.2236	68.2822
1094	68.2236	68.2494
1095	68.2236	68.2429
1096	68.2236	68.2431
1097	68.2236	68.2236
1098	68.2236	68.2236
1099	68.2236	68.2236
1100	68.2236	68.3206
1101	68.2236	68.2256
1102	68.2236	68.324
1103	68.2236	68.2251
1104	68.2236	68.2236
1105	68.2236	68.2236
1106	68.2236	68.4389
1107	68.2236	68.4261
1108	68.2236	68.2625
1109	68.2236	68.2236
1110	68.2236	68.2236
1111	68.2236	68.2236
1112	68.2236	68.2236
1113	68.2236	68.2649
1114	68.2236	68.2967
1115	68.2236	68.297
1116	68.2236	68.2597
1117	68.2236	68.2236
1118	68.2236	68.2236
1119	68.2236	68.2236
1120	68.2236	68.2309
1121	68.2236	68.2531
1122	68.2236	68.2338
1123	68.2236	68.2236
1124	68.2236	68.2449
1125	68.2236	68.2236
1126	68.2236	68.244
1127	68.2236	68.2444
1128	68.2236	68.4208
1129	68.2236	68.4995
1130	68.2236	68.4569
1131	68.2236	68.4047
1132	68.2236	68.2291
1133	68.2236	68.2681
1134	68.2236	68.2808
1135	68.2236	68.3343
1136	68.2236	68.2844
1137	68.2236	68.2791
1138	68.2236	68.2388
1139	68.2236	68.2236
1140	68.2236	68.343
1141	68.2236	68.2751
1142	68.2236	68.2236
1143	68.2236	68.2236
1144	68.2236	68.2459
1145	68.2236	68.3338
1146	68.2236	68.2308
1147	68.2236	68.2626
1148	68.2236	68.2236
1149	68.2236	68.2236
1150	68.2236	68.2502
1151	68.2236	68.2236
1152	68.2236	68.2236
1153	68.2236	68.3249
1154	68.2236	68.2447
1155	68.2236	68.2344
1156	68.2236	68.2236
1157	68.2236	68.2579
1158	68.2236	68.258
1159	68.2236	68.2236
1160	68.2236	68.2236
1161	68.2236	68.2236
1162	68.2236	68.2236
1163	68.2236	68.2236
1164	68.2236	68.2322
1165	68.2236	68.2239
1166	68.2236	68.2618
1167	68.2236	68.233
1168	68.2236	68.2236
1169	68.2236	68.2478
1170	68.2236	68.2444
1171	68.2236	68.4396
1172	68.2236	68.6906
1173	68.2236	68.4632
1174	68.2236	68.2375
1175	68.2236	68.3168
1176	68.2236	68.2387
1177	68.2236	68.2251
1178	68.2236	68.2236
1179	68.2236	68.2942
1180	68.2236	68.2286
1181	68.2236	68.2862
1182	68.2236	68.3292
1183	68.2236	68.3937
1184	68.2236	68.3763
1185	68.2236	68.3557
1186	68.2236	68.4541
1187	68.2236	68.289
1188	68.2236	68.2546
1189	68.2236	68.2476
1190	68.2236	68.2236
1191	68.2236	68.2361
1192	68.2236	68.5789
1193	68.2236	68.282
1194	68.2236	68.2623
1195	68.2236	68.5035
1196	68.2236	68.229
1197	68.2236	68.2243
1198	68.2236	68.3275
1199	68.2236	68.2236
1200	68.2236	68.2658
1201	68.2236	68.3787
1202	68.2236	68.2255
1203	68.2236	68.2236
1204	68.2236	68.2236
1205	68.2236	68.2329
1206	68.2236	68.2236
1207	68.2236	68.2236
1208	68.2236	68.2407
1209	68.2236	68.324
1210	68.2236	68.2349
1211	68.2236	68.259
1212	68.2236	68.2294
1213	68.2236	68.3153
1214	68.2236	68.2236
1215	68.2236	68.2277
1216	68.2236	68.2236
1217	68.2236	68.2236
1218	68.2236	68.2675
1219	68.2236	68.2245
1220	68.2236	68.2319
1221	68.2236	68.2473
1222	68.2236	68.2855
1223	68.2236	68.2256
1224	68.2236	68.2768
1225	68.2236	68.2236
1226	68.2236	68.2289
1227	68.2236	68.3358
1228	68.2236	68.5175
1229	68.2236	68.454
1230	68.2236	68.3194
1231	68.2236	68.3394
1232	68.2236	68.2236
1233	68.2236	68.2312
1234	68.2236	68.2275
1235	68.2236	68.2727
1236	68.2236	68.2236
1237	68.2236	68.2397
1238	68.2236	68.2236
1239	68.2236	68.2236
1240	68.2236	68.2236
1241	68.2236	68.2236
1242	68.2236	68.2275
1243	68.2236	68.2272
1244	68.2236	68.3849
1245	68.2236	68.3113
1246	68.2236	68.359
1247	68.2236	68.3743
1248	68.2236	68.2442
1249	68.2236	68.4027
1250	68.2236	68.2475
1251	68.2236	68.2656
1252	68.2236	68.2667
1253	68.2236	68.2236
1254	68.2236	68.2292
1255	68.2236	68.2236
1256	68.2236	68.2238
1257	68.2236	68.2405
1258	68.2236	68.2608
1259	68.2236	68.3075
1260	68.2236	68.2537
1261	68.2236	68.2274
1262	68.2236	68.2236
1263	68.2236	68.2249
1264	68.2236	68.2236
1265	68.2236	68.2365
1266	68.2236	68.2258
1267	68.2236	68.2338
1268	68.2236	68.2681
1269	68.2236	68.2273
1270	68.2236	68.2792
1271	68.2236	68.4524
1272	68.2236	68.3136
1273	68.2236	68.2363
1274	68.2236	68.3063
1275	68.2236	68.2251
1276	68.2236	68.2516
1277	68.2236	68.3394
1278	68.2236	68.249
1279	68.2236	68.2399
1280	68.2236	68.2397
1281	68.2236	68.4424
1282	68.2236	68.2238
1283	68.2236	68.2236
1284	68.2236	68.2236
1285	68.2236	68.2236
1286	68.2236	68.2542
1287	68.2236	68.246
1288	68.2236	68.2548
1289	68.2236	68.234
1290	68.2236	68.2931
1291	68.2236	68.2457
1292	68.2236	68.2416
1293	68.2236	68.2236
1294	68.2236	68.2236
1295	68.2236	68.3501
1296	68.2236	68.5866
1297	68.2236	68.3103
1298	68.2236	68.2349
1299	68.2236	68.2535
1300	68.2236	68.2503
1301	68.2236	68.2236
1302	68.2236	68.2588
1303	68.2236	68.2236
1304	68.2236	68.3739
1305	68.2236	68.2561
1306	68.2236	68.3
1307	68.2236	68.2888
1308	68.2236	68.2588
1309	68.2236	68.2236
1310	68.2236	68.2236
1311	68.2236	68.2236
1312	68.2236	68.2236
1313	68.2236	68.2339
1314	68.2236	68.3419
1315	68.2236	68.2954
1316	68.2236	68.2782
1317	68.2236	68.2864
1318	68.2236	68.2635
1319	68.2236	68.2631
1320	68.2236	68.2236
1321	68.2236	68.2672
1322	68.2236	68.2247
1323	68.2236	68.2247
1324	68.2236	68.2236
1325	68.2236	68.232
1326	68.2236	68.2236
1327	68.2236	68.2483
1328	68.2236	68.3477
1329	68.2236	68.2236
1330	68.2236	68.3576
1331	68.2236	68.2908
1332	68.2236	68.2236
1333	68.2236	68.2254
1334	68.2236	68.2408
1335	68.2236	68.225
1336	68.2236	68.2314
1337	68.2236	68.2236
1338	68.2236	68.2458
1339	68.2236	68.3007
1340	68.2236	68.2606
1341	68.2236	68.2283
1342	68.2236	68.2269
1343	68.2236	68.2723
1344	68.2236	68.2824
1345	68.2236	68.2674
1346	68.2236	68.2469
1347	68.2236	68.2236
1348	68.2236	68.2236
1349	68.2236	68.2739
1350	68.2236	68.2928
1351	68.2236	68.2353
1352	68.2236	68.3372
1353	68.2236	68.3095
1354	68.2236	68.4162
1355	68.2236	68.3786
1356	68.2236	68.2236
1357	68.2236	68.2236
1358	68.2236	68.2834
1359	68.2236	68.2236
1360	68.2236	68.2236
1361	68.2236	68.2236
1362	68.2236	68.2349
1363	68.2236	68.2236
1364	68.2236	68.2236
1365	68.2236	68.5382
1366	68.2236	68.2555
1367	68.2236	68.2334
1368	68.2236	68.2411
1369	68.2236	68.2624
1370	68.2236	68.4439
1371	68.2236	68.2635
1372	68.2236	68.2963
1373	68.2236	68.3107
1374	68.2236	68.2399
1375	68.2236	68.2236
1376	68.2236	68.2406
1377	68.2236	68.2422
1378	68.2236	68.2444
1379	68.2236	68.2929
1380	68.2236	68.3041
1381	68.2236	68.3358
1382	68.2236	68.2236
1383	68.2236	68.2236
1384	68.2236	68.2236
1385	68.2236	68.2236
1386	68.2236	68.2236
1387	68.2236	68.2719
1388	68.2236	68.2236
1389	68.2236	68.2334
1390	68.2236	68.2246
1391	68.2236	68.2617
1392	68.2236	68.383
1393	68.2236	68.2756
1394	68.2236	68.2247
1395	68.2236	68.2236
1396	68.2236	68.2719
1397	68.2236	68.2447
1398	68.2236	68.2236
1399	68.2236	68.2439
1400	68.2236	68.2395
1401	68.2236	68.2236
1402	68.2236	68.2388
1403	68.2236	68.2902
1404	68.2236	68.3644
1405	68.2236	68.2236
1406	68.2236	68.2319
1407	68.2236	68.2236
1408	68.2236	68.2236
1409	68.2236	68.2483
1410	68.2236	68.2236
1411	68.2236	68.2342
1412	68.2236	68.226
1413	68.2236	68.2354
1414	68.2236	68.2483
1415	68.2236	68.2399
1416	68.2236	68.232
1417	68.2236	68.3225
1418	68.2236	68.2236
1419	68.2236	68.2264
1420	68.2236	68.2407
1421	68.2236	68.2375
1422	68.2236	68.3942
1423	68.2236	68.316
1424	68.2236	68.2891
1425	68.0353	68.3979
1426	68.0353	68.3298
1427	67.973	68.2529
1428	67.973	68.0574
1429	67.973	68.0059
1430	67.973	68.0159
1431	67.973	68.0306
1432	67.973	67.9976
1433	67.973	68.0071
1434	67.973	68.1149
1435	67.973	68.0183
1436	67.973	68.0864
1437	67.973	68.1023
1438	67.973	67.999
1439	67.973	67.973
1440	67.973	67.973
1441	67.973	67.9996
1442	67.973	67.9823
1443	67.973	67.9807
1444	67.973	68.3379
1445	67.973	68.3123
1446	67.973	68.4617
1447	67.973	68.1612
1448	67.973	67.9787
1449	67.973	67.973
1450	67.973	67.973
1451	67.973	67.973
1452	67.973	67.973
1453	67.973	67.973
1454	67.973	67.973
1455	67.973	68.1317
1456	67.973	68.0873
1457	67.973	67.9825
1458	67.973	67.973
1459	67.973	67.973
1460	67.973	68.0778
1461	67.973	68.0178
1462	67.973	68.0254
1463	67.973	67.977
1464	67.973	67.9904
1465	67.973	67.9843
1466	67.973	67.9931
1467	67.973	68.1171
1468	67.973	68.1869
1469	67.973	68.2369
1470	67.973	67.9981
1471	67.973	67.9952
1472	67.973	68.1332
1473	67.973	68.1273
1474	67.973	68.0338
1475	67.973	67.9799
1476	67.973	68.0372
1477	67.973	68.0331
1478	67.973	67.9803
1479	67.973	68.0248
1480	67.973	67.979
1481	67.973	68.0145
1482	67.973	67.9877
1483	67.973	68.2484
1484	67.973	68.1846
1485	67.973	68.0888
1486	67.973	67.973
1487	67.973	67.973
1488	67.973	67.973
1489	67.973	68.0584
1490	67.973	67.9942
1491	67.973	68.0915
1492	67.973	67.973
1493	67.973	68.0052
1494	67.973	68.0045
1495	67.973	68.0033
1496	67.973	68.0169
1497	67.973	68.0549
1498	67.973	68.2318
1499	67.973	68.1803
1500	67.973	68.1146
1501	67.973	68.0582
1502	67.973	68.0111
1503	67.973	67.973
1504	67.973	68.1197
1505	67.973	68.0507
1506	67.973	68.0246
1507	67.973	67.991
1508	67.973	67.9807
1509	67.973	67.9808
1510	67.973	67.9937
1511	67.973	68.2276
1512	67.973	68.107
1513	67.973	68.0241
1514	67.973	68.091
1515	67.973	68.0059
1516	67.973	67.9805
1517	67.973	67.973
1518	67.973	68.1229
1519	67.973	67.9868
1520	67.973	68.0567
1521	67.973	68.0153
1522	67.973	67.975
1523	67.973	67.9888
1524	67.973	67.973
1525	67.973	67.973
1526	67.973	67.973
1527	67.973	68.2767
1528	67.973	68.2018
1529	67.973	67.973
1530	67.973	67.9848
1531	67.973	67.973
1532	67.973	68.0301
1533	67.973	68.1161
1534	67.973	68.0502
1535	67.973	68.1065
1536	67.973	68.3951
1537	67.973	68.0342
1538	67.973	67.973
1539	67.973	67.973
1540	67.973	67.973
1541	67.973	67.973
1542	67.973	67.973
1543	67.973	68.0099
1544	67.973	67.9789
1545	67.973	67.982
1546	67.973	67.973
1547	67.973	67.973
1548	67.973	67.9811
1549	67.973	67.9737
1550	67.973	67.9775
1551	67.973	68.029
1552	67.973	68.0691
1553	67.973	67.9981
1554	67.973	67.9959
1555	67.973	68.1347
1556	67.973	68.124
1557	67.973	68.0447
1558	67.973	68.0267
1559	67.973	68.118
1560	67.973	68.0147
1561	67.973	67.9804
1562	67.973	67.973
1563	67.973	67.973
1564	67.973	67.9783
1565	67.973	67.973
1566	67.973	67.973
1567	67.973	67.973
1568	67.973	68.0079
1569	67.973	67.973
1570	67.973	67.973
1571	67.973	67.9788
1572	67.973	68.0182
1573	67.973	67.979
1574	67.973	68.0327
1575	67.973	67.973
1576	67.973	67.973
1577	67.973	67.9883
1578	67.973	67.9735
1579	67.973	67.973
1580	67.973	67.9745
1581	67.973	67.973
1582	67.973	68.0978
1583	67.973	68.3213
1584	67.973	68.0176
1585	67.973	67.973
1586	67.973	67.9776
1587	67.973	67.9733
1588	67.973	67.9982
1589	67.973	68.0513
1590	67.973	67.9742
1591	67.973	67.973
1592	67.973	68.1049
1593	67.973	68.0528
1594	67.973	68.0237
1595	67.973	68.1046
1596	67.973	67.973
1597	67.973	67.973
1598	67.973	68.1196
1599	67.973	68.0158
1600	67.973	68.0316
1601	67.973	67.9823
1602	67.973	68.0001
1603	67.973	68.0373
1604	67.973	68.0537
1605	67.973	67.9956
1606	67.973	68.0557
1607	67.973	68.044
1608	67.973	67.973
1609	67.973	67.973
1610	67.973	67.973
1611	67.973	67.973
1612	67.973	68.0122
1613	67.973	68.0094
1614	67.973	67.973
1615	67.973	67.973
1616	67.973	68.0812
1617	67.973	68.0314
1618	67.973	67.9955
1619	67.973	68.1745
1620	67.973	67.9732
1621	67.973	68.0133
1622	67.973	67.9997
1623	67.973	67.973
1624	67.973	68.0322
1625	67.973	67.973
1626	67.973	67.973
1627	67.973	68.0234
1628	67.973	68.0893
1629	67.973	67.9879
1630	67.973	68.2718
1631	67.973	68.2124
1632	67.973	68.5549
1633	67.973	68.3503
1634	67.973	68.0852
1635	67.973	68.1395
1636	67.973	68.1302
1637	67.973	68.0128
1638	67.973	68.0002
1639	67.973	68.0375
1640	67.973	68.0243
1641	67.973	68.032
1642	67.973	68.0649
1643	67.973	68.0676
1644	67.973	68.1746
1645	67.973	67.9798
1646	67.973	67.973
1647	67.973	67.973
1648	67.973	67.974
1649	67.973	67.9839
1650	67.973	68.0713
1651	67.973	68.013
1652	67.973	67.995
1653	67.973	68.0227
1654	67.973	67.9851
1655	67.973	67.973
1656	67.973	68.1069
1657	67.973	68.0441
1658	67.973	68.0231
1659	67.973	68.0799
1660	67.973	67.9943
1661	67.973	68.0028
1662	67.973	68.0952
1663	67.973	68.0824
1664	67.973	67.9885
1665	67.973	68.0541
1666	67.973	68.1933
1667	67.973	68.002
1668	67.973	67.973
1669	67.973	67.973
1670	67.973	68.118
1671	67.973	68.0976
1672	67.973	68.3227
1673	67.973	68.0568
1674	67.973	68.0679
1675	67.973	68.2386
1676	67.973	67.9774
1677	67.973	67.9801
1678	67.973	68.0017
1679	67.973	68.1264
1680	67.973	68.0045
1681	67.973	67.9803
1682	67.973	67.9838
1683	67.973	67.973
1684	67.973	67.973
1685	67.973	68.0126
1686	67.973	68.1431
1687	67.973	68.0322
1688	67.973	68.0226
1689	67.973	68.0141
1690	67.973	68.0125
1691	67.973	67.974
1692	67.973	67.9763
1693	67.973	67.973
1694	67.973	67.9777
1695	67.973	68.088
1696	67.973	67.973
1697	67.973	68.0296
1698	67.973	68.1469
1699	67.973	67.9782
1700	67.973	68.021
1701	67.973	68.1626
1702	67.973	68.0526
1703	67.973	68.0015
1704	67.973	67.973
1705	67.973	68.1421
1706	67.973	68.0105
1707	67.973	67.9848
1708	67.973	68.0406
1709	67.973	68.1642
1710	67.973	67.9896
1711	67.973	67.9732
1712	67.973	68.1699
1713	67.973	68.0925
1714	67.973	68.0849
1715	67.973	68.0096
1716	67.973	68.0031
1717	67.973	68.0386
1718	67.973	68.0533
1719	67.973	67.973
1720	67.973	68.0341
1721	67.973	68.0631
1722	67.973	68.028
1723	67.973	68.0358
1724	67.973	68.0372
1725	67.973	67.9797
1726	67.973	67.973
1727	67.973	68.0071
1728	67.973	67.973
1729	67.973	68.0746
1730	67.973	68.0179
1731	67.973	67.973
1732	67.973	67.973
1733	67.973	67.973
1734	67.973	67.973
1735	67.973	67.977
1736	67.973	67.973
1737	67.973	67.9768
1738	67.973	67.997
1739	67.973	68.0194
1740	67.973	67.9871
1741	67.973	67.973
1742	67.973	67.973
1743	67.973	67.973
1744	67.973	68.0062
1745	67.973	67.973
1746	67.973	67.973
1747	67.973	67.973
1748	67.973	67.973
1749	67.973	67.973
1750	67.973	67.973
1751	67.973	67.9896
1752	67.973	67.973
1753	67.973	67.973
1754	67.973	67.973
1755	67.973	68.0138
1756	67.973	67.9761
1757	67.973	67.973
1758	67.973	67.9877
1759	67.973	67.9764
1760	67.973	67.973
1761	67.973	68.0353
1762	67.973	67.9896
1763	67.973	67.973
1764	67.973	68.0105
1765	67.973	68.0143
1766	67.973	67.973
1767	67.973	67.9972
1768	67.973	67.973
1769	67.973	67.973
1770	67.973	67.973
1771	67.973	67.9874
1772	67.973	67.977
1773	67.973	67.9755
1774	67.973	68.124
1775	67.973	68.0128
1776	67.973	67.973
1777	67.973	67.9862
1778	67.973	68.0251
1779	67.973	68.1404
1780	67.973	68.0983
1781	67.973	68.0475
1782	67.973	68.0299
1783	67.973	67.973
1784	67.973	67.9915
1785	67.973	68.0681
1786	67.973	68.0125
1787	67.973	68.1386
1788	67.973	68.1091
1789	67.973	68.0547
1790	67.973	68.0039
1791	67.973	67.9811
1792	67.973	67.973
1793	67.973	67.9784
1794	67.973	67.973
1795	67.973	67.973
1796	67.973	67.973
1797	67.973	68.0292
1798	67.973	68.0623
1799	67.973	68.2189
1800	67.973	68.085
1801	67.973	68.0104
1802	67.973	68.0083
1803	67.973	68.0272
1804	67.973	67.9978
1805	67.973	68.006
1806	67.973	67.9906
1807	67.973	68.0782
1808	67.973	68.14
1809	67.973	68.1731
1810	67.973	68.2029
1811	67.973	68.0818
1812	67.973	68.0913
1813	67.973	68.0241
1814	67.973	68.0574
1815	67.973	68.0551
1816	67.973	68.048
1817	67.973	68.1754
1818	67.973	68.1412
1819	67.973	68.2619
1820	67.973	68.0503
1821	67.973	67.9795
1822	67.973	67.973
1823	67.973	68.0622
1824	67.973	68.0532
1825	67.973	67.9754
1826	67.973	67.973
1827	67.973	68.0789
1828	67.973	67.9956
1829	67.973	68.0204
1830	67.973	67.9985
1831	67.973	67.973
1832	67.973	67.9999
1833	67.973	67.973
1834	67.973	68.0012
1835	67.973	68.0518
1836	67.973	68.0601
1837	67.973	68.1251
1838	67.973	67.9796
1839	67.973	68.1132
1840	67.973	68.0781
1841	67.973	67.9732
1842	67.973	68.1301
1843	67.973	68.027
1844	67.973	68.0991
1845	67.973	68.1148
1846	67.973	68.0247
1847	67.973	68.02
1848	67.973	67.973
1849	67.973	68.0697
1850	67.973	67.973
1851	67.973	67.973
1852	67.973	68.0421
1853	67.973	67.9854
1854	67.973	67.973
1855	67.973	67.973
1856	67.973	68.1815
1857	67.973	68.0315
1858	67.973	67.9805
1859	67.973	67.973
1860	67.973	67.9895
1861	67.973	68.0326
1862	67.973	68.2951
1863	67.973	68.0846
1864	67.973	67.973
1865	67.973	68.0886
1866	67.973	68.0908
1867	67.973	68.0453
1868	67.973	68.0443
1869	67.973	68.0076
1870	67.973	68.2316
1871	67.973	68.0814
1872	67.973	67.973
1873	67.973	67.973
1874	67.973	68.0424
1875	67.973	67.973
1876	67.973	67.973
1877	67.973	68.0248
1878	67.973	67.9741
1879	67.973	67.973
1880	67.973	67.973
1881	67.973	67.973
1882	67.973	67.973
1883	67.973	67.9741
1884	67.973	67.9982
1885	67.973	67.9868
1886	67.973	67.9734
1887	67.973	67.973
1888	67.973	67.973
1889	67.973	68.0322
1890	67.973	68.0205
1891	67.973	68.2004
1892	67.973	68.0245
1893	67.973	68.0362
1894	67.973	67.9879
1895	67.973	67.973
1896	67.973	68.0198
1897	67.973	68.0381
1898	67.973	68.0062
1899	67.973	67.9896
1900	67.973	67.9797
1901	67.973	68.0389
1902	67.973	67.973
1903	67.973	67.973
1904	67.973	68.0079
1905	67.973	67.9895
1906	67.973	68.166
1907	67.973	68.0725
1908	67.973	68.0628
1909	67.973	68.1359
1910	67.973	67.9938
1911	67.973	68.0231
1912	67.973	68.2782
1913	67.973	68.176
1914	67.973	67.973
1915	67.973	67.973
1916	67.973	67.973
1917	67.973	67.9906
1918	67.973	67.973
1919	67.973	68.0128
1920	67.973	67.973
1921	67.973	67.973
1922	67.973	68.0052
1923	67.973	67.9888
1924	67.973	67.9843
1925	67.973	67.973
1926	67.973	67.996
1927	67.973	67.9863
1928	67.973	68.0065
1929	67.973	67.973
1930	67.973	67.973
1931	67.973	67.973
1932	67.973	67.973
1933	67.973	67.973
1934	67.973	67.973
1935	67.973	68.1104
1936	67.973	67.973
1937	67.973	67.9848
1938	67.973	67.977
1939	67.973	68.0206
1940	67.973	67.9896
1941	67.973	68.0071
1942	67.973	67.9741
1943	67.973	67.973
1944	67.973	67.973
1945	67.973	67.973
1946	67.973	67.973
1947	67.973	67.9927
1948	67.973	67.9976
1949	67.973	67.9745
1950	67.973	68.0247
1951	67.973	67.9793
1952	67.973	68.1451
1953	67.973	68.0003
1954	67.973	68.0545
1955	67.973	68.0888
1956	67.973	68.0505
1957	67.973	68.0599
1958	67.973	67.9925
1959	67.973	67.973
1960	67.973	67.973
1961	67.973	67.9833
1962	67.973	67.9854
1963	67.973	67.973
1964	67.973	67.973
1965	67.973	68.0262
1966	67.973	67.973
1967	67.973	67.973
1968	67.973	68.0213
1969	67.973	68.0114
1970	67.973	68.0795
1971	67.973	67.973
1972	67.973	68.091
1973	67.973	68.2088
1974	67.973	68.1087
1975	67.973	68.0428
1976	67.973	68.0342
1977	67.973	68.0313
1978	67.973	68.0614
1979	67.973	67.9887
1980	67.973	68.0256
1981	67.973	67.9773
1982	67.973	68.0422
1983	67.973	68.0056
1984	67.973	68.1355
1985	67.973	68.3032
1986	67.973	68.2597
1987	67.973	68.1547
1988	67.973	68.1266
1989	67.973	68.0785
1990	67.973	67.973
1991	67.973	67.9836
1992	67.973	68.0512
1993	67.973	68.0289
1994	67.973	67.973
1995	67.973	67.973
1996	67.973	67.9749
1997	67.973	68.0077
1998	67.973	68.0747
1999	67.973	68.0449
2000	67.973	68.0644
2001	67.973	68.1579
2002	67.973	67.973
2003	67.973	67.9807
2004	67.973	67.9741
2005	67.973	68.0788
2006	67.973	67.9879
2007	67.973	68.0736
2008	67.973	68.0098
2009	67.973	68.0005
2010	67.973	68.2995
2011	67.973	68.159
2012	67.973	68.0557
2013	67.973	67.9894
2014	67.973	68.0022
2015	67.973	68.0312
2016	67.973	67.9794
2017	67.973	67.9836
2018	67.973	68.0132
2019	67.973	67.9915
2020	67.973	68.0447
2021	67.973	68.0054
2022	67.973	67.9921
2023	67.973	67.973
2024	67.973	67.973
2025	67.973	68.0369
2026	67.973	67.973
2027	67.973	67.9808
2028	67.973	67.997
2029	67.973	67.9884
2030	67.973	67.9886
2031	67.973	68.075
2032	67.973	68.0297
2033	67.973	67.973
2034	67.973	67.973
2035	67.973	68.1573
2036	67.973	67.973
2037	67.973	67.9744
2038	67.973	67.9938
2039	67.973	68.0873
2040	67.973	67.973
2041	67.973	67.973
2042	67.973	67.9946
2043	67.973	67.9839
2044	67.973	67.9816
2045	67.973	67.9946
2046	67.973	67.9936
2047	67.973	68.003
2048	67.973	67.9749
2049	67.973	67.973
2050	67.973	67.973
2051	67.973	68.0032
2052	67.973	67.973
2053	67.973	67.973
2054	67.973	67.973
2055	67.973	68.0603
2056	67.973	67.9896
2057	67.973	68.0029
2058	67.973	68.1631
2059	67.973	67.9743
2060	67.973	67.973
2061	67.973	67.986
2062	67.973	67.9735
2063	67.973	68.0024
2064	67.973	67.973
2065	67.973	67.9839
2066	67.973	68.0181
2067	67.973	68.1606
2068	67.973	68.0036
2069	67.973	67.973
2070	67.973	67.983
2071	67.973	68.1509
2072	67.973	67.9865
2073	67.973	68.0801
2074	67.973	68.0023
2075	67.973	67.9888
2076	67.973	67.973
2077	67.973	67.9763
2078	67.973	67.973
2079	67.973	68.0008
2080	67.973	68.0012
2081	67.973	68.1333
2082	67.973	68.0602
2083	67.973	67.973
2084	67.973	67.973
2085	67.973	68.0084
2086	67.973	68.0757
2087	67.973	68.0077
2088	67.973	67.9862
2089	67.973	68.0137
2090	67.973	67.9928
2091	67.973	68.107
2092	67.973	68.0678
2093	67.973	68.1347
2094	67.973	67.9972
2095	67.973	67.9871
2096	67.973	67.9762
2097	67.973	68.0733
2098	67.973	68.0135
2099	67.973	67.973
2100	67.973	67.973
2101	67.973	67.973
2102	67.973	68.0828
2103	67.973	67.9868
2104	67.973	68.0165
2105	67.973	68.0107
2106	67.973	68.0267
2107	67.973	68.3741
2108	67.973	68.1488
2109	67.973	68.1052
2110	67.973	68.0649
2111	67.973	67.973
2112	67.973	68.1024
2113	67.973	68.0364
2114	67.973	67.983
2115	67.973	68.0195
2116	67.973	68.0052
2117	67.973	67.973
2118	67.973	67.973
2119	67.973	67.9813
2120	67.973	68.109
2121	67.973	68.0026
2122	67.973	68.1267
2123	67.973	67.9797
2124	67.973	67.9975
2125	67.973	68.1294
2126	67.973	67.9856
2127	67.973	67.9932
2128	67.973	67.973
2129	67.973	67.9838
2130	67.973	68.0841
2131	67.973	67.992
2132	67.973	67.973
2133	67.973	67.9735
2134	67.973	68.0134
2135	67.973	68.0601
2136	67.973	67.9745
2137	67.973	67.973
2138	67.973	67.973
2139	67.973	67.973
2140	67.973	68.0252
2141	67.973	67.9883
2142	67.973	67.9971
2143	67.973	67.973
2144	67.973	68.0354
2145	67.973	68.0793
2146	67.973	67.9992
2147	67.973	67.973
2148	67.973	68.0073
2149	67.973	67.9867
2150	67.973	67.973
2151	67.973	68.0951
2152	67.973	67.9791
2153	67.973	67.9748
2154	67.973	68.2117
2155	67.973	68.1823
2156	67.973	68.0303
2157	67.973	68.0291
2158	67.973	67.9932
2159	67.973	67.973
2160	67.973	67.9938
2161	67.973	68.0354
2162	67.973	68.0431
2163	67.973	67.9808
2164	67.973	67.9884
2165	67.973	67.9794
2166	67.973	67.9978
2167	67.973	68.0008
2168	67.973	68.0191
2169	67.973	68.0368
2170	67.973	68.0253
2171	67.973	67.973
2172	67.973	67.9737
2173	67.973	67.975
2174	67.973	68.0601
2175	67.973	68.0848
2176	67.973	68.0208
2177	67.973	67.9747
2178	67.973	67.9747
2179	67.973	68.0335
2180	67.973	68.0081
2181	67.973	68.0164
2182	67.973	67.9907
2183	67.973	67.973
2184	67.973	67.973
2185	67.973	67.973
2186	67.973	67.973
2187	67.973	67.9766
2188	67.973	68.0612
2189	67.973	67.9965
2190	67.973	68.084
2191	67.973	67.9821
2192	67.973	67.9963
2193	67.973	67.973
2194	67.973	67.9824
2195	67.973	67.973
2196	67.973	67.973
2197	67.973	67.973
2198	67.973	67.9918
2199	67.973	68.0446
2200	67.973	68.018
2201	67.973	68.1133
2202	67.973	67.9806
2203	67.973	67.9807
2204	67.973	68.0001
2205	67.973	68.0031
2206	67.973	67.9759
2207	67.973	67.9842
2208	67.973	68.0063
2209	67.973	67.973
2210	67.973	67.9763
2211	67.973	67.973
2212	67.973	68.004
2213	67.973	68.0228
2214	67.973	67.9986
2215	67.973	68.1103
2216	67.973	67.9809
2217	67.973	68.0181
2218	67.973	68.0988
2219	67.973	68.1488
2220	67.973	68.0735
2221	67.973	68.0155
2222	67.973	67.973
2223	67.973	67.973
2224	67.973	68.1117
2225	67.973	68.1611
2226	67.973	67.995
2227	67.973	68.0849
2228	67.973	68.0779
2229	67.973	67.9996
2230	67.973	67.973
2231	67.973	67.9968
2232	67.973	67.9939
2233	67.973	68.0517
2234	67.973	68.0529
2235	67.973	68.033
2236	67.973	68.0433
2237	67.973	67.973
2238	67.973	67.9858
2239	67.973	68.1496
2240	67.973	68.1112
2241	67.973	67.9875
2242	67.973	67.9788
2243	67.973	67.973
2244	67.973	67.973
2245	67.973	68.1428
2246	67.973	67.973
2247	67.973	68.1017
2248	67.973	68.1282
2249	67.973	68.0064
2250	67.973	67.9799
2251	67.973	68.0226
2252	67.973	68.0349
2253	67.973	68.061
2254	67.973	68.0953
2255	67.973	68.0749
2256	67.973	67.9951
2257	67.973	67.9748
2258	67.973	67.973
2259	67.973	67.973
2260	67.973	67.9898
2261	67.973	67.99
2262	67.973	68.0025
2263	67.973	67.973
2264	67.973	68.1301
2265	67.973	68.1467
2266	67.973	67.986
2267	67.973	68.1164
2268	67.973	67.9972
2269	67.973	68.0361
2270	67.973	68.1285
2271	67.973	68.0095
2272	67.973	68.2527
2273	67.973	68.0368
2274	67.973	67.9937
2275	67.973	67.973
2276	67.973	68.0284
2277	67.973	68.0226
2278	67.973	67.973
2279	67.973	67.973
2280	67.973	67.973
2281	67.973	68.0738
2282	67.973	68.0151
2283	67.973	67.9889
2284	67.973	68.1445
2285	67.973	68.1458
2286	67.973	68.1682
2287	67.973	67.9748
2288	67.973	68.0516
2289	67.973	67.9768
2290	67.973	67.973
2291	67.973	67.973
2292	67.973	68.0027
2293	67.973	67.985
2294	67.973	67.973
2295	67.973	67.973
2296	67.973	67.9793
2297	67.973	68.1211
2298	67.973	68.0582
2299	67.973	68.283
2300	67.973	68.0344
2301	67.973	68.1013
2302	67.973	68.069
2303	67.973	67.9975
2304	67.973	67.973
2305	67.973	68.0751
2306	67.973	68.0367
2307	67.973	68.0064
2308	67.973	67.9732
2309	67.973	67.976
2310	67.973	67.9853
2311	67.973	67.973
2312	67.973	68.0216
2313	67.973	67.9802
2314	67.973	67.973
2315	67.973	67.973
2316	67.973	68.0409
2317	67.973	68.013
2318	67.973	67.9786
2319	67.973	67.973
2320	67.973	67.9742
2321	67.973	68.0011
2322	67.973	67.9959
2323	67.973	68.1024
2324	67.973	68.0665
2325	67.973	68.0609
2326	67.973	68.2176
2327	67.973	68.024
2328	67.973	67.9817
2329	67.973	68.064
2330	67.973	67.973
2331	67.973	67.973
2332	67.973	67.9855
2333	67.973	67.9773
2334	67.973	67.973
2335	67.973	67.9812
2336	67.973	68.0009
2337	67.973	68.0526
2338	67.973	68.0983
2339	67.973	68.2129
2340	67.973	68.0274
2341	67.973	68.0842
2342	67.973	68.442
2343	67.973	68.1244
2344	67.973	68.0451
2345	67.973	68.0183
2346	67.973	68.0468
2347	67.973	68.005
2348	67.973	68.1094
2349	67.973	68.0166
2350	67.973	68.1123
2351	67.973	67.973
2352	67.973	68.1141
2353	67.973	68.2353
2354	67.973	68.1328
2355	67.973	68.0131
2356	67.973	68.0389
2357	67.973	67.9796
2358	67.973	68.0693
2359	67.973	67.9959
2360	67.973	68.0954
2361	67.973	68.085
2362	67.973	68.1675
2363	67.973	68.0583
2364	67.973	68.0871
2365	67.973	68.0783
2366	67.973	67.9899
2367	67.973	67.9777
2368	67.973	68.1241
2369	67.973	67.9957
2370	67.973	68.0132
2371	67.973	68.1772
2372	67.973	68.1864
2373	67.973	68.0134
2374	67.973	68.1095
2375	67.973	67.973
2376	67.973	67.9743
2377	67.973	67.9875
2378	67.973	68.0639
2379	67.973	67.973
2380	67.973	67.973
2381	67.973	67.973
2382	67.973	67.9732
2383	67.973	68.0032
2384	67.973	68.0173
2385	67.973	68.0479
2386	67.973	68.0591
2387	67.973	68.0088
2388	67.973	67.9888
2389	67.973	67.9754
2390	67.973	68.0192
2391	67.973	68.0168
2392	67.973	67.9785
2393	67.973	67.9842
2394	67.973	68.0525
2395	67.973	67.973
2396	67.973	67.973
2397	67.973	67.973
2398	67.973	67.9997
2399	67.973	68.2212
2400	67.973	67.9782
2401	67.973	67.9846
2402	67.973	67.973
2403	67.973	68.0936
2404	67.973	67.973
2405	67.973	68.0103
2406	67.973	68.0515
2407	67.973	68.0104
2408	67.973	67.9951
2409	67.973	67.9883
2410	67.973	68.0137
2411	67.973	68.0276
2412	67.973	68.1184
2413	67.973	68.1617
2414	67.973	68.0163
2415	67.973	68.0271
2416	67.973	67.9754
2417	67.973	67.9858
2418	67.973	67.9774
2419	67.973	67.9789
2420	67.973	68.0352
2421	67.973	67.9903
2422	67.973	67.973
2423	67.973	67.9936
2424	67.973	67.973
2425	67.973	68.0606
2426	67.973	68.0518
2427	67.973	68.0182
2428	67.973	67.9781
2429	67.973	67.9748
2430	67.973	67.9845
2431	67.973	68.1409
2432	67.973	68.12
2433	67.973	68.2827
2434	67.973	68.1568
2435	67.973	68.0066
2436	67.973	68.0032
2437	67.973	67.973
2438	67.973	67.9784
2439	67.973	68.1443
2440	67.973	68.0196
2441	67.973	67.9847
2442	67.973	67.9813
2443	67.973	68.0189
2444	67.973	68.1047
2445	67.973	68.2711
2446	67.973	68.0503
2447	67.973	67.9928
2448	67.973	68.0753
2449	67.973	68.0117
2450	67.973	68.0253
2451	67.973	67.9776
2452	67.973	67.973
2453	67.973	67.9935
2454	67.973	67.973
2455	67.973	67.9787
2456	67.973	67.9965
2457	67.973	67.973
2458	67.973	67.973
2459	67.973	67.9971
2460	67.973	68.0235
2461	67.973	67.9753
2462	67.973	67.973
2463	67.973	67.9874
2464	67.973	68.0334
2465	67.973	67.9999
2466	67.973	68.1048
2467	67.973	67.973
2468	67.973	67.973
2469	67.973	67.973
2470	67.973	68.0111
2471	67.973	67.973
2472	67.973	67.9907
2473	67.973	67.9912
2474	67.973	67.973
2475	67.973	67.973
2476	67.973	67.973
2477	67.973	67.973
2478	67.973	67.9833
2479	67.973	67.9931
2480	67.973	68.0964
2481	67.973	68.0196
2482	67.973	67.973
2483	67.973	67.9741
2484	67.973	67.973
2485	67.973	67.973
2486	67.973	68.0366
2487	67.973	67.975
2488	67.973	67.9863
2489	67.973	67.973
2490	67.973	67.9813
2491	67.973	67.9967
2492	67.973	68.1209
2493	67.973	67.9762
2494	67.973	67.973
2495	67.973	67.973
2496	67.973	68.0437
2497	67.973	68.1488
2498	67.973	68.064
2499	67.973	68.1717
2500	67.973	68.1771
2501	67.973	68.0322
2502	67.973	68.1247
2503	67.973	68.0611
2504	67.973	67.9985
2505	67.973	67.973
2506	67.973	67.9941
2507	67.973	68.0365
2508	67.973	68.0575
2509	67.973	68.0362
2510	67.973	68.0197
2511	67.973	68.1121
2512	67.973	68.0003
2513	67.973	67.973
2514	67.973	68.0079
2515	67.973	68.0014
2516	67.973	67.973
2517	67.973	67.9733
2518	67.973	68.1995
2519	67.973	68.1523
2520	67.973	68.056
2521	67.973	68.1059
2522	67.973	68.0232
2523	67.973	68.1407
2524	67.973	68.3101
2525	67.973	68.2549
2526	67.973	68.0206
2527	67.973	68.3837
2528	67.973	68.4997
2529	67.973	68.2626
2530	67.973	68.109
2531	67.973	68.081
2532	67.973	67.9733
2533	67.973	68.0252
2534	67.973	68.0145
2535	67.973	67.9747
2536	67.973	67.9794
2537	67.973	67.9828
2538	67.973	68.0618
2539	67.973	68.081
2540	67.973	68.3722
2541	67.973	68.0349
2542	67.973	68.1299
2543	67.973	68.1
2544	67.973	67.973
2545	67.973	67.973
2546	67.973	67.9832
2547	67.973	67.9862
2548	67.973	68.0835
2549	67.973	67.979
2550	67.973	68.0646
2551	67.973	68.128
2552	67.973	68.0156
2553	67.973	67.973
2554	67.973	67.973
2555	67.973	67.973
2556	67.973	67.9772
2557	67.973	67.9906
2558	67.973	67.9733
2559	67.973	67.973
2560	67.973	67.973
2561	67.973	67.973
2562	67.973	67.973
2563	67.973	67.973
2564	67.973	67.973
2565	67.973	67.973
2566	67.973	67.973
2567	67.973	68.029
2568	67.973	68.0465
2569	67.973	67.982
2570	67.973	68.0106
2571	67.973	68.1245
2572	67.973	68.3791
2573	67.973	68.2226
2574	67.973	68.1707
2575	67.973	68.0606
2576	67.973	67.9784
2577	67.973	68.009
2578	67.973	67.973
2579	67.973	67.9963
2580	67.973	68.1501
2581	67.973	68.0278
2582	67.973	67.973
2583	67.973	67.9998
2584	67.973	68.055
2585	67.973	68.0351
2586	67.973	68.0348
2587	67.973	67.988
2588	67.973	67.9892
2589	67.973	68.0262
2590	67.973	68.0917
2591	67.973	68.0335
2592	67.973	68.022
2593	67.973	67.9849
2594	67.973	67.973
2595	67.973	68.0122
2596	67.973	67.973
2597	67.973	67.973
2598	67.973	67.973
2599	67.973	67.973
2600	67.973	68.0437
2601	67.973	68.0258
2602	67.973	67.976
2603	67.973	68.0127
2604	67.973	67.973
2605	67.973	67.9731
2606	67.973	68.0032
2607	67.973	68.0806
2608	67.973	68.0147
2609	67.973	67.9732
2610	67.973	67.973
2611	67.5207	67.9717
2612	67.5207	67.9902
2613	67.5207	67.7378
2614	67.5207	67.6513
2615	67.5207	67.5468
2616	67.5207	67.5209
2617	67.5207	67.5342
2618	67.5207	67.5207
2619	67.5207	67.6363
2620	67.5207	67.5386
2621	67.5207	67.5646
2622	67.5207	67.5923
2623	67.5207	67.5271
2624	67.5207	67.5207
2625	67.5207	67.5207
2626	67.5207	67.5207
2627	67.5207	67.5207
2628	67.5207	67.5294
2629	67.5207	67.573
2630	67.5207	67.5207
2631	67.5207	67.5207
2632	67.5207	67.5207
2633	67.5207	67.5411
2634	67.5207	67.6721
2635	67.5207	67.5305
2636	67.5207	67.5896
2637	67.5207	67.6706
2638	67.5207	67.5369
2639	67.5207	67.5207
2640	67.5207	67.5226
2641	67.5207	67.5209
2642	67.5207	67.5207
2643	67.5207	67.5207
2644	67.5207	67.5207
2645	67.5207	67.5215
2646	67.5207	67.5687
2647	67.5207	67.6109
2648	67.5207	67.5653
2649	67.5207	67.6329
2650	67.5207	67.5278
2651	67.5207	67.5317
2652	67.5207	67.5207
2653	67.5207	67.5207
2654	67.5207	67.6264
2655	67.5207	67.5207
2656	67.5207	67.5207
2657	67.5207	67.5207
2658	67.5207	67.5312
2659	67.5207	67.5456
2660	67.5207	67.5294
2661	67.5207	67.5497
2662	67.5207	67.5207
2663	67.5207	67.5218
2664	67.5207	67.5815
2665	67.5207	67.5207
2666	67.5207	67.5207
2667	67.5207	67.5207
2668	67.5207	67.5207
2669	67.5207	67.5207
2670	67.5207	67.5207
2671	67.5207	67.5804
2672	67.5207	67.556
2673	67.5207	67.5207
2674	67.5207	68.0107
2675	67.5207	67.5702
2676	67.5207	67.5261
2677	67.5207	67.542
2678	67.5207	67.5402
2679	67.5207	67.5553
2680	67.5207	67.7727
2681	67.5207	67.6192
2682	67.5207	67.5653
2683	67.5207	67.5362
2684	67.5207	67.5273
2685	67.5207	67.6451
2686	67.5207	67.7455
2687	67.5207	67.5207
2688	67.5207	67.5839
2689	67.5207	67.5367
2690	67.5207	67.606
2691	67.5207	67.5207
2692	67.5207	67.5246
2693	67.5207	67.6548
2694	67.5207	67.6027
2695	67.5207	67.5784
2696	67.5207	67.6105
2697	67.5207	67.5818
2698	67.5207	67.5362
2699	67.5207	67.5855
2700	67.5207	67.568
2701	67.5207	67.608
2702	67.5207	67.5207
2703	67.5207	67.5207
2704	67.5207	67.5325
2705	67.5207	67.6864
2706	67.5207	67.5826
2707	67.5207	67.5622
2708	67.5207	67.5756
2709	67.5207	67.5207
2710	67.5207	67.5207
2711	67.5207	67.5207
2712	67.5207	67.5209
2713	67.5207	67.6005
2714	67.5207	67.6628
2715	67.5207	67.662
2716	67.5207	67.5305
2717	67.5207	67.6071
2718	67.5207	67.5207
2719	67.5207	67.5287
2720	67.5207	67.5207
2721	67.5207	67.6294
2722	67.5207	67.5214
2723	67.5207	67.5207
2724	67.5207	67.5207
2725	67.5207	67.5439
2726	67.5207	67.9483
2727	67.5207	67.7188
2728	67.5207	67.6125
2729	67.5207	67.5408
2730	67.5207	67.5207
2731	67.5207	67.6547
2732	67.5207	67.6874
2733	67.5207	67.5211
2734	67.5207	67.5207
2735	67.5207	67.5207
2736	67.5207	67.5207
2737	67.5207	67.5348
2738	67.5207	67.6131
2739	67.5207	67.5805
2740	67.5207	67.5249
2741	67.5207	67.5207
2742	67.5207	67.5957
2743	67.5207	67.5233
2744	67.5207	67.7119
2745	67.5207	67.6462
2746	67.5207	67.6034
2747	67.5207	67.8697
2748	67.5207	67.8895
2749	67.5207	67.5349
2750	67.5207	67.5239
2751	67.5207	67.5993
2752	67.5207	67.528
2753	67.5207	67.538
2754	67.5207	67.5234
2755	67.5207	67.602
2756	67.5207	67.6463
2757	67.5207	67.586
2758	67.5207	67.6668
2759	67.5207	67.5207
2760	67.5207	67.5207
2761	67.5207	67.5289
2762	67.5207	67.5479
2763	67.5207	67.6005
2764	67.5207	67.5474
2765	67.5207	67.5741
2766	67.5207	67.5207
2767	67.5207	67.5618
2768	67.5207	67.5207
2769	67.5207	67.5207
2770	67.5207	67.5207
2771	67.5207	67.5207
2772	67.5207	67.5535
2773	67.5207	67.69
2774	67.5207	67.6202
2775	67.5207	67.5207
2776	67.5207	67.5576
2777	67.5207	67.5359
2778	67.5207	67.5207
2779	67.5207	67.5207
2780	67.5207	67.5498
2781	67.5207	67.5804
2782	67.5207	67.5207
2783	67.5207	67.5467
2784	67.5207	67.5207
2785	67.5207	67.5207
2786	67.5207	67.5207
2787	67.5207	67.5241
2788	67.5207	67.5371
2789	67.5207	67.5207
2790	67.5207	67.5207
2791	67.5207	67.5207
2792	67.5207	67.5207
2793	67.5207	67.5207
2794	67.5207	67.5207
2795	67.5207	67.5432
2796	67.5207	67.553
2797	67.5207	67.5269
2798	67.5207	67.5621
2799	67.5207	67.6198
2800	67.5207	67.5311
2801	67.5207	67.5207
2802	67.5207	67.5497
2803	67.5207	67.5207
2804	67.5207	67.5207
2805	67.5207	67.5209
2806	67.5207	67.607
2807	67.5207	67.6277
2808	67.5207	67.522
2809	67.5207	67.5804
2810	67.5207	67.5207
2811	67.5207	67.5207
2812	67.5207	67.5739
2813	67.5207	67.6302
2814	67.5207	67.5207
2815	67.5207	67.5207
2816	67.5207	67.5336
2817	67.5207	67.5267
2818	67.5207	67.6515
2819	67.5207	67.5219
2820	67.5207	67.5207
2821	67.5207	67.5311
2822	67.5207	67.5452
2823	67.5207	67.5268
2824	67.5207	67.5207
2825	67.5207	67.5412
2826	67.5207	67.5207
2827	67.5207	67.5642
2828	67.5207	67.8829
2829	67.5207	67.5865
2830	67.5207	67.548
2831	67.5207	67.5232
2832	67.5207	67.5207
2833	67.5207	67.5218
2834	67.5207	67.54
2835	67.5207	67.572
2836	67.5207	67.6478
2837	67.5207	67.6519
2838	67.5207	67.6711
2839	67.5207	67.7024
2840	67.5207	67.8695
2841	67.5207	67.7284
2842	67.5207	67.6304
2843	67.5207	67.5207
2844	67.5207	67.5557
2845	67.5207	67.5207
2846	67.5207	67.5207
2847	67.5207	67.5207
2848	67.5207	67.5215
2849	67.5207	67.5236
2850	67.5207	67.5343
2851	67.5207	67.5207
2852	67.5207	67.5303
2853	67.5207	67.5207
2854	67.5207	67.5207
2855	67.5207	67.5207
2856	67.5207	67.5207
2857	67.5207	67.5853
2858	67.5207	67.6132
2859	67.5207	67.6837
2860	67.5207	67.8191
2861	67.5207	67.6372
2862	67.5207	67.5309
2863	67.5207	67.5397
2864	67.5207	67.5207
2865	67.5207	67.5388
2866	67.5207	67.5555
2867	67.5207	67.5207
2868	67.5207	67.5207
2869	67.5207	67.5207
2870	67.5207	67.5207
2871	67.5207	67.5255
2872	67.5207	67.5212
2873	67.5207	67.5896
2874	67.5207	67.6221
2875	67.5207	67.5217
2876	67.5207	67.6609
2877	67.5207	67.5441
2878	67.5207	67.5869
2879	67.5207	67.6242
2880	67.5207	67.546
2881	67.5207	67.5459
2882	67.5207	67.5846
2883	67.5207	67.5539
2884	67.5207	67.5692
2885	67.5207	67.5207
2886	67.5207	67.5709
2887	67.5207	67.5843
2888	67.5207	67.5207
2889	67.5207	67.5207
2890	67.5207	67.5214
2891	67.5207	67.5207
2892	67.5207	67.5722
2893	67.5207	67.6209
2894	67.5207	67.5207
2895	67.5207	67.5207
2896	67.5207	67.5207
2897	67.5207	67.5478
2898	67.5207	67.5207
2899	67.5207	67.5207
2900	67.5207	67.5766
2901	67.5207	67.5207
2902	67.5207	67.5207
2903	67.5207	67.5207
2904	67.5207	67.5487
2905	67.5207	67.6755
2906	67.5207	67.641
2907	67.5207	67.5433
2908	67.5207	67.5207
2909	67.5207	67.6179
2910	67.5207	67.5207
2911	67.5207	67.5207
2912	67.5207	67.5209
2913	67.5207	67.6122
2914	67.5207	67.6983
2915	67.5207	67.5872
2916	67.5207	67.523
2917	67.5207	67.5207
2918	67.5207	67.6065
2919	67.5207	67.526
2920	67.5207	67.5207
2921	67.5207	67.5207
2922	67.5207	67.601
2923	67.5207	67.537
2924	67.5207	67.5659
2925	67.5207	67.5972
2926	67.5207	67.5223
2927	67.5207	67.5207
2928	67.5207	67.5207
2929	67.5207	67.5463
2930	67.5207	67.5207
2931	67.5207	67.5207
2932	67.5207	67.5618
2933	67.5207	67.7124
2934	67.5207	67.6818
2935	67.5207	67.6762
2936	67.5207	67.6279
2937	67.5207	67.6314
2938	67.5207	67.5409
2939	67.5207	67.598
2940	67.5207	67.5546
2941	67.5207	67.5515
2942	67.5207	67.5207
2943	67.5207	67.5432
2944	67.5207	67.5457
2945	67.5207	67.8296
2946	67.5207	67.6554
2947	67.5207	67.7436
2948	67.5207	67.5752
2949	67.5207	67.6873
2950	67.5207	67.5231
2951	67.5207	67.7035
2952	67.5207	67.5969
2953	67.5207	67.5725
2954	67.5207	67.6766
2955	67.5207	67.5301
2956	67.5207	67.5257
2957	67.5207	67.5207
2958	67.5207	67.5287
2959	67.5207	67.5702
2960	67.5207	67.5707
2961	67.5207	67.6009
2962	67.5207	67.5685
2963	67.5207	67.69
2964	67.5207	67.5739
2965	67.5207	67.5207
2966	67.5207	67.5546
2967	67.5207	67.5281
2968	67.5207	67.5207
2969	67.5207	67.5452
2970	67.5207	67.7525
2971	67.5207	67.5577
2972	67.5207	67.5207
2973	67.5207	67.5207
2974	67.5207	67.5207
2975	67.5207	67.5207
2976	67.5207	67.5572
2977	67.5207	67.6113
2978	67.5207	67.6403
2979	67.5207	67.6424
2980	67.5207	67.5207
2981	67.5207	67.5207
2982	67.5207	67.5411
2983	67.5207	67.533
2984	67.5207	67.5301
2985	67.5207	67.5207
2986	67.5207	67.5345
2987	67.5207	67.6055
2988	67.5207	67.5599
2989	67.5207	67.5257
2990	67.5207	67.5473
2991	67.5207	67.5412
2992	67.5207	67.5209
2993	67.5207	67.5718
2994	67.5207	67.609
2995	67.5207	67.5207
2996	67.5207	67.5274
2997	67.5207	67.6008
2998	67.5207	67.6186
2999	67.5207	67.5409
3000	67.5207	67.6312
3001	67.5207	67.7006
3002	67.5207	67.5767
3003	67.5207	67.5207
3004	67.5207	67.5207
3005	67.5207	67.5296
3006	67.5207	67.5309
3007	67.5207	67.5851
3008	67.5207	67.6188
3009	67.5207	67.5245
3010	67.5207	67.5279
3011	67.5207	67.6769
3012	67.5207	67.6366
3013	67.5207	67.7277
3014	67.5207	67.7163
3015	67.5207	67.5214
3016	67.5207	67.5663
3017	67.5207	67.6101
3018	67.5207	67.5218
3019	67.5207	67.6524
3020	67.5207	67.7189
3021	67.5207	67.5596
3022	67.5207	67.5207
3023	67.5207	67.5402
3024	67.5207	67.536
3025	67.5207	67.5541
3026	67.5207	67.5242
3027	67.5207	67.5207
3028	67.5207	67.5306
3029	67.5207	67.5584
3030	67.5207	67.533
3031	67.5207	67.5507
3032	67.5207	67.6192
3033	67.5207	67.5207
3034	67.5207	67.5207
3035	67.5207	67.5207
3036	67.5207	67.5406
3037	67.5207	67.5207
3038	67.5207	67.5285
3039	67.5207	67.5422
3040	67.5207	67.646
3041	67.5207	67.5335
3042	67.5207	67.6438
3043	67.5207	67.8743
3044	67.5207	67.6163
3045	67.5207	67.5334
3046	67.5207	67.5207
3047	67.5207	67.5744
3048	67.5207	67.6089
3049	67.5207	67.5699
3050	67.5207	67.6021
3051	67.5207	67.5207
3052	67.5207	67.5366
3053	67.5207	67.529
3054	67.5207	67.5342
3055	67.5207	67.6055
3056	67.5207	67.6315
3057	67.5207	67.5221
3058	67.5207	67.536
3059	67.5207	67.5458
3060	67.5207	67.5637
3061	67.5207	67.6096
3062	67.5207	67.6982
3063	67.5207	67.8361
3064	67.5207	67.5228
3065	67.5207	67.5207
3066	67.5207	67.5366
3067	67.5207	67.5207
3068	67.5207	67.5207
3069	67.5207	67.5413
3070	67.5207	67.5426
3071	67.5207	67.6255
3072	67.5207	67.5286
3073	67.5207	67.535
3074	67.5207	67.5207
3075	67.5207	67.5207
3076	67.5207	67.5315
3077	67.5207	67.5207
3078	67.5207	67.5238
3079	67.5207	67.541
3080	67.5207	67.5406
3081	67.5207	67.5207
3082	67.5207	67.5256
3083	67.5207	67.5207
3084	67.5207	67.5233
3085	67.5207	67.5703
3086	67.5207	67.5229
3087	67.5207	67.604
3088	67.5207	67.5475
3089	67.5207	67.5207
3090	67.5207	67.5735
3091	67.5207	67.6634
3092	67.5207	67.5236
3093	67.5207	67.5207
3094	67.5207	67.5963
3095	67.5207	67.5256
3096	67.5207	67.5209
3097	67.5207	67.5207
3098	67.5207	67.5207
3099	67.5207	67.5207
3100	67.5207	67.5207
3101	67.5207	67.5679
3102	67.5207	67.6193
3103	67.5207	67.5554
3104	67.5207	67.5566
3105	67.5207	67.5207
3106	67.5207	67.5207
3107	67.5207	67.6401
3108	67.5207	67.706
3109	67.5207	67.5572
3110	67.5207	67.551
3111	67.5207	67.5207
3112	67.5207	67.5902
3113	67.5207	67.5207
3114	67.5207	67.5325
3115	67.5207	67.5207
3116	67.5207	67.5505
3117	67.5207	67.5207
3118	67.5207	67.5207
3119	67.5207	67.5263
3120	67.5207	67.5207
3121	67.5207	67.5207
3122	67.5207	67.5899
3123	67.5207	67.5516
3124	67.5207	67.6718
3125	67.5207	67.5715
3126	67.5207	67.672
3127	67.5207	67.5604
3128	67.5207	67.665
3129	67.5207	68.1781
3130	67.5207	68.2782
3131	67.5207	67.5648
3132	67.5207	67.5347
3133	67.5207	67.5207
3134	67.5207	67.5257
3135	67.5207	67.5812
3136	67.5207	67.6103
3137	67.5207	67.5207
3138	67.5207	67.5942
3139	67.5207	67.5297
3140	67.5207	67.5571
3141	67.5207	67.527
3142	67.5207	67.5207
3143	67.5207	67.5322
3144	67.5207	67.5518
3145	67.5207	67.5711
3146	67.5207	67.6726
3147	67.5207	67.8261
3148	67.5207	67.6495
3149	67.5207	67.6969
3150	67.5207	67.5492
3151	67.5207	67.5207
3152	67.5207	67.5207
3153	67.5207	67.5207
3154	67.5207	67.6035
3155	67.5207	67.566
3156	67.5207	67.5539
3157	67.5207	67.5905
3158	67.5207	67.5207
3159	67.5207	67.6017
3160	67.5207	67.5411
3161	67.5207	67.5543
3162	67.5207	67.5561
3163	67.5207	67.5655
3164	67.5207	67.5207
3165	67.5207	67.5207
3166	67.5207	67.5207
3167	67.5207	67.5395
3168	67.5207	67.6414
3169	67.5207	67.6209
3170	67.5207	67.5674
3171	67.5207	67.548
3172	67.5207	67.5207
3173	67.5207	67.5207
3174	67.5207	67.5286
3175	67.5207	67.6101
3176	67.5207	67.7944
3177	67.5207	67.5213
3178	67.5207	67.5207
3179	67.5207	67.5556
3180	67.5207	67.5895
3181	67.5207	67.7152
3182	67.5207	67.5207
3183	67.5207	67.5244
3184	67.5207	67.5207
3185	67.5207	67.5207
3186	67.5207	67.7849
3187	67.5207	67.5209
3188	67.5207	67.6321
3189	67.5207	67.5997
3190	67.5207	67.5769
3191	67.5207	67.5207
3192	67.5207	67.5207
3193	67.5207	67.5207
3194	67.5207	67.5207
3195	67.5207	67.522
3196	67.5207	67.5412
3197	67.5207	67.6202
3198	67.5207	67.5207
3199	67.5207	67.5872
3200	67.5207	67.5207
3201	67.5207	67.5583
3202	67.5207	67.5225
3203	67.5207	67.5207
3204	67.5207	67.616
3205	67.5207	67.7386
3206	67.5207	67.5617
3207	67.5207	67.5207
3208	67.5207	67.5265
3209	67.5207	67.5282
3210	67.5207	67.6625
3211	67.5207	67.5423
3212	67.5207	67.6165
3213	67.5207	67.6135
3214	67.5207	67.5668
3215	67.5207	67.541
3216	67.5207	67.5209
3217	67.5207	67.572
3218	67.5207	67.5207
3219	67.5207	67.6172
3220	67.5207	67.5384
3221	67.5207	67.6943
3222	67.5207	67.5367
3223	67.5207	67.5409
3224	67.5207	67.5343
3225	67.5207	67.6637
3226	67.5207	67.5567
3227	67.5207	67.535
3228	67.5207	67.5207
3229	67.5207	67.5207
3230	67.5207	67.5207
3231	67.5207	67.5406
3232	67.5207	67.5207
3233	67.5207	67.5238
3234	67.5207	67.5479
3235	67.5207	67.5231
3236	67.5207	67.5207
3237	67.5207	67.5207
3238	67.5207	67.5207
3239	67.5207	67.6915
3240	67.5207	68.0049
3241	67.5207	67.7269
3242	67.5207	67.5207
3243	67.5207	67.5207
3244	67.5207	67.6611
3245	67.5207	67.6583
3246	67.5207	67.5961
3247	67.5207	67.5944
3248	67.5207	67.5207
3249	67.5207	67.5338
3250	67.5207	67.5207
3251	67.5207	67.6149
3252	67.5207	67.5518
3253	67.5207	67.5207
3254	67.5207	67.5207
3255	67.5207	67.5207
3256	67.5207	67.5787
3257	67.5207	67.6211
3258	67.5207	67.5409
3259	67.5207	67.5232
3260	67.5207	67.616
3261	67.5207	67.5681
3262	67.5207	67.5432
3263	67.5207	67.568
3264	67.5207	67.7338
3265	67.5207	67.6067
3266	67.5207	67.5673
3267	67.5207	67.5884
3268	67.5207	67.6953
3269	67.5207	67.5214
3270	67.5207	67.5207
3271	67.5207	67.5207
3272	67.5207	67.5257
3273	67.5207	67.5381
3274	67.5207	67.5655
3275	67.5207	67.5207
3276	67.5207	67.5207
3277	67.5207	67.5277
3278	67.5207	67.5875
3279	67.5207	67.5997
3280	67.5207	67.5625
3281	67.5207	67.5491
3282	67.5207	67.5888
3283	67.5207	67.5207
3284	67.5207	67.5207
3285	67.5207	67.5276
3286	67.5207	67.6671
3287	67.5207	67.5405
3288	67.5207	67.5375
3289	67.5207	67.5207
3290	67.5207	67.53
3291	67.5207	67.5207
3292	67.5207	67.5207
3293	67.5207	67.5207
3294	67.5207	67.5538
3295	67.5207	67.7022
3296	67.5207	67.7047
3297	67.5207	67.6987
3298	67.5207	67.9187
3299	67.5207	67.9003
3300	67.5207	67.6363
3301	67.5207	67.5939
3302	67.5207	67.6167
3303	67.5207	67.5207
3304	67.5207	67.5235
3305	67.5207	67.6242
3306	67.5207	67.5661
3307	67.5207	67.5969
3308	67.5207	67.6562
3309	67.5207	67.7565
3310	67.5207	67.8016
3311	67.5207	67.663
3312	67.5207	67.7904
3313	67.5207	67.5207
3314	67.5207	67.5761
3315	67.5207	67.5295
3316	67.5207	67.6364
3317	67.5207	67.6133
3318	67.5207	67.5514
3319	67.5207	67.584
3320	67.5207	67.5817
3321	67.5207	67.583
3322	67.5207	67.5246
3323	67.5207	67.6068
3324	67.5207	67.5412
3325	67.5207	67.5357
3326	67.5207	67.6731
3327	67.5207	67.5447
3328	67.5207	67.583
3329	67.5207	67.5287
3330	67.5207	67.5207
3331	67.5207	67.613
3332	67.5207	67.6617
3333	67.5207	67.5207
3334	67.5207	67.6928
3335	67.5207	67.6824
3336	67.5207	67.5518
3337	67.5207	67.5243
3338	67.5207	67.5207
3339	67.5207	67.5454
3340	67.5207	67.5248
3341	67.5207	67.5327
3342	67.5207	67.5384
3343	67.5207	67.5207
3344	67.5207	67.5207
3345	67.5207	67.5921
3346	67.5207	67.8627
3347	67.5207	67.6431
3348	67.5207	67.5693
3349	67.5207	67.5207
3350	67.5207	67.6424
3351	67.5207	67.5553
3352	67.5207	67.5498
3353	67.5207	67.5524
3354	67.5207	67.5586
3355	67.5207	67.6058
3356	67.5207	67.6119
3357	67.5207	67.5207
3358	67.5207	67.5219
3359	67.5207	67.5678
3360	67.5207	67.5267
3361	67.5207	67.5207
3362	67.5207	67.5969
3363	67.5207	67.5539
3364	67.5207	67.5257
3365	67.5207	67.5251
3366	67.5207	67.5207
3367	67.5207	67.545
3368	67.5207	67.5207
3369	67.5207	67.5207
3370	67.5207	67.5207
3371	67.5207	67.5239
3372	67.5207	67.5676
3373	67.5207	67.5455
3374	67.5207	67.5207
3375	67.5207	67.5322
3376	67.5207	67.6749
3377	67.5207	67.7361
3378	67.5207	67.817
3379	67.5207	67.8742
3380	67.5207	67.523
3381	67.5207	67.5777
3382	67.5207	67.6326
3383	67.5207	67.7549
3384	67.5207	67.524
3385	67.5207	67.5207
3386	67.5207	67.5587
3387	67.5207	67.5207
3388	67.5207	67.5207
3389	67.5207	67.543
3390	67.5207	67.5207
3391	67.5207	67.5244
3392	67.5207	67.5657
3393	67.5207	67.5545
3394	67.5207	67.5579
3395	67.5207	67.5881
3396	67.5207	67.5287
3397	67.5207	67.5207
3398	67.5207	67.5552
3399	67.5207	67.5207
3400	67.5207	67.5362
3401	67.5207	67.5207
3402	67.5207	67.5373
3403	67.5207	67.8541
3404	67.5207	67.7346
3405	67.5207	67.5431
3406	67.5207	67.5733
3407	67.5207	67.5917
3408	67.5207	67.571
3409	67.5207	67.5299
3410	67.5207	67.5207
3411	67.5207	67.5207
3412	67.5207	67.5207
3413	67.5207	67.5703
3414	67.5207	67.5322
3415	67.5207	67.5526
3416	67.5207	67.5502
3417	67.5207	67.6603
3418	67.5207	67.8022
3419	67.5207	67.6758
3420	67.5207	67.6061
3421	67.5207	67.5364
3422	67.5207	67.6313
3423	67.5207	67.5207
3424	67.5207	67.6614
3425	67.5207	67.5207
3426	67.5207	67.5251
3427	67.5207	67.6268
3428	67.5207	67.5824
3429	67.5207	67.556
3430	67.5207	67.5207
3431	67.5207	67.5207
3432	67.5207	67.5207
3433	67.5207	67.5491
3434	67.5207	67.5476
3435	67.5207	67.6109
3436	67.5207	67.5553
3437	67.5207	67.5207
3438	67.5207	67.5207
3439	67.5207	67.6221
3440	67.5207	67.6193
3441	67.5207	67.5235
3442	67.5207	67.5317
3443	67.5207	67.5207
3444	67.5207	67.5342
3445	67.5207	67.6266
3446	67.5207	67.5894
3447	67.5207	67.5623
3448	67.5207	67.5279
3449	67.5207	67.5207
3450	67.5207	67.5207
3451	67.5207	67.5207
3452	67.5207	67.6584
3453	67.5207	67.5896
3454	67.5207	67.5501
3455	67.5207	67.5207
3456	67.5207	67.5619
3457	67.5207	67.5536
3458	67.5207	67.529
3459	67.5207	67.5217
3460	67.5207	67.5207
3461	67.5207	67.5207
3462	67.5207	67.5207
3463	67.5207	67.6061
3464	67.5207	67.5573
3465	67.5207	67.6066
3466	67.5207	67.5207
3467	67.5207	67.5744
3468	67.5207	67.6248
3469	67.5207	67.5401
3470	67.5207	67.5207
3471	67.5207	67.5207
3472	67.5207	67.58
3473	67.5207	67.5909
3474	67.5207	67.5207
3475	67.5207	67.5756
3476	67.5207	67.5218
3477	67.5207	67.5207
3478	67.5207	67.5207
3479	67.5207	67.5207
3480	67.5207	67.527
3481	67.5207	67.5207
3482	67.5207	67.5549
3483	67.5207	67.5207
3484	67.5207	67.5724
3485	67.5207	67.6454
3486	67.5207	67.5369
3487	67.5207	67.6099
3488	67.5207	67.6479
3489	67.5207	67.591
3490	67.5207	67.7175
3491	67.5207	67.6934
3492	67.5207	67.528
3493	67.5207	67.5259
3494	67.5207	67.6269
3495	67.5207	67.7058
3496	67.5207	67.5228
3497	67.5207	67.5229
3498	67.5207	67.5207
3499	67.5207	67.5207
3500	67.5207	67.5764
3501	67.5207	67.5738
3502	67.5207	67.5332
3503	67.5207	67.6513
3504	67.5207	67.5207
3505	67.5207	67.5207
3506	67.5207	67.5207
3507	67.5207	67.5207
3508	67.5207	67.5962
3509	67.5207	67.5424
3510	67.5207	67.6917
3511	67.5207	67.7464
3512	67.5207	67.625
3513	67.5207	67.543
3514	67.5207	67.5973
3515	67.5207	67.5627
3516	67.5207	67.5532
3517	67.5207	67.5207
3518	67.5207	67.5366
3519	67.5207	67.5268
3520	67.5207	67.5291
3521	67.5207	67.5207
3522	67.5207	67.5207
3523	67.5207	67.5207
3524	67.5207	67.547
3525	67.5207	67.5669
3526	67.5207	67.5207
3527	67.5207	67.5207
3528	67.5207	67.5207
3529	67.5207	67.5264
3530	67.5207	67.532
3531	67.5207	67.5207
3532	67.5207	67.5669
3533	67.5207	67.6194
3534	67.5207	67.5207
3535	67.5207	67.5207
3536	67.5207	67.6476
3537	67.5207	67.5748
3538	67.5207	67.5285
3539	67.5207	67.569
3540	67.5207	67.5259
3541	67.5207	67.5378
3542	67.5207	67.5207
3543	67.5207	67.534
3544	67.5207	67.6031
3545	67.5207	67.5606
3546	67.5207	67.5207
3547	67.5207	67.5207
3548	67.5207	67.5207
3549	67.5207	67.5249
3550	67.5207	67.5736
3551	67.5207	67.5287
3552	67.5207	67.5227
3553	67.5207	67.5207
3554	67.5207	67.5483
3555	67.5207	67.5218
3556	67.5207	67.6507
3557	67.5207	67.6103
3558	67.5207	67.7707
3559	67.5207	67.6002
3560	67.5207	67.5435
3561	67.5207	67.5985
3562	67.5207	67.5232
3563	67.5207	67.5207
3564	67.5207	67.5307
3565	67.5207	67.6019
3566	67.5207	67.5636
3567	67.5207	67.5207
3568	67.5207	67.5207
3569	67.5207	67.5355
3570	67.5207	67.5207
3571	67.5207	67.5563
3572	67.5207	67.5373
3573	67.5207	67.5816
3574	67.5207	67.5207
3575	67.5207	67.5207
3576	67.5207	67.5207
3577	67.5207	67.5207
3578	67.5207	67.5207
3579	67.5207	67.5279
3580	67.5207	67.5714
3581	67.5207	67.5732
3582	67.5207	67.5207
3583	67.5207	67.5372
3584	67.5207	67.5207
3585	67.5207	67.5283
3586	67.5207	67.5207
3587	67.5207	67.5207
3588	67.5207	67.5217
3589	67.5207	67.5248
3590	67.5207	67.5916
3591	67.5207	67.5255
3592	67.5207	67.5207
3593	67.5207	67.5207
3594	67.5207	67.5239
3595	67.5207	67.563
3596	67.5207	67.5454
3597	67.5207	67.6864
3598	67.5207	67.5758
3599	67.5207	67.6122
3600	67.5207	67.5737
3601	67.5207	67.556
3602	67.5207	67.6404
3603	67.5207	67.534
3604	67.5207	67.5207
3605	67.5207	67.5207
3606	67.5207	67.7179
3607	67.5207	67.5313
3608	67.5207	67.7391
3609	67.5207	67.6372
3610	67.5207	67.5207
3611	67.5207	67.5333
3612	67.5207	67.5329
3613	67.5207	67.6136
3614	67.5207	67.5325
3615	67.5207	67.5215
3616	67.5207	67.5207
3617	67.5207	67.5334
3618	67.5207	67.6867
3619	67.5207	67.5809
3620	67.5207	67.5883
3621	67.5207	67.5372
3622	67.5207	67.5706
3623	67.5207	67.5464
3624	67.5207	67.5955
3625	67.5207	67.6458
3626	67.5207	67.5732
3627	67.5207	67.5702
3628	67.5207	67.6577
3629	67.5207	67.8745
3630	67.5207	67.632
3631	67.5207	67.5222
3632	67.5207	67.5354
3633	67.5207	67.5241
3634	67.5207	67.5207
3635	67.5207	67.5207
3636	67.5207	67.5243
3637	67.5207	67.6271
3638	67.5207	67.5965
3639	67.5207	67.57
3640	67.5207	67.6332
3641	67.5207	67.5207
3642	67.5207	67.5256
3643	67.5207	67.5532
3644	67.5207	67.58
3645	67.5207	67.5301
3646	67.5207	67.5494
3647	67.5207	67.5219
3648	67.5207	67.5545
3649	67.5207	67.5403
3650	67.5207	67.5313
3651	67.5207	67.5332
3652	67.5207	67.6262
3653	67.5207	67.54
3654	67.5207	67.6013
3655	67.5207	67.7506
3656	67.5207	67.6073
3657	67.5207	67.6287
3658	67.5207	67.5904
3659	67.5207	67.8523
3660	67.5207	67.8662
3661	67.5207	67.8421
3662	67.5207	68.1038
3663	67.5207	67.7045
3664	67.5207	67.6012
3665	67.5207	67.5988
3666	67.5207	67.7235
3667	67.5207	67.8101
3668	67.5207	67.5314
3669	67.5207	67.5996
3670	67.5207	67.6538
3671	67.5207	67.5846
3672	67.5207	67.5625
3673	67.5207	67.6881
3674	67.5207	67.6121
3675	67.5207	67.6191
3676	67.5207	67.5833
3677	67.5207	67.5207
3678	67.5207	67.5404
3679	67.5207	67.6256
3680	67.5207	67.5381
3681	67.5207	67.684
3682	67.5207	67.585
3683	67.5207	67.5506
3684	67.5207	67.7346
3685	67.5207	67.5762
3686	67.5207	67.558
3687	67.5207	67.6289
3688	67.5207	67.5289
3689	67.5207	67.5207
3690	67.5207	67.5207
3691	67.5207	67.5497
3692	67.5207	67.5222
3693	67.5207	67.5207
3694	67.5207	67.5546
3695	67.5207	67.5381
3696	67.5207	67.6373
3697	67.5207	67.5399
3698	67.5207	67.527
3699	67.5207	67.6135
3700	67.5207	67.6558
3701	67.5207	67.5591
3702	67.5207	67.5587
3703	67.5207	67.5207
3704	67.5207	67.605
3705	67.5207	67.6058
3706	67.5207	67.5377
3707	67.5207	67.5207
3708	67.5207	67.5462
3709	67.5207	67.5229
3710	67.5207	67.5256
3711	67.5207	67.6181
3712	67.5207	67.5312
3713	67.5207	67.5692
3714	67.5207	67.547
3715	67.5207	67.5404
3716	67.5207	67.5989
3717	67.5207	67.529
3718	67.5207	67.5747
3719	67.5207	67.5209
3720	67.5207	67.6769
3721	67.5207	67.5371
3722	67.5207	67.5565
3723	67.5207	67.783
3724	67.5207	67.6628
3725	67.5207	67.5737
3726	67.5207	67.6012
3727	67.5207	67.8556
3728	67.5207	67.718
3729	67.5207	67.792
3730	67.5207	67.7461
3731	67.5207	67.7282
3732	67.5207	67.6119
3733	67.5207	67.5207
3734	67.5207	67.5207
3735	67.5207	67.6873
3736	67.5207	67.5433
3737	67.5207	67.5642
3738	67.5207	67.5677
3739	67.5207	67.5207
3740	67.5207	67.5315
3741	67.5207	67.5225
3742	67.5207	67.5207
3743	67.5207	67.5207
3744	67.5207	67.5262
3745	67.5207	67.5239
3746	67.5207	67.6101
3747	67.5207	67.5352
3748	67.5207	67.5207
3749	67.5207	67.5336
3750	67.5207	67.5448
3751	67.5207	67.6314
3752	67.5207	67.5336
3753	67.5207	67.5592
3754	67.5207	67.7736
3755	67.5207	67.5826
3756	67.5207	67.7537
3757	67.5207	67.5803
3758	67.5207	67.5306
3759	67.5207	67.5222
3760	67.5207	67.6725
3761	67.5207	67.5677
3762	67.5207	67.6932
3763	67.5207	67.5836
3764	67.5207	67.5461
3765	67.5207	67.5356
3766	67.5207	67.5207
3767	67.5207	67.6504
3768	67.5207	67.5681
3769	67.5207	67.5214
3770	67.5207	67.616
3771	67.5207	67.6924
3772	67.5207	67.6472
3773	67.5207	67.738
3774	67.5207	67.701
3775	67.5207	67.5552
3776	67.5207	67.5727
3777	67.5207	67.6744
3778	67.5207	67.6865
3779	67.5207	67.6218
3780	67.5207	67.5445
3781	67.5207	67.6377
3782	67.5207	67.5627
3783	67.5207	67.5207
3784	67.5207	67.588
3785	67.5207	67.5522
3786	67.5207	67.5459
3787	67.5207	67.5207
3788	67.5207	67.5254
3789	67.5207	67.5985
3790	67.5207	67.6694
3791	67.5207	67.8441
3792	67.5207	67.5618
3793	67.5207	67.6434
3794	67.5207	67.5811
3795	67.5207	67.738
3796	67.5207	67.558
3797	67.5207	67.5207
3798	67.5207	67.5207
3799	67.5207	67.5941
3800	67.5207	67.5298
3801	67.5207	67.5214
3802	67.5207	67.5257
3803	67.5207	67.5207
3804	67.5207	67.5207
3805	67.5207	67.5277
3806	67.5207	67.5312
3807	67.5207	67.5922
3808	67.5207	67.5409
3809	67.5207	67.5706
3810	67.5207	67.6252
3811	67.5207	67.7944
3812	67.5207	67.5658
3813	67.5207	67.5207
3814	67.5207	67.5207
3815	67.5207	67.5207
3816	67.5207	67.5207
3817	67.5207	67.5207
3818	67.5207	67.5207
3819	67.5207	67.5619
3820	67.5207	67.5207
3821	67.5207	67.5207
3822	67.5207	67.6889
3823	67.5207	67.9298
3824	67.5207	67.9225
3825	67.5207	67.5886
3826	67.5207	67.593
3827	67.5207	67.6359
3828	67.5207	67.5207
3829	67.5207	67.5207
3830	67.5207	67.532
3831	67.5207	67.6454
3832	67.5207	67.5514
3833	67.5207	67.5207
3834	67.5207	67.539
3835	67.5207	67.5585
3836	67.5207	67.5207
3837	67.5207	67.5207
3838	67.5207	67.526
3839	67.5207	67.5368
3840	67.5207	67.5207
3841	67.5207	67.5209
3842	67.5207	67.5207
3843	67.5207	67.526
3844	67.5207	67.7697
3845	67.5207	67.7322
3846	67.5207	67.5356
3847	67.5207	67.5244
3848	67.5207	67.6173
3849	67.5207	67.7071
3850	67.5207	67.5498
3851	67.5207	67.5207
3852	67.5207	67.6957
3853	67.5207	67.6034
3854	67.5207	67.6805
3855	67.5207	67.6834
3856	67.5207	67.6621
3857	67.5207	67.6372
3858	67.5207	67.5411
3859	67.5207	67.5207
3860	67.5207	67.6662
3861	67.5207	67.6078
3862	67.5207	67.559
3863	67.5207	67.54
3864	67.5207	67.557
3865	67.5207	67.5793
3866	67.5207	67.5563
3867	67.5207	67.5505
3868	67.5207	67.5207
3869	67.5207	67.5217
3870	67.5207	67.6164
3871	67.5207	67.7347
3872	67.5207	67.6804
3873	67.5207	67.5251
3874	67.5207	67.7523
3875	67.5207	67.5656
3876	67.5207	67.5219
3877	67.5207	67.5516
3878	67.5207	67.529
3879	67.5207	67.5219
3880	67.5207	67.5723
3881	67.5207	67.7565
3882	67.5207	67.873
3883	67.5207	67.699
3884	67.5207	67.8871
3885	67.5207	67.5207
3886	67.5207	67.5207
3887	67.5207	67.5207
3888	67.5207	67.571
3889	67.5207	67.7743
3890	67.5207	67.8581
3891	67.5207	67.6411
3892	67.5207	67.6842
3893	67.5207	67.6542
3894	67.5207	67.5703
3895	67.5207	67.5594
3896	67.5207	67.5272
3897	67.5207	67.5518
3898	67.5207	67.5463
3899	67.5207	67.5207
3900	67.5207	67.5845
3901	67.5207	67.5718
3902	67.5207	67.5207
3903	67.5207	67.5409
3904	67.5207	67.6885
3905	67.5207	67.6533
3906	67.5207	67.5955
3907	67.5207	67.8157
3908	67.5207	67.6115
3909	67.5207	67.5762
3910	67.5207	67.6714
3911	67.5207	67.5638
3912	67.5207	67.5267
3913	67.5207	67.5551
3914	67.5207	67.5297
3915	67.5207	67.5293
3916	67.5207	67.5458
3917	67.5207	67.5857
3918	67.5207	67.5207
3919	67.5207	67.5497
3920	67.5207	67.5306
3921	67.5207	67.7011
3922	67.5207	67.5241
3923	67.5207	67.5753
3924	67.5207	67.565
3925	67.5207	67.5207
3926	67.5207	67.5284
3927	67.5207	67.5493
3928	67.5207	67.5831
3929	67.5207	67.6684
3930	67.5207	67.5207
3931	67.5207	67.5754
3932	67.5207	67.5332
3933	67.5207	67.6402
3934	67.5207	67.5332
3935	67.5207	67.523
3936	67.5207	67.6424
3937	67.5207	67.5207
3938	67.5207	67.5401
3939	67.5207	67.5207
3940	67.5207	67.5207
3941	67.5207	67.5207
3942	67.5207	67.5323
3943	67.5207	67.6335
3944	67.5207	67.5207
3945	67.5207	67.5243
3946	67.5207	67.5309
3947	67.5207	67.5954
3948	67.5207	67.5408
3949	67.5207	67.5394
3950	67.5207	67.5207
3951	67.5207	67.5281
3952	67.5207	67.5207
3953	67.5207	67.537
3954	67.5207	67.5207
3955	67.5207	67.5207
3956	67.5207	67.5207
3957	67.5207	67.604
3958	67.5207	67.672
3959	67.5207	67.7174
3960	67.5207	67.5207
3961	67.5207	67.5207
3962	67.5207	67.5207
3963	67.5207	67.5207
3964	67.5207	67.5222
3965	67.5207	67.5209
3966	67.5207	67.5896
3967	67.5207	67.5634
3968	67.5207	67.5488
3969	67.5207	67.5207
3970	67.5207	67.5718
3971	67.5207	67.5297
3972	67.5207	67.5732
3973	67.5207	67.6099
3974	67.5207	67.5765
3975	67.5207	67.6955
3976	67.5207	67.5273
3977	67.5207	67.6198
3978	67.5207	67.6145
3979	67.5207	67.5207
3980	67.5207	67.5417
3981	67.5207	67.5973
3982	67.5207	67.5219
3983	67.5207	67.5207
3984	67.5207	67.5207
3985	67.5207	67.5207
3986	67.5207	67.5207
3987	67.5207	67.5207
3988	67.5207	67.6255
3989	67.5207	67.605
3990	67.5207	67.566
3991	67.5207	67.6232
3992	67.5207	67.6512
3993	67.5207	67.5755
3994	67.5207	67.5299
3995	67.5207	67.5207
3996	67.5207	67.5443
3997	67.5207	67.6537
3998	67.5207	67.6097
3999	67.5207	67.5986
