#     BLOCK:  ACTUAL_PE:     PE_AVE:      ERROR:
           1   -0.040443   -0.040443           0
           2  -0.0660569  -0.0532499  0.00905588
           3   -0.139583  -0.0820277   0.0242602
           4   -0.230142   -0.119056     0.03687
           5    -0.28745   -0.152735   0.0421595
           6   -0.296151   -0.176638   0.0413574
           7   -0.307163   -0.195284   0.0394293
           8   -0.314862   -0.210231   0.0372261
           9    -0.29494   -0.219644   0.0342591
          10   -0.277765   -0.225456   0.0313223
          11   -0.272571   -0.229739   0.0287662
          12   -0.296272   -0.235283    0.026898
          13   -0.306188   -0.240737   0.0253759
          14    -0.31117   -0.245768   0.0240569
          15   -0.311744   -0.250167   0.0228516
          16    -0.30982   -0.253895   0.0217254
          17   -0.334866   -0.258658   0.0209631
          18   -0.333338   -0.262807   0.0202048
          19   -0.337716    -0.26675   0.0195223
          20   -0.349126   -0.270868   0.0189757
          21   -0.359892   -0.275108   0.0185396
          22   -0.384969   -0.280101   0.0183571
          23   -0.381727    -0.28452   0.0180829
          24   -0.365195   -0.287881   0.0176391
          25   -0.344687   -0.290153   0.0170793
          26   -0.360358   -0.292854   0.0166345
          27   -0.324482   -0.294025   0.0160596
          28   -0.335563   -0.295509   0.0155544
          29   -0.315737   -0.296206   0.0150336
          30   -0.304394   -0.296479    0.014535
          31   -0.303501   -0.296706   0.0140679
          32   -0.292526   -0.296575   0.0136289
          33   -0.352818   -0.298279    0.013322
          34   -0.353433   -0.299901   0.0130286
          35   -0.342757   -0.301126   0.0127137
          36   -0.318325   -0.301604   0.0123696
          37   -0.340336    -0.30265   0.0120795
          38   -0.356468   -0.304067   0.0118443
          39   -0.357115   -0.305427   0.0116185
          40   -0.341243   -0.306322   0.0113624
          41   -0.343833   -0.307237   0.0111221
          42   -0.363185   -0.308569   0.0109368
          43   -0.399593   -0.310686   0.0108853
          44   -0.399576   -0.312706   0.0108238
          45     -0.3837   -0.314284   0.0106976
          46   -0.348937   -0.315037   0.0104916
          47   -0.361087   -0.316017    0.010314
          48   -0.369694   -0.317135   0.0101595
          49   -0.398398   -0.318794   0.0100867
          50   -0.408196   -0.320582   0.0100422
          51   -0.397432   -0.322089  0.00995767
          52   -0.390408   -0.323402  0.00985246
          53   -0.360378     -0.3241  0.00969124
          54   -0.358654    -0.32474  0.00953287
          55   -0.363881   -0.325452  0.00938607
          56   -0.372013   -0.326283  0.00925522
          57   -0.382739   -0.327274  0.00914569
          58   -0.385582   -0.328279  0.00904309
          59   -0.362863   -0.328865  0.00890879
          60   -0.320491   -0.328726  0.00876141
          61   -0.325483   -0.328672  0.00861794
          62   -0.324367   -0.328603  0.00847922
          63   -0.361068   -0.329118  0.00836027
          64   -0.373737   -0.329815  0.00825866
          65   -0.399118   -0.330882  0.00820014
          66   -0.422226   -0.332266  0.00819186
          67   -0.415296   -0.333505  0.00816279
          68   -0.359146   -0.333882  0.00805146
          69   -0.328561   -0.333805  0.00793514
          70   -0.353074    -0.33408  0.00782655
          71    -0.34607   -0.334249  0.00771814
          72   -0.345219   -0.334401  0.00761245
          73   -0.341709   -0.334501  0.00750882
          74   -0.352374   -0.334743  0.00741124
          75   -0.360907   -0.335092  0.00732063
          76   -0.365277   -0.335489  0.00723507
          77   -0.352109   -0.335705  0.00714433
          78   -0.347896   -0.335861  0.00705444
          79    -0.35571   -0.336112  0.00696962
          80   -0.357724   -0.336382  0.00688773
          81   -0.347265   -0.336517  0.00680401
          82   -0.326765   -0.336398  0.00672207
          83   -0.307908   -0.336055  0.00664984
          84   -0.328019   -0.335959  0.00657136
          85   -0.342359   -0.336034  0.00649448
          86   -0.341864   -0.336102  0.00641932
          87   -0.339215   -0.336138  0.00634563
          88   -0.333868   -0.336112  0.00627358
          89   -0.325757   -0.335996  0.00620417
          90   -0.340367   -0.336044  0.00613542
          91   -0.411044   -0.336868   0.0061231
          92   -0.415278   -0.337721  0.00611558
          93   -0.368255   -0.338049  0.00605862
          94   -0.345837   -0.338132  0.00599474
          95   -0.367691   -0.338443   0.0059397
          96   -0.391815   -0.338999  0.00590379
          97   -0.391389   -0.339539  0.00586758
          98   -0.367438   -0.339824  0.00581461
          99   -0.359396   -0.340022  0.00575924
         100   -0.334757   -0.339969  0.00570189
         101   -0.335609   -0.339926   0.0056456
         102   -0.311477   -0.339647  0.00559713
         103   -0.313394   -0.339392  0.00554859
         104    -0.37376   -0.339722  0.00550507
         105   -0.393871   -0.340238  0.00547674
         106   -0.424507   -0.341033  0.00548247
         107   -0.396247   -0.341549  0.00545546
         108   -0.401337   -0.342103  0.00543297
         109   -0.378637   -0.342438  0.00539345
         110   -0.349458   -0.342502   0.0053448
         111   -0.315243   -0.342256  0.00530228
         112   -0.317951   -0.342039  0.00525938
         113   -0.288359   -0.341564  0.00523425
         114   -0.300219   -0.341201  0.00520088
         115   -0.327917   -0.341086  0.00515694
         116   -0.353497   -0.341193  0.00511359
         117    -0.34476   -0.341223  0.00506998
         118   -0.352146   -0.341316  0.00502786
         119   -0.370964   -0.341565  0.00499178
         120   -0.361028   -0.341727  0.00495281
         121   -0.356989   -0.341853  0.00491349
         122   -0.354118   -0.341954  0.00487424
         123   -0.372897   -0.342206   0.0048411
         124   -0.349206   -0.342262  0.00480239
         125   -0.381499   -0.342576  0.00477422
         126   -0.403873   -0.343062  0.00476105
         127   -0.420097   -0.343669  0.00476204
         128   -0.413654   -0.344216  0.00475612
         129   -0.392113   -0.344587  0.00473372
         130    -0.38487   -0.344897  0.00470744
         131    -0.35776   -0.344995  0.00467253
         132   -0.362536   -0.345128  0.00463902
         133   -0.354758     -0.3452  0.00460471
         134    -0.36748   -0.345367  0.00457334
         135    -0.34886   -0.345392  0.00453954
         136    -0.33598   -0.345323  0.00450669
         137   -0.309016   -0.345058  0.00448158
         138    -0.34732   -0.345075  0.00444913
         139   -0.348184   -0.345097  0.00441718
         140   -0.377005   -0.345325  0.00439151
         141   -0.380622   -0.345575  0.00436749
         142   -0.358255   -0.345665  0.00433765
         143   -0.340604   -0.345629  0.00430746
         144   -0.332466   -0.345538  0.00427852
         145   -0.332264   -0.345446  0.00424999
         146   -0.337631   -0.345393  0.00422121
         147   -0.364637   -0.345524  0.00419453
         148   -0.401565   -0.345902  0.00418324
         149   -0.395275   -0.346234  0.00416827
         150   -0.372711    -0.34641  0.00414422
         151   -0.338741   -0.346359  0.00411708
         152   -0.353544   -0.346407  0.00409027
         153   -0.358476   -0.346485   0.0040643
         154   -0.358423   -0.346563  0.00403864
         155   -0.350058   -0.346586  0.00401265
         156   -0.361209   -0.346679  0.00398802
         157    -0.31614   -0.346485  0.00396736
         158   -0.326708    -0.34636  0.00394423
         159   -0.362898   -0.346464  0.00392079
         160   -0.370334   -0.346613  0.00389912
         161    -0.37991    -0.34682  0.00388039
         162    -0.39995   -0.347148  0.00387027
         163   -0.420311   -0.347596  0.00387247
         164   -0.449583   -0.348218  0.00389847
         165   -0.455435   -0.348868  0.00392862
         166   -0.420982   -0.349303   0.0039289
         167   -0.398809   -0.349599  0.00391654
         168    -0.41787   -0.350005  0.00391425
         169   -0.434726   -0.350507  0.00392306
         170   -0.411758   -0.350867   0.0039165
         171   -0.406458   -0.351192  0.00390706
         172   -0.397866   -0.351463  0.00389376
         173   -0.403264   -0.351763  0.00388275
         174   -0.420031   -0.352155   0.0038802
         175   -0.416914   -0.352525  0.00387564
         176   -0.407709   -0.352839  0.00386628
         177   -0.417254   -0.353203  0.00386153
         178   -0.418417   -0.353569  0.00385717
         179   -0.435583   -0.354027  0.00386274
         180   -0.457646   -0.354603  0.00388394
         181   -0.459993   -0.355185  0.00390588
         182   -0.432853   -0.355612  0.00390766
         183   -0.427948   -0.356007  0.00390625
         184   -0.444958   -0.356491  0.00391482
         185    -0.42037   -0.356836  0.00390886
         186   -0.387886   -0.357003  0.00389141
         187   -0.396598   -0.357215  0.00387635
         188   -0.424283   -0.357571  0.00387212
         189   -0.429982   -0.357954  0.00387054
         190   -0.420295   -0.358283  0.00386405
         191   -0.422451   -0.358619  0.00385839
         192   -0.420234   -0.358939  0.00385162
         193   -0.446421   -0.359393  0.00385824
         194   -0.427797   -0.359745  0.00385443
         195   -0.423069    -0.36007  0.00384832
         196   -0.388549   -0.360215  0.00383143
         197   -0.360854   -0.360219  0.00381198
         198   -0.356807   -0.360201  0.00379277
         199   -0.369619   -0.360249  0.00377401
         200     -0.3877   -0.360386  0.00375763
         201   -0.358804   -0.360378  0.00373894
         202   -0.366041   -0.360406  0.00372054
         203   -0.372886   -0.360468  0.00370272
         204   -0.293559    -0.36014  0.00369907
         205   -0.271223   -0.359706  0.00370636
         206   -0.300807    -0.35942  0.00369938
         207   -0.316061    -0.35921  0.00368744
         208   -0.314039   -0.358993   0.0036761
         209   -0.290427   -0.358665  0.00367312
         210   -0.292867   -0.358352  0.00366897
         211   -0.329958   -0.358217  0.00365405
         212   -0.321184   -0.358043  0.00364098
         213   -0.297588   -0.357759  0.00363494
         214   -0.285491   -0.357421   0.0036336
         215   -0.293408   -0.357123  0.00362888
         216   -0.355465   -0.357116  0.00361209
         217   -0.364986   -0.357152  0.00359562
         218   -0.354085   -0.357138  0.00357916
         219    -0.38857   -0.357281  0.00356569
         220   -0.379503   -0.357382  0.00355091
         221   -0.355196   -0.357373  0.00353486
         222    -0.35107   -0.357344  0.00351905
         223   -0.354408   -0.357331   0.0035033
         224   -0.351919   -0.357307  0.00348774
         225    -0.36513   -0.357342  0.00347241
         226   -0.359144    -0.35735  0.00345706
         227   -0.349242   -0.357314  0.00344201
         228   -0.373396   -0.357384  0.00342764
         229   -0.402502   -0.357581  0.00341833
         230   -0.399352   -0.357763  0.00340829
         231   -0.391054   -0.357907  0.00339658
         232   -0.378531   -0.357996   0.0033831
         233   -0.347423   -0.357951  0.00336888
         234   -0.355226   -0.357939  0.00335451
         235   -0.360652   -0.357951  0.00334025
         236    -0.35565   -0.357941  0.00332611
         237   -0.353651   -0.357923  0.00331213
         238   -0.342709   -0.357859  0.00329883
         239   -0.327551   -0.357732  0.00328746
         240   -0.348796   -0.357695  0.00327398
         241   -0.343222   -0.357635  0.00326094
         242   -0.350416   -0.357605   0.0032476
         243   -0.339373    -0.35753  0.00323511
         244   -0.343266   -0.357471  0.00322237
         245   -0.355718   -0.357464  0.00320923
         246   -0.395439   -0.357619  0.00319989
         247   -0.401585   -0.357797  0.00319189
         248   -0.370279   -0.357847  0.00317941
         249   -0.348341   -0.357809  0.00316687
         250   -0.369635   -0.357856  0.00315456
