#     BLOCK:   ACTUAL_T:     T_AVE:       ERROR:
           1      1.3154      1.3154           0
           2     1.33229     1.32385  0.00597237
           3     1.38116     1.34295   0.0160981
           4     1.44151     1.36759   0.0245175
           5     1.47988     1.39005   0.0280744
           6     1.48579       1.406   0.0275593
           7     1.49318     1.41846    0.026286
           8     1.49825     1.42843   0.0248204
           9     1.48512     1.43473   0.0228478
          10     1.47359     1.43861   0.0208908
          11     1.46994     1.44146   0.0191848
          12     1.48583     1.44516   0.0179389
          13     1.49235     1.44879   0.0169223
          14     1.49573     1.45214   0.0160422
          15     1.49615     1.45508   0.0152386
          16     1.49492     1.45757   0.0144883
          17     1.51145     1.46074   0.0139784
          18     1.51047      1.4635   0.0134721
          19     1.51351     1.46613   0.0130176
          20     1.52109     1.46888   0.0126534
          21     1.52817      1.4717   0.0123618
          22      1.5449     1.47503   0.0122394
          23     1.54294     1.47798   0.0120582
          24     1.53166     1.48022   0.0117613
          25     1.51839     1.48175   0.0113896
          26     1.52844     1.48354   0.0110922
          27     1.50459     1.48432   0.0107087
          28     1.51206     1.48531    0.010372
          29      1.4988     1.48578   0.0100247
          30     1.49128     1.48596  0.00969224
          31     1.49082     1.48612  0.00938086
          32     1.48326     1.48603  0.00908813
          33     1.52346     1.48716  0.00888325
          34      1.5239     1.48824  0.00868745
          35     1.51697     1.48906  0.00847793
          36     1.50057     1.48938  0.00824846
          37     1.51501     1.49008  0.00805455
          38     1.52594     1.49102  0.00789769
          39     1.52613     1.49192  0.00774634
          40     1.51591     1.49252  0.00757586
          41     1.51753     1.49313   0.0074156
          42     1.53007     1.49401  0.00729102
          43     1.55466     1.49542   0.0072566
          44     1.55473     1.49677   0.0072158
          45     1.54411     1.49782  0.00713172
          46     1.52096     1.49832   0.0069944
          47     1.52885     1.49897  0.00687567
          48     1.53474     1.49972  0.00677269
          49     1.55379     1.50082  0.00672378
          50     1.56033     1.50201   0.0066938
          51     1.55326     1.50302  0.00663756
          52     1.54868     1.50389  0.00656775
          53     1.52844     1.50436  0.00646013
          54     1.52745     1.50478  0.00635464
          55      1.5308     1.50526  0.00625668
          56     1.53634     1.50581  0.00616952
          57     1.54363     1.50648  0.00609686
          58     1.54508     1.50714  0.00602797
          59     1.53027     1.50753  0.00593852
          60     1.50199     1.50744  0.00584027
          61     1.50532     1.50741  0.00574463
          62     1.50437     1.50736  0.00565218
          63      1.5289      1.5077   0.0055728
          64      1.5373     1.50816  0.00550488
          65     1.55424     1.50887  0.00546564
          66     1.56982     1.50979  0.00546028
          67     1.56542     1.51062  0.00544152
          68     1.52791     1.51088  0.00536744
          69     1.50731     1.51083   0.0052899
          70     1.52353     1.51101  0.00521744
          71     1.51896     1.51112  0.00514516
          72     1.51868     1.51123  0.00507476
          73     1.51614     1.51129  0.00500569
          74     1.52306     1.51145  0.00494057
          75     1.52901     1.51169  0.00488024
          76     1.53167     1.51195  0.00482311
          77     1.52316     1.51209  0.00476267
          78     1.52024      1.5122  0.00470275
          79     1.52536     1.51237  0.00464617
          80     1.52675     1.51255  0.00459157
          81     1.52007     1.51264  0.00453583
          82     1.50624     1.51256  0.00448118
          83     1.49363     1.51233  0.00443299
          84     1.50694     1.51227  0.00438068
          85     1.51664     1.51232  0.00432945
          86     1.51618     1.51236  0.00427934
          87     1.51435     1.51239  0.00423021
          88     1.51104     1.51237  0.00418217
          89     1.50556      1.5123  0.00413588
          90     1.51501     1.51233  0.00409003
          91     1.56225     1.51287  0.00408172
          92     1.56519     1.51344  0.00407677
          93     1.53393     1.51366  0.00403888
          94     1.51893     1.51372   0.0039963
          95     1.53328     1.51393  0.00395954
          96     1.54943     1.51429  0.00393552
          97     1.54931     1.51466  0.00391146
          98      1.5334     1.51485  0.00387622
          99      1.5279     1.51498  0.00383931
         100     1.51141     1.51494  0.00380108
         101     1.51191     1.51491  0.00376357
         102     1.49589     1.51473  0.00373129
         103     1.49709     1.51456  0.00369899
         104     1.53715     1.51477   0.0036698
         105      1.5507     1.51511  0.00365077
         106     1.57114     1.51564  0.00365439
         107     1.55256     1.51599  0.00363648
         108     1.55578     1.51636  0.00362143
         109     1.54074     1.51658  0.00359511
         110     1.52138     1.51662  0.00356269
         111     1.49828     1.51646  0.00353442
         112     1.50035     1.51632  0.00350579
         113     1.48049       1.516  0.00348907
         114     1.48829     1.51576  0.00346692
         115     1.50677     1.51568  0.00343766
         116     1.52382     1.51575  0.00340874
         117     1.51829     1.51577  0.00337968
         118     1.52288     1.51583  0.00335157
         119     1.53567       1.516  0.00332755
         120     1.52893      1.5161  0.00330157
         121     1.52628     1.51619  0.00327535
         122     1.52421     1.51625  0.00324916
         123     1.53685     1.51642  0.00322706
         124     1.52084     1.51646  0.00320123
         125     1.54238     1.51666  0.00318234
         126      1.5574     1.51699  0.00317346
         127     1.56812     1.51739  0.00317391
         128     1.56412     1.51775  0.00317004
         129     1.54966       1.518   0.0031551
         130     1.54494     1.51821  0.00313763
         131     1.52665     1.51827  0.00311434
         132     1.52992     1.51836    0.003092
         133      1.5246     1.51841  0.00306911
         134     1.53335     1.51852  0.00304823
         135     1.52102     1.51854  0.00302571
         136     1.51214     1.51849  0.00300382
         137     1.49424     1.51832  0.00298711
         138     1.51971     1.51833  0.00296548
         139     1.52044     1.51834  0.00294419
         140      1.5397     1.51849  0.00292711
         141     1.54205     1.51866  0.00291111
         142     1.52718     1.51872  0.00289123
         143     1.51542      1.5187   0.0028711
         144     1.50996     1.51864   0.0028518
         145      1.5098     1.51858  0.00283279
         146     1.51332     1.51854  0.00281361
         147     1.53122     1.51863   0.0027958
         148     1.55585     1.51888   0.0027882
         149     1.55194      1.5191   0.0027783
         150      1.5369     1.51922  0.00276231
         151      1.5141     1.51918  0.00274423
         152     1.52392     1.51921  0.00272635
         153     1.52707     1.51927  0.00270902
         154     1.52739     1.51932  0.00269194
         155     1.52147     1.51933  0.00267461
         156     1.52916      1.5194   0.0026582
         157     1.49911     1.51927  0.00264441
         158       1.506     1.51918  0.00262901
         159     1.53014     1.51925  0.00261337
         160     1.53503     1.51935   0.0025989
         161     1.54139     1.51949  0.00258636
         162     1.55471      1.5197  0.00257952
         163     1.56851        1.52  0.00258101
         164     1.58796     1.52042  0.00259832
         165      1.5916     1.52085  0.00261814
         166     1.56901     1.52114  0.00261839
         167     1.55385     1.52134  0.00261003
         168     1.56661     1.52161  0.00260837
         169     1.57782     1.52194  0.00261406
         170     1.56264     1.52218  0.00260962
         171     1.55915     1.52239   0.0026033
         172     1.55323     1.52257  0.00259433
         173     1.55694     1.52277  0.00258693
         174     1.56805     1.52303  0.00258512
         175     1.56596     1.52328  0.00258196
         176     1.55979     1.52348  0.00257561
         177     1.56629     1.52373  0.00257239
         178     1.56695     1.52397  0.00256937
         179     1.57834     1.52427  0.00257291
         180     1.59295     1.52465  0.00258675
         181     1.59478     1.52504  0.00260131
         182     1.57691     1.52533  0.00260259
         183     1.57326     1.52559  0.00260151
         184     1.58473     1.52591  0.00260716
         185     1.56843     1.52614  0.00260317
         186     1.54702     1.52625   0.0025916
         187     1.55231     1.52639  0.00258148
         188     1.57107     1.52663  0.00257867
         189       1.575     1.52689  0.00257769
         190     1.56859      1.5271  0.00257346
         191     1.56976     1.52733  0.00256966
         192     1.56845     1.52754  0.00256518
         193     1.58584     1.52784  0.00256961
         194     1.57347     1.52808  0.00256711
         195     1.57058      1.5283  0.00256318
         196      1.5472     1.52839  0.00255191
         197      1.5287      1.5284  0.00253896
         198     1.52592     1.52838  0.00252617
         199     1.53477     1.52841  0.00251368
         200     1.54644     1.52851  0.00250272
         201     1.52742      1.5285  0.00249028
         202     1.53211     1.52852  0.00247802
         203     1.53711     1.52856  0.00246617
         204     1.48418     1.52834  0.00246366
         205     1.46904     1.52805  0.00246856
         206     1.48886     1.52786   0.0024639
         207     1.49898     1.52772  0.00245595
         208      1.4975     1.52758  0.00244843
         209     1.48183     1.52736  0.00244648
         210     1.48355     1.52715  0.00244371
         211     1.50799     1.52706  0.00243382
         212     1.50242     1.52694  0.00242511
         213     1.48676     1.52675  0.00242105
         214     1.47867     1.52653  0.00242014
         215      1.4836     1.52633  0.00241711
         216     1.52527     1.52633  0.00240592
         217      1.5315     1.52635  0.00239495
         218     1.52429     1.52634  0.00238399
         219     1.54729     1.52644  0.00237502
         220     1.54125      1.5265  0.00236518
         221     1.52507      1.5265  0.00235448
         222     1.52241     1.52648  0.00234395
         223     1.52466     1.52647  0.00233345
         224     1.52258     1.52645   0.0023231
         225     1.53169     1.52648  0.00231289
         226     1.52773     1.52648  0.00230266
         227     1.52137     1.52646  0.00229263
         228     1.53677      1.5265  0.00228302
         229     1.55655     1.52664  0.00227682
         230      1.5545     1.52676  0.00227014
         231     1.54907     1.52685  0.00226237
         232     1.54058     1.52691  0.00225339
         233     1.51992     1.52688  0.00224392
         234     1.52515     1.52687  0.00223434
         235     1.52875     1.52688  0.00222485
         236     1.52536     1.52688  0.00221543
         237     1.52411     1.52686  0.00220611
         238     1.51685     1.52682  0.00219725
         239     1.50659     1.52674  0.00218968
         240      1.5208     1.52671   0.0021807
         241     1.51705     1.52667  0.00217202
         242     1.52193     1.52665  0.00216313
         243     1.51464      1.5266   0.0021548
         244     1.51705     1.52656  0.00214632
         245     1.52544     1.52656  0.00213757
         246     1.55172     1.52666  0.00213132
         247     1.55605     1.52678  0.00212601
         248     1.53515     1.52682  0.00211771
         249     1.52065     1.52679  0.00210935
         250     1.53461     1.52682  0.00210114
