#     BLOCK:   ACTUAL_KE:    KE_AVE:      ERROR:
           1     3.00747     3.00747           0
           2     3.23405     3.12076   0.0801078
           3     3.10488     3.11546   0.0535798
           4     2.95535     3.07543   0.0530709
           5     2.79995     3.02034   0.0650468
           6     2.66048     2.96036   0.0770451
           7      2.5222     2.89777   0.0878607
           8     2.44908     2.84168   0.0930734
           9     2.42328     2.79519   0.0936253
          10     2.50351     2.76602   0.0886901
          11     2.56877     2.74809   0.0824203
          12     2.60697     2.73633   0.0763863
          13     2.60977     2.72659   0.0711281
          14     2.51599     2.71155   0.0676196
          15     2.42976     2.69277   0.0656693
          16     2.32465     2.66976   0.0654713
          17     2.28398     2.64707   0.0654347
          18     2.26297     2.62573    0.065186
          19     2.24415     2.60564    0.064775
          20     2.22236     2.58648   0.0643088
          21        2.18     2.56712   0.0640933
          22     2.17991     2.54952   0.0635506
          23      2.1757     2.53327   0.0628316
          24     2.17912     2.51851   0.0619222
          25      2.1606      2.5042   0.0610779
          26     2.16451     2.49113   0.0601098
          27     2.13076     2.47778   0.0593469
          28     2.13203     2.46544    0.058498
          29     2.09657     2.45272   0.0578471
          30     2.09914     2.44093   0.0571069
          31     2.08597     2.42948    0.056401
          32     2.09992     2.41918   0.0555708
          33     2.10025     2.40952   0.0547207
          34     2.05792     2.39918   0.0540796
          35      2.0498     2.38919   0.0534478
          36     2.05169     2.37982   0.0527789
          37     2.04676     2.37082   0.0521144
          38     2.03126     2.36188   0.0515034
          39     2.04467     2.35375    0.050821
          40     2.03932     2.34589   0.0501547
          41     2.03563     2.33832    0.049499
          42     2.02319     2.33082   0.0488858
          43     2.05049      2.3243   0.0481817
          44     2.04995     2.31806   0.0474884
          45      2.0382     2.31184   0.0468385
          46     2.02906      2.3057    0.046222
          47     2.03213     2.29987   0.0456035
          48     2.01234     2.29388   0.0450452
          49     2.04179     2.28874   0.0444187
          50     2.05629     2.28409   0.0437729
          51     2.07329     2.27996   0.0431094
          52     2.05785     2.27569   0.0424914
          53     2.02693     2.27099   0.0419481
          54     1.97675     2.26554   0.0415237
          55     1.97032     2.26018   0.0411142
          56     1.96383     2.25488   0.0407191
          57     1.97496     2.24997   0.0402998
          58     1.98479      2.2454   0.0398635
          59     1.97617     2.24084   0.0394481
          60     1.98269     2.23654   0.0390246
          61     2.00604     2.23276   0.0385673
          62       2.033     2.22953   0.0380796
          63     2.02232     2.22625    0.037617
          64     1.98961     2.22255   0.0372105
          65     1.95024     2.21836   0.0368731
          66     1.95316     2.21434   0.0365327
          67     1.96421     2.21061   0.0361777
          68     1.96531       2.207    0.035825
          69     1.96958     2.20356   0.0354707
          70     1.96012     2.20008    0.035134
          71     1.94126     2.19644   0.0348278
          72     1.95515     2.19308   0.0345049
          73     2.00544     2.19051   0.0341279
          74     2.03277     2.18838   0.0337332
          75     2.03685     2.18636   0.0333439
          76     2.02499     2.18424   0.0329727
          77      2.0336     2.18228   0.0326025
          78     2.01391     2.18012   0.0322559
          79     2.02996     2.17822   0.0319035
          80      2.0633     2.17679    0.031537
          81     2.02285     2.17489   0.0312049
          82     2.02804      2.1731   0.0308757
          83     2.00529     2.17107   0.0305698
          84     2.02172      2.1693   0.0302576
          85     2.04526     2.16784   0.0299368
          86     2.05352     2.16651   0.0296182
          87        2.03     2.16494   0.0293192
          88     2.05619      2.1637   0.0290121
          89     2.04004     2.16231   0.0287194
          90     2.04035     2.16096   0.0284322
          91     2.03035     2.15952    0.028156
          92     2.05452     2.15838   0.0278731
          93      2.0336     2.15704   0.0276056
          94     2.03477     2.15574   0.0273426
          95     2.01314     2.15424   0.0270959
          96     2.03534       2.153    0.026842
          97     2.03478     2.15178   0.0265929
          98     2.04361     2.15068   0.0263445
          99     2.06078     2.14977    0.026094
         100     2.04597     2.14873   0.0258537
         101     2.02604     2.14752   0.0256262
         102     1.99269       2.146   0.0254199
         103     2.01075     2.14468    0.025207
         104     2.03562     2.14364   0.0249864
         105     2.07258     2.14296   0.0247576
         106     2.09738     2.14253   0.0245278
         107      2.0692     2.14184   0.0243082
         108     2.03469     2.14085   0.0241033
         109     2.00799     2.13963    0.023913
         110     1.99185     2.13829   0.0237333
         111     1.97508     2.13682    0.023565
         112     1.98773     2.13549   0.0233922
         113     1.99972     2.13429    0.023216
         114     2.01535     2.13324   0.0230358
         115     1.99963     2.13208   0.0228647
         116     1.99361     2.13089   0.0226988
         117     1.99547     2.12973   0.0225342
         118     2.01497     2.12876   0.0223643
         119     2.01778     2.12782   0.0221958
         120     2.01174     2.12686   0.0220319
         121     1.98891     2.12572   0.0218793
         122     1.96475      2.1244   0.0217397
         123       1.959     2.12305   0.0216045
         124      1.9927       2.122   0.0214558
         125     1.99022     2.12095     0.02131
         126      1.9763      2.1198   0.0211718
         127     1.97165     2.11863   0.0210372
         128     1.96637     2.11744   0.0209065
         129     1.95273     2.11617   0.0207834
         130      1.9595     2.11496   0.0206584
         131     1.96991     2.11385   0.0205303
         132       1.958     2.11267   0.0204087
         133     1.97156     2.11161   0.0202828
         134     1.97957     2.11063   0.0201554
         135     1.99726     2.10979   0.0200236
         136     2.01323     2.10908   0.0198889
         137     2.00418     2.10831   0.0197585
         138     1.98129     2.10739   0.0196368
         139      1.9901     2.10655   0.0195136
         140     1.98171     2.10566   0.0193946
         141      1.9659     2.10466   0.0192823
         142     1.97335     2.10374   0.0191687
         143     1.95437      2.1027   0.0190631
         144     1.95836     2.10169   0.0189571
         145      1.9768     2.10083   0.0188459
         146     1.99777     2.10013     0.01873
         147     2.04555     2.09975   0.0186063
         148      2.0398     2.09935    0.018485
         149     2.03072     2.09889   0.0183666
         150     2.03055     2.09843   0.0182498
         151     2.02749     2.09796    0.018135
         152     2.03755     2.09757   0.0180201
         153     2.01886     2.09705   0.0179096
         154     2.01089     2.09649   0.0178021
         155     2.03402     2.09609   0.0176918
         156     2.08703     2.09603   0.0175785
         157     2.07239     2.09588   0.0174672
         158     2.03373     2.09549    0.017361
         159     1.97161     2.09471   0.0172693
         160     1.98183       2.094   0.0171758
         161     2.01704     2.09352   0.0170758
         162      2.0245      2.0931   0.0169757
         163     2.02216     2.09266   0.0168771
         164     2.01608      2.0922   0.0167807
         165     2.03176     2.09183   0.0166829
         166     2.03637      2.0915   0.0165858
         167     1.98844     2.09088    0.016498
         168     1.94953     2.09004   0.0164212
         169     1.93925     2.08915   0.0163482
         170     1.95687     2.08837   0.0162706
         171     2.00395     2.08787   0.0161829
         172     2.00132     2.08737   0.0160967
         173     2.01033     2.08693   0.0160098
         174     1.99662     2.08641   0.0159262
         175     1.98515     2.08583   0.0158457
         176     1.97776     2.08521   0.0157675
         177     1.97461     2.08459   0.0156908
         178     1.93466     2.08375   0.0156253
         179     1.93106     2.08289   0.0155612
         180     1.95015     2.08216   0.0154923
         181     1.97292     2.08155   0.0154184
         182     1.96493     2.08091    0.015347
         183     1.94659     2.08018   0.0152807
         184     1.96582     2.07956   0.0152103
         185     1.97435     2.07899   0.0151387
         186     1.96559     2.07838   0.0150696
         187     1.93825     2.07763   0.0150076
         188     1.91833     2.07678   0.0149517
         189     1.92271     2.07597   0.0148948
         190     1.92064     2.07515   0.0148388
         191     1.93729     2.07443   0.0147786
         192     1.95145     2.07379   0.0147155
         193     1.95636     2.07318   0.0146519
         194     1.94519     2.07252   0.0145912
         195      1.9299     2.07179   0.0145347
         196     1.93183     2.07107   0.0144781
         197     1.92704     2.07034    0.014423
         198     1.91528     2.06956   0.0143714
         199     1.95012     2.06896   0.0143117
         200     1.97782      2.0685   0.0142474
         201     2.00681      2.0682   0.0141798
         202     1.98586     2.06779   0.0141155
         203     1.99258     2.06742   0.0140508
         204     2.04623     2.06731   0.0139823
         205     2.04047     2.06718   0.0139147
         206     2.03739     2.06704   0.0138479
         207     2.01451     2.06678   0.0137834
         208     1.99358     2.06643   0.0137216
         209     2.01415     2.06618   0.0136582
         210     2.01719     2.06595   0.0135952
         211     2.04784     2.06586    0.013531
         212     2.05715     2.06582   0.0134673
         213     2.06403     2.06581    0.013404
         214       2.034     2.06566   0.0133422
         215      2.0119     2.06541   0.0132825
         216     2.00654     2.06514   0.0132238
         217     2.00415     2.06486   0.0131659
         218     2.04136     2.06475   0.0131059
         219     2.06287     2.06474   0.0130461
         220     2.02025     2.06454   0.0129883
         221      1.9952     2.06423   0.0129333
         222     1.95378     2.06373   0.0128847
         223     1.93138     2.06314   0.0128405
         224     1.91571     2.06248   0.0128001
         225     1.90935      2.0618   0.0127613
         226      1.9326     2.06123   0.0127176
         227     1.95543     2.06076   0.0126701
         228     1.99766     2.06048   0.0126176
         229     2.00892     2.06026   0.0125645
         230     1.98886     2.05995   0.0125137
         231     1.95985     2.05952    0.012467
         232     1.95393     2.05906   0.0124216
         233     1.97838     2.05871   0.0123731
         234     1.99778     2.05845   0.0123229
         235     1.98429     2.05814   0.0122745
         236     1.97051     2.05777   0.0122282
         237      1.9713      2.0574    0.012182
         238     1.96172       2.057   0.0121374
         239     1.97583     2.05666   0.0120914
         240     1.98051     2.05634   0.0120452
         241     2.00819     2.05614   0.0119969
         242     2.00783     2.05594    0.011949
         243     1.99847     2.05571   0.0119021
         244     1.97028     2.05536   0.0118585
         245     1.96589     2.05499   0.0118157
         246     1.99205     2.05474   0.0117705
         247      2.0593     2.05475   0.0117228
         248     2.06956     2.05481   0.0116757
         249     2.03756     2.05474    0.011629
         250     1.97939     2.05444   0.0115864
