#     BLOCK:  ACTUAL_PE:     PE_AVE:      ERROR:
           1    -1.41679    -1.41679           0
           2    -1.64361     -1.5302   0.0801908
           3    -1.51304    -1.52448   0.0536642
           4    -1.36287    -1.48407    0.053331
           5    -1.20614    -1.42849   0.0655154
           6    -1.06608    -1.36809   0.0775948
           7   -0.927403    -1.30513   0.0884346
           8   -0.853866    -1.24872   0.0936582
           9   -0.828472    -1.20203   0.0941752
          10   -0.908535    -1.17268   0.0892138
          11   -0.973539    -1.15458     0.08292
          12    -1.01114    -1.14262   0.0768666
          13    -1.01398    -1.13273   0.0715879
          14   -0.919342    -1.11749   0.0680777
          15   -0.833224    -1.09854   0.0661243
          16   -0.728228    -1.07539   0.0659176
          17   -0.687689    -1.05258   0.0658672
          18   -0.666746    -1.03115   0.0656032
          19   -0.647647    -1.01097   0.0651815
          20   -0.626046   -0.991719   0.0647014
          21   -0.583726   -0.972291   0.0644714
          22   -0.583444   -0.954616   0.0639177
          23    -0.57939   -0.938302   0.0631864
          24   -0.582728   -0.923486   0.0622664
          25    -0.56401   -0.909107   0.0614135
          26   -0.567963   -0.895986   0.0604369
          27   -0.534369   -0.882593    0.059664
          28   -0.535416   -0.870194   0.0588074
          29   -0.499664   -0.857417    0.058151
          30   -0.502759   -0.845595   0.0574018
          31   -0.489355   -0.834103   0.0566887
          32   -0.503073   -0.823759   0.0558531
          33    -0.50386   -0.814065   0.0549954
          34    -0.46116   -0.803685   0.0543485
          35   -0.453306   -0.793674   0.0537098
          36   -0.454984   -0.784266   0.0530354
          37   -0.450025   -0.775233   0.0523657
          38   -0.434648    -0.76627    0.051749
          39   -0.448183   -0.758114   0.0510608
          40   -0.442635   -0.750227   0.0503897
          41   -0.438801   -0.742631   0.0497299
          42   -0.426955   -0.735115   0.0491106
          43   -0.454097    -0.72858   0.0484013
          44   -0.453349   -0.722325   0.0477038
          45   -0.441717   -0.716089   0.0470495
          46   -0.432444   -0.709923    0.046429
          47   -0.435622   -0.704087   0.0458065
          48   -0.415745   -0.698079   0.0452444
          49    -0.44545   -0.692924   0.0446138
          50   -0.459952   -0.688264   0.0439642
          51   -0.476741   -0.684117   0.0432973
          52   -0.461308   -0.679832   0.0426762
          53   -0.430036   -0.675119   0.0421304
          54   -0.380121   -0.669656   0.0417029
          55    -0.37371   -0.664275   0.0412903
          56   -0.367474   -0.658975   0.0408917
          57   -0.378207   -0.654049   0.0404699
          58   -0.387826   -0.649459   0.0400316
          59   -0.379912   -0.644891    0.039613
          60   -0.386072   -0.640577   0.0391869
          61   -0.409492   -0.636789   0.0387272
          62   -0.436456   -0.633558   0.0382371
          63   -0.425531   -0.630256   0.0377725
          64   -0.392594   -0.626542   0.0373644
          65   -0.353434    -0.62234    0.037025
          66   -0.356775   -0.618317    0.036682
          67   -0.367548   -0.614574    0.036325
          68   -0.368778   -0.610959   0.0359702
          69   -0.372781   -0.607507   0.0356141
          70   -0.363575   -0.604023   0.0352754
          71   -0.344552   -0.600368   0.0349674
          72   -0.358727   -0.597012   0.0346424
          73   -0.409104   -0.594438   0.0342633
          74   -0.436116   -0.592298   0.0338671
          75   -0.440286   -0.590272   0.0334761
          76   -0.428576   -0.588144   0.0331032
          77   -0.437021   -0.586181   0.0327314
          78   -0.417543   -0.584019   0.0323831
          79   -0.433448   -0.582113   0.0320292
          80    -0.46685   -0.580673   0.0316612
          81   -0.426441   -0.578768   0.0313275
          82    -0.43142   -0.576972    0.030997
          83   -0.408669   -0.574944   0.0306898
          84    -0.42535   -0.573163   0.0303761
          85   -0.448835     -0.5717   0.0300539
          86   -0.456896   -0.570365   0.0297341
          87   -0.433368   -0.568791    0.029434
          88   -0.459703   -0.567551   0.0291256
          89    -0.44323   -0.566154   0.0288318
          90   -0.443578   -0.564792   0.0285436
          91   -0.434027   -0.563355   0.0282661
          92   -0.457818   -0.562208   0.0279821
          93   -0.436816    -0.56086   0.0277137
          94    -0.43819   -0.559555   0.0274496
          95    -0.41658    -0.55805   0.0272018
          96   -0.438632   -0.556806   0.0269469
          97   -0.438132   -0.555582   0.0266969
          98   -0.447089   -0.554475   0.0264474
          99   -0.464353   -0.553565   0.0261959
         100   -0.449312   -0.552522   0.0259547
         101   -0.429055     -0.5513   0.0257265
         102    -0.39625    -0.54978   0.0255191
         103   -0.413888   -0.548461   0.0253055
         104   -0.439285   -0.547411   0.0250839
         105   -0.476216   -0.546733   0.0248542
         106   -0.500551   -0.546297   0.0246235
         107   -0.472364   -0.545606   0.0244031
         108   -0.437859   -0.544608   0.0241975
         109   -0.411255   -0.543385   0.0240064
         110   -0.395165   -0.542038    0.023826
         111   -0.378387   -0.540563   0.0236569
         112   -0.391311   -0.539231   0.0234832
         113   -0.403287   -0.538028   0.0233062
         114   -0.418379   -0.536978   0.0231253
         115   -0.403028   -0.535813   0.0229536
         116    -0.39711   -0.534618   0.0227868
         117   -0.398514   -0.533454   0.0226217
         118   -0.418465    -0.53248    0.022451
         119   -0.420989   -0.531543   0.0222819
         120   -0.414776    -0.53057   0.0221174
         121   -0.392181   -0.529426   0.0219642
         122   -0.368151   -0.528104   0.0218239
         123   -0.362309   -0.526756   0.0216881
         124    -0.39628   -0.525704   0.0215387
         125   -0.393326   -0.524645   0.0213924
         126   -0.379448   -0.523493   0.0212536
         127   -0.375095   -0.522324   0.0211184
         128   -0.369608   -0.521131    0.020987
         129   -0.355995   -0.519851   0.0208634
         130   -0.362575   -0.518641   0.0207379
         131   -0.373504   -0.517533   0.0206092
         132    -0.36123   -0.516349    0.020487
         133   -0.374948   -0.515286   0.0203606
         134   -0.382987   -0.514299   0.0202326
         135   -0.400539   -0.513456   0.0201002
         136   -0.416488   -0.512743   0.0199651
         137   -0.407262   -0.511973   0.0198342
         138   -0.384728   -0.511051   0.0197119
         139   -0.393399   -0.510205   0.0195882
         140   -0.384862   -0.509309   0.0194688
         141   -0.368823   -0.508313   0.0193562
         142   -0.376479   -0.507384   0.0192421
         143   -0.357557   -0.506337    0.019136
         144   -0.361875   -0.505334   0.0190294
         145   -0.380266   -0.504471   0.0189177
         146   -0.400876   -0.503761   0.0188015
         147   -0.449188    -0.50339   0.0186772
         148   -0.443058   -0.502983   0.0185555
         149   -0.434037    -0.50252   0.0184367
         150    -0.43388   -0.502062   0.0183195
         151   -0.430785    -0.50159   0.0182042
         152    -0.44074    -0.50119   0.0180889
         153   -0.422198   -0.500674    0.017978
         154   -0.414234   -0.500112     0.01787
         155    -0.43777    -0.49971   0.0177593
         156   -0.490378    -0.49965   0.0176455
         157   -0.475408   -0.499496   0.0175338
         158   -0.436686   -0.499098   0.0174273
         159   -0.374645   -0.498316   0.0173353
         160   -0.385158   -0.497608   0.0172414
         161   -0.420671    -0.49713   0.0171409
         162    -0.42746     -0.4967   0.0170405
         163   -0.425536   -0.496264   0.0169415
         164   -0.419726   -0.495797   0.0168447
         165   -0.435221    -0.49543   0.0167466
         166   -0.439658   -0.495094   0.0166491
         167   -0.391611   -0.494474   0.0165609
         168   -0.352742   -0.493631   0.0164838
         169   -0.342952   -0.492739   0.0164104
         170   -0.360496   -0.491961   0.0163323
         171   -0.407676   -0.491468   0.0162442
         172   -0.404992   -0.490966   0.0161575
         173   -0.413723   -0.490519   0.0160703
         174   -0.400008   -0.489999   0.0159863
         175     -0.3888   -0.489421   0.0159055
         176   -0.381078   -0.488805    0.015827
         177   -0.377993   -0.488179   0.0157499
         178   -0.337924   -0.487335   0.0156841
         179   -0.334637   -0.486482   0.0156196
         180   -0.353693   -0.485744   0.0155503
         181   -0.376221   -0.485139   0.0154761
         182    -0.36822   -0.484497   0.0154044
         183   -0.349922   -0.483761   0.0153378
         184   -0.369285   -0.483139    0.015267
         185   -0.377786    -0.48257   0.0151951
         186   -0.368411   -0.481956   0.0151258
         187    -0.34156   -0.481205   0.0150636
         188   -0.321646   -0.480356   0.0150073
         189    -0.32585   -0.479539   0.0149502
         190    -0.32405    -0.47872   0.0148939
         191   -0.340649   -0.477998   0.0148334
         192   -0.354667   -0.477355   0.0147701
         193   -0.359693   -0.476746   0.0147061
         194   -0.348406   -0.476084   0.0146452
         195   -0.333239   -0.475351   0.0145884
         196   -0.335155   -0.474636   0.0145315
         197   -0.330318   -0.473904   0.0144762
         198   -0.318676    -0.47312   0.0144243
         199   -0.353854    -0.47252   0.0143642
         200   -0.381489   -0.472065   0.0142996
         201   -0.410213   -0.471757   0.0142318
         202   -0.389164   -0.471349   0.0141672
         203    -0.39625   -0.470979   0.0141022
         204   -0.449822   -0.470875   0.0140335
         205   -0.444038   -0.470744   0.0139657
         206   -0.440656   -0.470598   0.0138986
         207   -0.417844   -0.470343   0.0138338
         208   -0.396815    -0.46999   0.0137718
         209   -0.417576   -0.469739   0.0137082
         210   -0.420617   -0.469505   0.0136449
         211   -0.451389   -0.469419   0.0135805
         212   -0.460635   -0.469378   0.0135165
         213   -0.467119   -0.469367   0.0134531
         214   -0.437471   -0.469218    0.013391
         215   -0.415248   -0.468967   0.0133311
         216   -0.409931   -0.468694   0.0132722
         217   -0.407727   -0.468413    0.013214
         218   -0.445051   -0.468305   0.0131538
         219   -0.466416   -0.468297   0.0130938
         220   -0.423528   -0.468093   0.0130358
         221   -0.398399   -0.467778   0.0129807
         222   -0.356904   -0.467279   0.0129318
         223   -0.334686   -0.466684   0.0128875
         224   -0.318944   -0.466024   0.0128468
         225   -0.312615   -0.465343   0.0128078
         226   -0.336112   -0.464771   0.0127639
         227   -0.358828   -0.464304   0.0127162
         228   -0.400966   -0.464026   0.0126634
         229   -0.412188     -0.4638   0.0126102
         230     -0.3919   -0.463487   0.0125592
         231   -0.362969   -0.463052   0.0125124
         232   -0.357377   -0.462597   0.0124667
         233   -0.381501   -0.462249   0.0124181
         234   -0.401348   -0.461988   0.0123677
         235    -0.38729    -0.46167   0.0123192
         236   -0.373875   -0.461298   0.0122726
         237   -0.374656   -0.460933   0.0122263
         238   -0.364958    -0.46053   0.0121815
         239   -0.379165   -0.460189   0.0121353
         240    -0.38384   -0.459871   0.0120889
         241   -0.411748   -0.459671   0.0120404
         242   -0.410936    -0.45947   0.0119924
         243   -0.401647   -0.459232   0.0119454
         244    -0.37343    -0.45888   0.0119016
         245   -0.369279   -0.458515   0.0118586
         246   -0.395452   -0.458258   0.0118132
         247   -0.462663   -0.458276   0.0117654
         248   -0.472975   -0.458335   0.0117181
         249   -0.440678   -0.458265   0.0116712
         250    -0.38238   -0.457961   0.0116285
