#     BLOCK:   ACTUAL_T:     T_AVE:       ERROR:
           1     2.00498     2.00498           0
           2     2.15603      2.0805   0.0534052
           3     2.06992     2.07697   0.0357199
           4     1.97023     2.05029   0.0353806
           5     1.86663     2.01356   0.0433645
           6     1.77365     1.97357   0.0513634
           7     1.68146     1.93184   0.0585738
           8     1.63272     1.89445    0.062049
           9     1.61552     1.86346   0.0624168
          10       1.669     1.84401   0.0591267
          11     1.71251     1.83206   0.0549468
          12     1.73798     1.82422   0.0509242
          13     1.73984     1.81773   0.0474187
          14     1.67733      1.8077   0.0450797
          15     1.61984     1.79518   0.0437795
          16     1.54977     1.77984   0.0436475
          17     1.52265     1.76471   0.0436231
          18     1.50864     1.75048   0.0434573
          19      1.4961      1.7371   0.0431834
          20     1.48157     1.72432   0.0428725
          21     1.45333     1.71142   0.0427289
          22     1.45328     1.69968   0.0423671
          23     1.45046     1.68885   0.0418877
          24     1.45274     1.67901   0.0412815
          25      1.4404     1.66946   0.0407186
          26     1.44301     1.66075   0.0400732
          27      1.4205     1.65186   0.0395646
          28     1.42135     1.64362   0.0389986
          29     1.39771     1.63514   0.0385647
          30     1.39943     1.62729   0.0380712
          31     1.39065     1.61965   0.0376006
          32     1.39995     1.61279   0.0370472
          33     1.40017     1.60634   0.0364805
          34     1.37195     1.59945   0.0360531
          35     1.36653      1.5928   0.0356319
          36      1.3678     1.58655   0.0351859
          37      1.3645     1.58054    0.034743
          38     1.35417     1.57459   0.0343356
          39     1.36311     1.56916   0.0338807
          40     1.35954     1.56392   0.0334365
          41     1.35709     1.55888   0.0329993
          42     1.34879     1.55388   0.0325905
          43     1.36699     1.54953   0.0321211
          44     1.36663     1.54537   0.0316589
          45      1.3588     1.54123   0.0312257
          46     1.35271     1.53713   0.0308146
          47     1.35475     1.53325   0.0304024
          48     1.34156     1.52926   0.0300301
          49     1.36119     1.52583   0.0296125
          50     1.37086     1.52273    0.029182
          51      1.3822     1.51997   0.0287396
          52      1.3719     1.51712   0.0283276
          53     1.35129       1.514   0.0279654
          54     1.31784     1.51036   0.0276824
          55     1.31355     1.50678   0.0274094
          56     1.30922     1.50326   0.0271461
          57     1.31664     1.49998   0.0268665
          58      1.3232     1.49693   0.0265757
          59     1.31745     1.49389   0.0262988
          60      1.3218     1.49102   0.0260164
          61     1.33736      1.4885   0.0257116
          62     1.35533     1.48636   0.0253864
          63     1.34822     1.48416    0.025078
          64     1.32641      1.4817    0.024807
          65     1.30016     1.47891   0.0245821
          66      1.3021     1.47623   0.0243551
          67     1.30947     1.47374   0.0241184
          68      1.3102     1.47133   0.0238834
          69     1.31305     1.46904   0.0236471
          70     1.30675     1.46672   0.0234227
          71     1.29417     1.46429   0.0232185
          72     1.30343     1.46206   0.0230033
          73     1.33696     1.46034   0.0227519
          74     1.35518     1.45892   0.0224888
          75      1.3579     1.45757   0.0222293
          76     1.34999     1.45616   0.0219818
          77     1.35573     1.45486    0.021735
          78     1.34261     1.45342   0.0215039
          79     1.35331     1.45215    0.021269
          80     1.37553     1.45119   0.0210247
          81     1.34856     1.44992   0.0208033
          82     1.35202     1.44873   0.0205838
          83     1.33686     1.44738   0.0203799
          84     1.34781      1.4462   0.0201717
          85     1.36351     1.44522   0.0199578
          86     1.36901     1.44434   0.0197454
          87     1.35334     1.44329   0.0195462
          88     1.37079     1.44247   0.0193414
          89     1.36002     1.44154   0.0191463
          90     1.36023     1.44064   0.0189548
          91     1.35357     1.43968   0.0187707
          92     1.36968     1.43892   0.0185821
          93     1.35573     1.43803   0.0184038
          94     1.35652     1.43716   0.0182284
          95     1.34209     1.43616    0.018064
          96     1.35689     1.43533   0.0178947
          97     1.35652     1.43452   0.0177286
          98     1.36241     1.43378    0.017563
          99     1.37385     1.43318    0.017396
         100     1.36398     1.43249   0.0172358
         101     1.35069     1.43168   0.0170842
         102     1.32846     1.43067   0.0169466
         103      1.3405     1.42979   0.0168047
         104     1.35708     1.42909   0.0166576
         105     1.38172     1.42864   0.0165051
         106     1.39825     1.42835   0.0163519
         107     1.37947      1.4279   0.0162054
         108     1.35646     1.42723   0.0160689
         109     1.33866     1.42642    0.015942
         110      1.3279     1.42553   0.0158222
         111     1.31672     1.42455     0.01571
         112     1.32515     1.42366   0.0155948
         113     1.33315     1.42286   0.0154773
         114     1.34357     1.42216   0.0153572
         115     1.33309     1.42139   0.0152432
         116     1.32908     1.42059   0.0151325
         117     1.33032     1.41982   0.0150228
         118     1.34331     1.41917   0.0149095
         119     1.34518     1.41855   0.0147972
         120     1.34116      1.4179   0.0146879
         121     1.32594     1.41714   0.0145862
         122     1.30984     1.41627   0.0144931
         123       1.306     1.41537    0.014403
         124     1.32847     1.41467   0.0143039
         125     1.32681     1.41397   0.0142067
         126     1.31754      1.4132   0.0141145
         127     1.31444     1.41242   0.0140248
         128     1.31091     1.41163   0.0139376
         129     1.30182     1.41078   0.0138556
         130     1.30633     1.40997   0.0137723
         131     1.31327     1.40924   0.0136869
         132     1.30533     1.40845   0.0136058
         133     1.31437     1.40774   0.0135219
         134     1.31972     1.40709   0.0134369
         135     1.33151     1.40653   0.0133491
         136     1.34216     1.40605   0.0132593
         137     1.33612     1.40554   0.0131723
         138     1.32086     1.40493   0.0130912
         139     1.32673     1.40437   0.0130091
         140     1.32114     1.40377   0.0129297
         141      1.3106     1.40311   0.0128549
         142     1.31557     1.40249   0.0127791
         143     1.30291      1.4018   0.0127087
         144     1.30557     1.40113    0.012638
         145     1.31787     1.40055   0.0125639
         146     1.33185     1.40008   0.0124867
         147      1.3637     1.39984   0.0124042
         148     1.35987     1.39957   0.0123233
         149     1.35381     1.39926   0.0122444
         150      1.3537     1.39896   0.0121666
         151     1.35166     1.39864     0.01209
         152     1.35837     1.39838   0.0120134
         153     1.34591     1.39803   0.0119398
         154     1.34059     1.39766   0.0118681
         155     1.35601     1.39739   0.0117945
         156     1.39135     1.39735    0.011719
         157     1.38159     1.39725   0.0116448
         158     1.35582     1.39699    0.011574
         159     1.31441     1.39647   0.0115129
         160     1.32122       1.396   0.0114505
         161     1.34469     1.39568   0.0113838
         162     1.34966      1.3954   0.0113171
         163     1.34811     1.39511   0.0112514
         164     1.34406      1.3948   0.0111871
         165      1.3545     1.39455    0.011122
         166     1.35758     1.39433   0.0110572
         167     1.32563     1.39392   0.0109986
         168     1.29969     1.39336   0.0109475
         169     1.29283     1.39276   0.0108988
         170     1.30458     1.39224   0.0108471
         171     1.33597     1.39192   0.0107886
         172     1.33422     1.39158   0.0107311
         173     1.34022     1.39128   0.0106732
         174     1.33108     1.39094   0.0106174
         175     1.32343     1.39055   0.0105638
         176     1.31851     1.39014   0.0105117
         177     1.31641     1.38973   0.0104606
         178     1.28977     1.38916   0.0104168
         179     1.28737      1.3886   0.0103742
         180      1.3001      1.3881   0.0103282
         181     1.31528      1.3877   0.0102789
         182     1.30995     1.38727   0.0102313
         183     1.29773     1.38678   0.0101871
         184     1.31055     1.38637   0.0101402
         185     1.31624     1.38599   0.0100925
         186     1.31039     1.38559   0.0100464
         187     1.29216     1.38509   0.0100051
         188     1.27889     1.38452  0.00996778
         189     1.28181     1.38398  0.00992984
         190     1.28042     1.38343  0.00989253
         191     1.29152     1.38295  0.00985243
         192     1.30097     1.38252  0.00981036
         193     1.30424     1.38212  0.00976791
         194     1.29679     1.38168  0.00972746
         195      1.2866     1.38119  0.00968979
         196     1.28789     1.38071  0.00965204
         197      1.2847     1.38023  0.00961534
         198     1.27685     1.37971  0.00958094
         199     1.30008     1.37931  0.00954115
         200     1.31855       1.379  0.00949828
         201     1.33788      1.3788  0.00945323
         202      1.3239     1.37853  0.00941033
         203     1.32839     1.37828  0.00936722
         204     1.36415     1.37821  0.00932155
         205     1.36031     1.37812  0.00927649
         206     1.35826     1.37803  0.00923196
         207     1.34301     1.37786  0.00918891
         208     1.32905     1.37762  0.00914773
         209     1.34277     1.37745  0.00910548
         210     1.34479      1.3773  0.00906345
         211     1.36523     1.37724  0.00902068
         212     1.37143     1.37721  0.00897817
         213     1.37602     1.37721  0.00893602
         214       1.356     1.37711  0.00889481
         215     1.34127     1.37694    0.008855
         216     1.33769     1.37676  0.00881587
         217      1.3361     1.37657  0.00877723
         218      1.3609      1.3765  0.00873727
         219     1.37524      1.3765  0.00869737
         220     1.34683     1.37636  0.00865888
         221     1.33013     1.37615  0.00862223
         222     1.30252     1.37582  0.00858977
         223     1.28759     1.37543  0.00856036
         224     1.27714     1.37499  0.00853338
         225      1.2729     1.37453  0.00850751
         226      1.2884     1.37415  0.00847839
         227     1.30362     1.37384  0.00844674
         228     1.33177     1.37366   0.0084117
         229     1.33928     1.37351  0.00837631
         230      1.3259      1.3733  0.00834245
         231     1.30657     1.37301  0.00831133
         232     1.30262     1.37271  0.00828105
         233     1.31892     1.37248  0.00824872
         234     1.33185      1.3723   0.0082153
         235     1.32286     1.37209  0.00818303
         236     1.31368     1.37184   0.0081521
         237      1.3142      1.3716  0.00812133
         238     1.30781     1.37133  0.00809163
         239     1.31722     1.37111  0.00806094
         240     1.32034      1.3709  0.00803013
         241     1.33879     1.37076  0.00799791
         242     1.33855     1.37063  0.00796597
         243     1.33232     1.37047  0.00793475
         244     1.31352     1.37024  0.00790566
         245     1.31059     1.36999  0.00787714
         246     1.32804     1.36982  0.00784697
         247     1.37287     1.36984  0.00781521
         248     1.37971     1.36988   0.0077838
         249     1.35837     1.36983  0.00775267
         250     1.31959     1.36963  0.00772427
