#     BLOCK:   ACTUAL_TE:    TE_AVE:      ERROR:
           1     1.59067     1.59067           0
           2     1.59044     1.59056 8.29374e-05
           3     1.59184     1.59099 0.000353663
           4     1.59248     1.59136 0.000418915
           5     1.59381     1.59185 0.000552395
           6     1.59439     1.59227 0.000601325
           7     1.59479     1.59263 0.000613662
           8     1.59521     1.59296 0.000615862
           9      1.5948     1.59316 0.000580617
          10     1.59497     1.59334 0.000550021
          11     1.59523     1.59351 0.000526045
          12     1.59583     1.59371 0.000516292
          13     1.59579     1.59387 0.000500737
          14     1.59665     1.59407 0.000502775
          15     1.59654     1.59423 0.000495589
          16     1.59642     1.59437 0.000483203
          17     1.59629     1.59448 0.000467869
          18     1.59622     1.59458 0.000451744
          19      1.5965     1.59468 0.000439161
          20     1.59631     1.59476 0.000424717
          21     1.59627     1.59483 0.000410572
          22     1.59647     1.59491 0.000398603
          23     1.59631     1.59497 0.000385888
          24     1.59639     1.59503 0.000374317
          25     1.59658     1.59509 0.000364497
          26     1.59655     1.59515 0.000354784
          27     1.59639     1.59519  0.00034461
          28     1.59661     1.59524 0.000336019
          29      1.5969      1.5953 0.000329283
          30     1.59639     1.59534 0.000320291
          31     1.59661     1.59538 0.000312606
          32     1.59685     1.59542 0.000306187
          33     1.59639     1.59545 0.000298312
          34     1.59676     1.59549 0.000292023
          35      1.5965     1.59552 0.000285088
          36     1.59671     1.59555  0.00027908
          37     1.59673     1.59558 0.000273351
          38     1.59661     1.59561 0.000267482
          39     1.59649     1.59563  0.00026157
          40     1.59668     1.59566 0.000256338
          41     1.59683     1.59569 0.000251665
          42     1.59624      1.5957 0.000246012
          43     1.59639     1.59572 0.000240817
          44      1.5966     1.59574 0.000236171
          45     1.59649     1.59575 0.000231507
          46     1.59661     1.59577 0.000227227
          47     1.59651     1.59579 0.000222926
          48      1.5966     1.59581 0.000218916
          49     1.59634     1.59582  0.00021472
          50     1.59634     1.59583 0.000210678
          51     1.59655     1.59584 0.000207029
          52     1.59654     1.59585 0.000203483
          53      1.5969     1.59587 0.000200595
          54     1.59663     1.59589 0.000197372
          55     1.59661      1.5959 0.000194218
          56     1.59636     1.59591  0.00019092
          57     1.59676     1.59592  0.00018815
          58     1.59697     1.59594 0.000185765
          59     1.59626     1.59595 0.000182695
          60     1.59662     1.59596 0.000179995
          61     1.59655     1.59597 0.000177303
          62     1.59654     1.59598 0.000174685
          63     1.59679     1.59599 0.000172391
          64     1.59702     1.59601 0.000170447
          65      1.5968     1.59602 0.000168265
          66     1.59638     1.59602 0.000165804
          67     1.59666     1.59603   0.0001636
          68     1.59653     1.59604 0.000161356
          69      1.5968     1.59605 0.000159393
          70     1.59654     1.59606  0.00015727
          71     1.59671     1.59607 0.000155318
          72     1.59642     1.59607 0.000153238
          73     1.59634     1.59608 0.000151182
          74     1.59665     1.59608 0.000149337
          75     1.59656     1.59609 0.000147481
          76     1.59641      1.5961 0.000145602
          77     1.59657      1.5961 0.000143845
          78     1.59636      1.5961  0.00014204
          79     1.59651     1.59611 0.000140336
          80     1.59645     1.59611 0.000138647
          81      1.5964     1.59612 0.000136982
          82     1.59662     1.59612 0.000135447
          83     1.59662     1.59613 0.000133949
          84     1.59637     1.59613 0.000132384
          85     1.59643     1.59614 0.000130872
          86     1.59663     1.59614 0.000129474
          87     1.59664     1.59615  0.00012811
          88     1.59648     1.59615 0.000126711
          89     1.59681     1.59616 0.000125501
          90     1.59677     1.59617  0.00012429
          91     1.59632     1.59617 0.000122936
          92      1.5967     1.59617 0.000121737
          93     1.59678     1.59618 0.000120604
          94     1.59658     1.59618 0.000119398
          95     1.59656     1.59619 0.000118206
          96     1.59671     1.59619 0.000117099
          97     1.59665      1.5962 0.000115988
          98     1.59652      1.5962  0.00011485
          99     1.59643      1.5962 0.000113713
         100     1.59665     1.59621 0.000112664
         101     1.59698     1.59622 0.000111808
         102     1.59644     1.59622 0.000110733
         103     1.59686     1.59622 0.000109833
         104     1.59633     1.59622 0.000108782
         105     1.59636     1.59623 0.000107754
         106     1.59683     1.59623 0.000106887
         107     1.59684     1.59624 0.000106039
         108     1.59683     1.59624 0.000105198
         109     1.59674     1.59625  0.00010433
         110     1.59668     1.59625 0.000103456
         111     1.59669     1.59626 0.000102601
         112     1.59642     1.59626 0.000101696
         113     1.59644     1.59626 0.000100808
         114     1.59697     1.59626 0.000100118
         115      1.5966     1.59627 9.92898e-05
         116      1.5965     1.59627 9.84548e-05
         117     1.59696     1.59628 9.77905e-05
         118      1.5965     1.59628 9.69805e-05
         119     1.59679     1.59628   9.626e-05
         120     1.59696     1.59629 9.56254e-05
         121     1.59673     1.59629  9.4904e-05
         122      1.5966     1.59629 9.41603e-05
         123     1.59669      1.5963 9.34499e-05
         124     1.59642      1.5963 9.27018e-05
         125     1.59689      1.5963 9.20807e-05
         126     1.59686     1.59631 9.14546e-05
         127     1.59656     1.59631 9.07558e-05
         128     1.59676     1.59631 9.01152e-05
         129     1.59674     1.59632 8.94771e-05
         130     1.59693     1.59632 8.89121e-05
         131     1.59641     1.59632 8.82359e-05
         132     1.59677     1.59632 8.76336e-05
         133     1.59661     1.59633 8.70012e-05
         134     1.59659     1.59633 8.63736e-05
         135     1.59672     1.59633 8.57826e-05
         136     1.59675     1.59633 8.52062e-05
         137     1.59692     1.59634 8.46897e-05
         138     1.59656     1.59634 8.40909e-05
         139      1.5967     1.59634 8.35261e-05
         140     1.59685     1.59635 8.30071e-05
         141     1.59708     1.59635 8.25814e-05
         142     1.59687     1.59636 8.20808e-05
         143     1.59681     1.59636 8.15681e-05
         144     1.59648     1.59636 8.10062e-05
         145     1.59654     1.59636 8.04569e-05
         146     1.59689     1.59636 7.99889e-05
         147     1.59637     1.59636 7.94448e-05
         148     1.59674     1.59637 7.89488e-05
         149     1.59668     1.59637  7.8447e-05
         150     1.59667     1.59637 7.79504e-05
         151      1.5967     1.59637 7.74652e-05
         152     1.59681     1.59638 7.70088e-05
         153     1.59666     1.59638  7.6528e-05
         154     1.59665     1.59638 7.60518e-05
         155     1.59625     1.59638 7.55658e-05
         156     1.59665     1.59638 7.51012e-05
         157     1.59698     1.59638 7.47195e-05
         158     1.59704     1.59639 7.43618e-05
         159     1.59696     1.59639 7.39819e-05
         160     1.59667     1.59639 7.35399e-05
         161     1.59637     1.59639 7.30833e-05
         162     1.59704      1.5964 7.27397e-05
         163     1.59663      1.5964 7.23071e-05
         164     1.59636      1.5964 7.18667e-05
         165     1.59654      1.5964 7.14359e-05
         166     1.59672      1.5964 7.10311e-05
         167     1.59683      1.5964 7.06524e-05
         168     1.59679     1.59641 7.02694e-05
         169      1.5963     1.59641 6.98567e-05
         170     1.59637     1.59641 6.94461e-05
         171     1.59627     1.59641 6.90443e-05
         172     1.59633      1.5964 6.86442e-05
         173      1.5966     1.59641 6.82571e-05
         174     1.59662     1.59641 6.78756e-05
         175     1.59635     1.59641 6.74885e-05
         176     1.59668     1.59641 6.71233e-05
         177     1.59662     1.59641 6.67548e-05
         178     1.59673     1.59641 6.64045e-05
         179     1.59642     1.59641 6.60336e-05
         180     1.59645     1.59641 6.56671e-05
         181     1.59669     1.59641  6.5323e-05
         182     1.59671     1.59641 6.49844e-05
         183     1.59667     1.59642  6.4644e-05
         184     1.59654     1.59642 6.42961e-05
         185     1.59657     1.59642 6.39538e-05
         186     1.59718     1.59642 6.37403e-05
         187     1.59669     1.59642 6.34152e-05
         188     1.59669     1.59642 6.30933e-05
         189     1.59686     1.59643 6.28025e-05
         190     1.59659     1.59643 6.24776e-05
         191     1.59664     1.59643 6.21601e-05
         192     1.59678     1.59643 6.18637e-05
         193     1.59667     1.59643 6.15551e-05
         194     1.59678     1.59643 6.12644e-05
         195     1.59666     1.59644 6.09615e-05
         196     1.59668     1.59644 6.06632e-05
         197     1.59672     1.59644  6.0373e-05
         198      1.5966     1.59644 6.00738e-05
         199     1.59626     1.59644 5.97785e-05
         200     1.59633     1.59644 5.94819e-05
         201      1.5966     1.59644 5.91915e-05
         202     1.59669     1.59644  5.8912e-05
         203     1.59634     1.59644  5.8624e-05
         204     1.59641     1.59644 5.83368e-05
         205     1.59643     1.59644 5.80523e-05
         206     1.59673     1.59644 5.77879e-05
         207     1.59667     1.59644  5.7519e-05
         208     1.59677     1.59644 5.72638e-05
         209     1.59658     1.59644 5.69935e-05
         210     1.59657     1.59644 5.67254e-05
         211     1.59645     1.59644 5.64565e-05
         212     1.59651     1.59644 5.61912e-05
         213     1.59691     1.59645 5.59691e-05
         214     1.59653     1.59645 5.57089e-05
         215     1.59666     1.59645 5.54582e-05
         216     1.59661     1.59645 5.52066e-05
         217     1.59642     1.59645 5.49523e-05
         218     1.59631     1.59645 5.47041e-05
         219     1.59645     1.59645 5.44543e-05
         220     1.59672     1.59645 5.42207e-05
         221      1.5968     1.59645 5.39982e-05
         222     1.59688     1.59645 5.37889e-05
         223      1.5967     1.59645 5.35589e-05
         224     1.59676     1.59645 5.33379e-05
         225     1.59673     1.59646  5.3115e-05
         226     1.59649     1.59646 5.28801e-05
         227      1.5966     1.59646  5.2651e-05
         228      1.5967     1.59646 5.24305e-05
         229     1.59673     1.59646 5.22154e-05
         230     1.59696     1.59646 5.20334e-05
         231     1.59688     1.59646 5.18398e-05
         232     1.59655     1.59646 5.16179e-05
         233     1.59688     1.59647 5.14272e-05
         234     1.59643     1.59647 5.12076e-05
         235     1.59699     1.59647 5.10393e-05
         236     1.59664     1.59647 5.08283e-05
         237     1.59664     1.59647  5.0619e-05
         238     1.59676     1.59647 5.04209e-05
         239     1.59666     1.59647 5.02165e-05
         240     1.59667     1.59647 5.00143e-05
         241     1.59644     1.59647 4.98069e-05
         242      1.5969     1.59647 4.96319e-05
         243     1.59683     1.59647 4.94489e-05
         244     1.59685     1.59648 4.92699e-05
         245     1.59661     1.59648 4.90717e-05
         246      1.5966     1.59648 4.88748e-05
         247     1.59664     1.59648 4.86812e-05
         248     1.59658     1.59648 4.84868e-05
         249     1.59688     1.59648 4.83187e-05
         250     1.59701     1.59648 4.81723e-05
